8.799806785664950892e-01 -5.186872941604064868e-01 -1.331928207991635471e+00 1.220051095626690341e+00 5.419334713711281282e-01 -9.885580365253484603e-01 2.249256959766707531e-01
-1.725631009949371297e-01 4.015890721731283919e-01 -2.501913524999602068e+00 1.882141102185726833e+00 8.789460267746598277e-01 1.398184278564650640e+01 -6.624812381251341975e+00
1.070220805598077085e+00 -7.397479256887856680e-01 1.010195036069919450e+00 1.194868627582669429e+00 -2.968266764375323552e-01 1.176800351235216979e+00 -1.123120588660269759e+00
1.164602054371040918e+00 -1.979741750049624605e+00 1.075604798654160366e+00 -9.467740181818253831e+00 2.245627178364141940e+00 -2.561991120938862920e+01 1.493171000670945148e+01
-1.552748179912951665e-01 1.020761771233134052e+00 6.569887891310896011e-01 -7.878711376058767257e+00 -2.892227555315387555e-01 -2.232456957669830544e+01 1.248955097534093461e+01
-2.120744047903281304e-01 6.920024122957981749e-01 1.252185817079159325e+00 -3.458365122278140191e+00 -6.384750256912975486e-01 -1.125569794153330250e+01 5.858060967898721216e+00
-1.151247459579164856e+00 8.455445076889378520e-01 -2.335141676017473245e+00 1.201881782658722475e+00 -1.847358625089233541e+00 2.628386900386755709e+00 -1.683585182995642082e+00
-1.035428906742407174e+00 1.204107015416569171e+00 -1.204657048029797561e+00 1.946070404469450565e+00 -2.073615913499539332e+00 7.466087495642717009e+00 -5.319306838396979487e+00
8.053452825282111371e-01 -1.277876392740487699e+00 -5.829613764971289802e-01 1.797876362205847567e+00 -4.403497836468031612e-01 -9.380462496298072494e+00 1.931712581877302881e+00
1.236070151229414354e-01 -1.260205172904214299e+00 1.351069804454902712e-01 -4.302229215006228458e+00 2.205849111796834572e-01 -9.715736213953318767e+00 5.502708439088648262e+00
-1.398001692938790841e+00 4.035977269681300661e-01 -5.688014647216614872e-01 1.479847722419250999e+00 -5.052352275777042268e-01 1.237090766776782225e+01 -6.257592588947567869e+00
-2.562524460552360495e+00 2.447753610553570880e+00 2.122022080294114765e+00 -2.464329107323012913e+00 -1.169862201610109897e+00 2.002079274923132246e+01 -8.181219596820556106e+00
-2.153928541479230990e-02 -2.112801523046551611e-01 9.629391157034046245e-01 1.484732107844155991e+00 4.960059647603360378e-01 -6.180306714170005655e+00 1.378114971142669232e+00
-4.944225755262677269e-01 7.970029863621520549e-01 -1.058793831495764559e+00 2.118074954601716797e+00 -3.908158742407698005e-01 -7.419573256021309016e-01 -8.873956142591579166e-01
7.389111565949322280e-01 -3.365924072112460030e-01 -1.342156623720097974e-01 4.742171742104198451e+00 3.228820306708326537e-01 4.116084656476884263e+00 -4.220873317286503834e+00
-1.093528000374472731e+00 1.520606180971053378e+00 -8.634957742402261660e-01 5.171191799894406138e+00 -1.458719121567982058e-01 1.242159707622404596e+01 -6.786515314943122767e+00
-3.537695459139819643e-01 6.462262813717288834e-01 7.486559464888543625e-01 3.577385320017258397e-01 -2.312281703993788462e-01 1.834105373666476879e+01 -6.022664799093934818e+00
2.073518308651532749e+00 -1.684353694507011001e+00 -1.281246935838299184e+00 7.955521408076385859e-01 8.323903628767364005e-01 6.922884196292915515e-01 1.498097450356253024e-01
1.672081421253174938e+00 -1.467278787070592561e+00 -1.276446125990150782e-01 3.733510291936759651e-01 1.865855336135103126e+00 -5.872503023129348243e+00 2.861799223159902983e+00
2.561841261701014796e-02 -5.481736429654954224e-01 -1.312454168122310083e-01 -1.790299705294014609e+00 8.093467540672291127e-01 -3.980463472951940584e+00 1.159433928180796602e+00
