1252    0.0284790992737
1197    0.067773103714
1198    0.104111909866
1189    0.155560970306
1212    0.188724040985
1196    0.216728925705
1190    0.24991106987
1214    0.285835027695
1226    0.314507007599
1215    0.349839925766
1226    0.380108118057
1232    0.415467977524
1211    0.450628995895
1244    0.486083030701
1247    0.513591051102
1226    0.543015956879
1279    0.57933306694
1226    0.62370800972
1240    0.662524938583
1242    0.694098949432
1243    0.723226070404
1244    0.757292985916
1297    0.799866914749
1228    0.844156980515
1263    0.882321119308
1279    0.928860902786
1227    0.967039108276
1314    0.998902082443
1246    1.04293894768
1272    1.08186292648
1279    1.12576603889
1279    1.15068101883
1227    1.18447399139
1278    1.23865604401
1265    1.26831507683
1262    1.29818105698
1259    1.33225011826
1299    1.37230110168
1265    1.40582895279
1242    1.46962404251
1242    1.5051240921
1204    1.51215410233
1214    1.55276894569
0    1.58725500107
1181    1.59575891495
1222    1.62363791466
0    1.66226196289
1193    1.67069911957
1188    1.7099339962
0    1.73649311066
1209    1.74227499962
1198    1.7734940052
0    1.81182909012
1178    1.82053589821
1164    1.86094212532
1161    1.89967703819
1144    1.93316292763
1111    1.96735692024
1091    2.01119494438
1059    2.03700995445
1079    2.06822705269
1077    2.10981297493
1048    2.15440392494
1050    2.19831895828
990    2.23230910301
945    2.28048706055
837    2.31322598457
828    2.33680891991
822    2.37039208412
802    2.40902590752
769    2.44261312485
713    2.48609304428
681    2.52361798286
719    2.55392694473
665    2.59768295288
683    2.63618612289
733    2.66864490509
700    2.7119269371
679    2.75603699684
719    2.79509997368
700    2.83922100067
698    2.87595295906
736    2.91971611977
788    2.96296095848
736    2.98705101013
728    3.0212290287
728    3.05059409142
714    3.08483505249
680    3.11460900307
753    3.14904594421
753    3.17822003365
769    3.20757603645
702    3.24114608765
763    3.2705309391
739    3.29709291458
737    3.33525300026
750    3.37355995178
733    3.41573810577
767    3.46156001091
771    3.49402499199
767    3.52847790718
749    3.55826592445
747    3.58731198311
783    3.61977410316
790    3.6569750309
791    3.68928694725
785    3.72156906128
765    3.75396203995
822    3.79791712761
766    3.83699297905
782    3.88097596169
804    3.92404508591
805    3.96314907074
806    4.00226593018
804    4.02979803085
797    4.06383490562
819    4.10722112656
802    4.14984798431
802    4.19432997704
860    4.23002004623
856    4.25993299484
836    4.30379605293
822    4.32935404778
857    4.36239910126
890    4.39155602455
896    4.43565607071
949    4.46157693863
894    4.49790000916
891    4.52754712105
888    4.56121706963
909    4.6117079258
890    4.65583705902
893    4.6946079731
913    4.73892498016
905    4.77784895897
911    4.82154393196
919    4.85868310928
978    4.8907430172
947    4.9210729599
945    4.95313501358
948    5.01041698456
960    5.04705500603
973    5.07927107811
973    5.13686609268
988    5.17874598503
962    5.21760296822
958    5.26173496246
991    5.29969906807
1023    5.33064389229
971    5.38548398018
994    5.4230298996
975    5.45067191124
1011    5.48339009285
1023    5.51603198051
991    5.54378509521
1023    5.58764791489
1013    5.618475914
1009    5.65080094337
1013    5.68315696716
1023    5.71468091011
1023    5.74903202057
1023    5.78802800179
1009    5.81828093529
1023    5.8585460186
1062    5.89380812645
1023    5.93125891685
1023    5.96375894547
1098    5.99487900734
1055    6.0245950222
1023    6.05865192413
1023    6.09190011024
1058    6.13546204567
1131    6.18280601501
1079    6.21709299088
1077    6.24602508545
1075    6.28026509285
1084    6.3138449192
1080    6.34267401695
1076    6.37421989441
1135    6.40636706352
1079    6.43803596497
1073    6.48448395729
1078    6.52975893021
1076    6.55529093742
1076    6.58417510986
1082    6.62193989754
1076    6.65004301071
1076    6.68270111084
1166    6.72658610344
1093    6.76533794403
1094    6.80785703659
1094    6.85149598122
1081    6.89039492607
1083    6.93938112259
1161    6.9831840992
1094    7.02178311348
1077    7.05581307411
1083    7.09142804146
1080    7.12916302681
1113    7.16847991943
1079    7.21175098419
1134    7.25573706627
1077    7.29356098175
1128    7.3210580349
1061    7.36306905746
1096    7.40514993668
1023    7.44409990311
1023    7.48748803139
1060    7.51297593117
1023    7.54630112648
1011    7.58324503899
1009    7.62016797066
1011    7.66791009903
993    7.70019102097
998    7.74153494835
995    7.78048110008
1023    7.82379102707
1022    7.86106801033
1009    7.90432500839
1003    7.93494200706
973    7.97885489464
957    8.01763796806
956    8.06491494179
941    8.10237407684
902    8.14593195915
942    8.17212700844
891    8.22570109367
893    8.26340794563
872    8.2944009304
874    8.32541704178
828    8.35645890236
895    8.38756895065
891    8.41931605339
860    8.46651792526
906    8.50349712372
860    8.5294508934
805    8.5628490448
826    8.6018819809
804    8.64099502563
733    8.68421006203
734    8.72619605064
860    8.76005196571
734    8.79884600639
766    8.84281492233
752    8.88251399994
819    8.92620897293
751    8.96467590332
767    9.00865507126
806    9.05184006691
802    9.0905148983
897    9.12496399879
947    9.15477108955
939    9.18386006355
908    9.21747398376
960    9.2514090538
857    9.28155708313
959    9.32478809357
921    9.3639190197
939    9.40748691559
974    9.44954800606
989    9.48558998108
1016    9.5217499733
958    9.5813190937
989    9.60992693901
977    9.64555811882
995    9.68386507034
974    9.71310997009
1001    9.75477790833
959    9.79085493088
940    9.82720899582
941    9.85978007317
965    9.89070391655
962    9.93106198311
1065    9.95646500587
952    9.98845505714
975    10.0214600563
989    10.0655109882
919    10.1044900417
927    10.1499481201
944    10.1923229694
935    10.2266480923
1009    10.2609860897
942    10.2871990204
975    10.3493449688
1023    10.3824980259
956    10.4214949608
974    10.4658811092
990    10.5053501129
973    10.5483570099
1011    10.5923120975
994    10.6298069954
1012    10.6677629948
995    10.7004480362
993    10.7397270203
993    10.7682819366
1012    10.804929018
991    10.8483929634
1007    10.8873910904
990    10.9315259457
992    10.9697949886
1023    11.0076599121
1023    11.0412650108
1023    11.0876150131
1019    11.1165809631
1096    11.1555559635
1023    11.184789896
1023    11.2286510468
1023    11.2674219608
1109    11.3063380718
1023    11.3382709026
1111    11.3816769123
1023    11.4251019955
1076    11.464302063
1023    11.50780797
1082    11.5515720844
1079    11.5936141014
1079    11.6330199242
1062    11.6760239601
1065    11.7134339809
1075    11.7573609352
1093    11.8014390469
1146    11.8394150734
1096    11.8705220222
1115    11.9090199471
1080    11.9445500374
1093    11.9782180786
1115    12.0175249577
1097    12.0606789589
1095    12.1041219234
1114    12.1302850246
1116    12.1626279354
1125    12.1917738914
1105    12.2253859043
1112    12.2587571144
1145    12.2906639576
1114    12.3292970657
1147    12.3680040836
1131    12.3966300488
1127    12.4302039146
1162    12.4589600563
1160    12.4926149845
1143    12.5212349892
1135    12.5548810959
1132    12.5885169506
1220    12.6122310162
1189    12.6509749889
1158    12.6947999001
1188    12.7335710526
1230    12.762321949
1179    12.8011200428
1174    12.8399140835
1182    12.8638339043
1196    12.8977019787
1233    12.9311459064
1196    12.9745819569
1199    13.0137929916
1178    13.0420100689
1211    13.0858099461
1243    13.1282551289
1244    13.1723520756
1245    13.2059700489
1244    13.2394211292
1209    13.283354044
1240    13.3207530975
1210    13.3644039631
1263    13.3952209949
1242    13.4394669533
1229    13.4785270691
1231    13.5202639103
1276    13.5545210838
1261    13.5866589546
1255    13.6195011139
1271    13.6629889011
1262    13.7071650028
1247    13.7413771152
1237    13.7695269585
1260    13.8052680492
1248    13.849075079
1277    13.9025309086
1214    13.9354259968
1209    13.974462986
1222    14.0075941086
1277    14.0398890972
1243    14.072122097
1225    14.1047561169
1253    14.1388571262
1267    14.1764221191
1229    14.2101171017
1179    14.254087925
1191    14.2914021015
1166    14.3261599541
1160    14.3651890755
1146    14.4090909958
1114    14.4472000599
1166    14.476295948
1161    14.5148770809
1134    14.5528829098
1127    14.5966970921
1097    14.6402239799
1079    14.6947369576
1023    14.7273778915
1070    14.7610850334
1075    14.7884290218
1048    14.8358159065
1023    14.8746800423
993    14.912473917
936    14.9561009407
911    14.9832448959
981    15.020209074
1020    15.0616359711
978    15.0956280231
961    15.1242790222
1013    15.1616411209
1012    15.1996059418
992    15.2312829494
1075    15.2754189968
1023    15.3147740364
1095    15.3585529327
1023    15.3997459412
1009    15.4411189556
1023    15.480257988
1023    15.5242800713
1023    15.5634438992
1075    15.6072170734
1010    15.6487250328
1009    15.6876308918
1023    15.7310469151
996    15.7593579292
1023    15.8028819561
1004    15.8468940258
1009    15.8810019493
1013    15.914949894
1023    15.9491910934
1023    15.9801790714
1023    16.0114591122
1009    16.0427360535
1023    16.0739629269
1013    16.1052520275
1059    16.1464409828
1048    16.1774260998
1023    16.2085740566
1080    16.2348790169
1023    16.2664370537
1023    16.2979459763
1049    16.3289511204
1023    16.3599789143
1023    16.3911221027
1023    16.4225130081
1047    16.4534249306
1083    16.4842839241
1078    16.5203030109
1078    16.5566420555
1074    16.585132122
1023    16.6179459095
1133    16.6470661163
1054    16.6808030605
1063    16.7085330486
1061    16.7422380447
1132    16.7765200138
1073    16.8154931068
1072    16.8746731281
1072    16.9139370918
1075    16.9225950241
1133    16.9608850479
1072    16.9727480412
1095    16.9963059425
0    17.0352420807
1094    17.0410499573
1083    17.0587890148
1083    17.111107111
1171    17.1465239525
1105    17.1756980419
1113    17.2094779015
1128    17.2485339642
1108    17.2967159748
1118    17.3399610519
1199    17.3787679672
1125    17.4123630524
1150    17.4482591152
1149    17.4792261124
1132    17.5098490715
1149    17.5409619808
1163    17.5721919537
1143    17.6157450676
1160    17.6495950222
1159    17.6843879223
1161    17.7181200981
1180    17.7469639778
1179    17.8056828976
1179    17.8381390572
1167    17.8707389832
1158    17.8982651234
1171    17.9307219982
1163    17.9582130909
1210    17.9907319546
1201    18.0282270908
