992    0.0382499694824
991    0.0759098529816
1012    0.107977867126
995    0.138794898987
991    0.182075023651
1023    0.22557592392
1023    0.268616914749
1077    0.296211004257
1020    0.340526819229
1009    0.372519016266
1002    0.415663957596
1023    0.443608999252
1023    0.474462032318
1023    0.508349895477
1023    0.539071798325
1023    0.570252895355
1023    0.613523960114
1023    0.649220943451
1023    0.682407855988
1023    0.725842952728
1055    0.768878936768
1063    0.809583902359
1023    0.835225820541
1023    0.868321895599
1023    0.896065950394
1023    0.929347991943
1023    0.962113857269
1023    0.99418592453
1093    1.03723502159
1054    1.07975292206
1064    1.11810803413
1023    1.14603900909
1023    1.17900395393
1023    1.21704387665
1023    1.24994587898
1023    1.2823369503
1023    1.30974888802
1110    1.34697198868
1023    1.37397480011
1058    1.40101289749
1023    1.43846893311
1023    1.46578598022
1023    1.49811601639
1023    1.53053188324
1077    1.56296801567
1023    1.60538387299
1006    1.64473390579
1008    1.67779803276
1023    1.71087098122
996    1.74883794785
1023    1.77675795555
1023    1.80973482132
988    1.83774089813
993    1.8707048893
979    1.89870500565
975    1.93183088303
972    1.96482586861
974    2.0078098774
974    2.03585886955
956    2.06894683838
956    2.11195993423
908    2.13990187645
924    2.17279195786
913    2.19549202919
903    2.23827385902
921    2.27134299278
859    2.30939388275
840    2.33719992638
799    2.36986994743
849    2.40784287453
767    2.43562793732
767    2.46335601807
788    2.49639487267
666    2.52940702438
617    2.55724596977
582    2.58981394768
580    2.62243700027
598    2.65006279945
644    2.68279099464
511    2.71575284004
511    2.74368786812
509    2.77161097527
511    2.80454397202
543    2.84285998344
507    2.8857858181
543    2.92810988426
615    2.95390486717
563    2.98998594284
543    3.02832889557
596    3.05909991264
602    3.09032797813
600    3.12266898155
581    3.16562700272
617    3.20409202576
632    3.23753786087
634    3.28091692924
651    3.31162881851
631    3.3540828228
613    3.38304901123
666    3.41394591331
646    3.44710683823
617    3.48281383514
581    3.52352285385
637    3.55435991287
667    3.59772801399
617    3.63602280617
630    3.67921280861
613    3.72204995155
651    3.76413583755
627    3.80252790451
699    3.84072184563
695    3.8738079071
633    3.90974092484
631    3.95715880394
668    3.99567890167
630    4.03775501251
681    4.07589888573
665    4.1062579155
628    4.13476395607
668    4.16870880127
684    4.21652293205
650    4.25735902786
686    4.28081488609
682    4.31428194046
664    4.35276985168
699    4.38156700134
699    4.4247379303
679    4.4556748867
701    4.49624586105
700    4.5270550251
721    4.55953001976
733    4.59769082069
738    4.63269495964
719    4.659542799
713    4.70117688179
735    4.73707389832
717    4.77914381027
772    4.8219230175
767    4.86462783813
733    4.89230895042
729    4.92495799065
767    4.95267701149
751    4.98533082008
770    5.01301884651
763    5.050812006
784    5.07866501808
785    5.10684585571
803    5.15031695366
802    5.19321084023
782    5.23166489601
820    5.27507996559
798    5.31328296661
802    5.34507489204
825    5.37636995316
839    5.41975784302
799    5.4633038044
824    5.50851798058
821    5.54209280014
822    5.58153891563
841    5.61980485916
840    5.66280889511
825    5.69403195381
836    5.75892591476
836    5.79131889343
861    5.79651999474
860    5.83924198151
0    5.87108802795
852    5.87879085541
843    5.9079208374
0    5.95086789131
880    5.95751786232
897    5.98848485947
0    6.02023386955
875    6.02896595001
875    6.04770898819
0    6.09138703346
894    6.13646292686
884    6.13870787621
889    6.1607298851
0    6.19915699959
875    6.20250582695
873    6.23558497429
0    6.26907801628
871    6.27292394638
910    6.31100487709
0    6.34509682655
876    6.34895396233
910    6.38270998001
0    6.41680383682
894    6.42568898201
875    6.45445680618
0    6.49353098869
904    6.49733090401
963    6.52095794678
906    6.5601079464
910    6.59431195259
940    6.62854790688
889    6.65279698372
885    6.69733691216
887    6.72140192986
897    6.75563883781
893    6.78351092339
891    6.81822299957
927    6.84555888176
907    6.8744199276
891    6.907984972
910    6.9368159771
907    6.98498392105
913    7.02829694748
877    7.07154083252
925    7.100055933
876    7.13321399689
875    7.17668390274
843    7.20507383347
838    7.24858689308
871    7.28173780441
873    7.31002998352
859    7.35811281204
831    7.40128898621
823    7.44447994232
888    7.4726729393
785    7.50587201118
824    7.53445196152
770    7.56789302826
823    7.60661482811
785    7.6398639679
807    7.68296003342
790    7.71184301376
783    7.73983383179
783    7.77397894859
749    7.8085308075
765    7.84666490555
767    7.89037489891
814    7.92898201942
752    7.97713303566
751    8.01967382431
765    8.05150794983
737    8.08757591248
718    8.12579488754
683    8.15317082405
700    8.18676781654
647    8.21453094482
651    8.24998688698
668    8.28693294525
648    8.32030081749
629    8.3586499691
609    8.39128303528
600    8.44597697258
596    8.47837400436
560    8.50641798973
631    8.56033301353
511    8.58819103241
510    8.62174797058
509    8.66565990448
457    8.70869994164
508    8.74682188034
509    8.7936630249
511    8.83722782135
511    8.88046193123
509    8.91857385635
495    8.95369982719
494    8.98374795914
511    9.0269370079
511    9.06987786293
549    9.1070868969
550    9.13918590546
549    9.16973590851
510    9.19970703125
564    9.23996686935
594    9.27818894386
562    9.30892896652
598    9.35486197472
614    9.392141819
639    9.43532180786
611    9.47865486145
664    9.51472187042
612    9.54834699631
632    9.57868695259
647    9.62165999413
683    9.66477203369
664    9.69795203209
660    9.73190784454
665    9.76860284805
701    9.81166887283
733    9.85020279884
699    9.89315891266
681    9.9322309494
665    9.97063684464
715    10.019097805
681    10.0625228882
649    10.1007838249
646    10.1318340302
646    10.175167799
665    10.2186348438
702    10.2569990158
701    10.2842450142
716    10.3174498081
715    10.3456809521
736    10.3829948902
749    10.4216198921
799    10.4498598576
738    10.4982759953
767    10.5315909386
719    10.5698997974
719    10.6086318493
753    10.6519949436
749    10.6947958469
767    10.7278618813
763    10.7611730099
752    10.7930159569
748    10.8208220005
781    10.8627738953
799    10.89376688
818    10.9307630062
803    10.9829099178
762    11.0254409313
824    11.068805933
804    11.0946500301
799    11.1279788017
821    11.161206007
799    11.2048158646
824    11.2430489063
783    11.2863509655
820    11.3249218464
821    11.3534638882
837    11.4006428719
857    11.4392848015
822    11.466673851
511    11.5013029575
338    11.5317158699
408    11.5622639656
455    11.5935189724
403    11.6347088814
335    11.6666109562
353    11.700553894
369    11.7414968014
388    11.7849578857
406    11.8283119202
401    11.8765909672
511    11.9198579788
634    11.957253933
791    11.9893670082
779    12.0174369812
942    12.0509870052
995    12.0828118324
1023    12.1115469933
1023    12.153719902
993    12.1919519901
1023    12.2260849476
978    12.2705638409
992    12.3027648926
978    12.3445949554
955    12.3828129768
978    12.4207599163
965    12.4510719776
963    12.4832108021
1023    12.5266909599
970    12.5647809505
977    12.6083099842
995    12.6515920162
975    12.6896619797
977    12.721077919
973    12.7548048496
973    12.7816829681
958    12.8145058155
969    12.8578579426
989    12.9012858868
1009    12.9439418316
960    12.9783558846
1011    13.0092289448
969    13.0656278133
995    13.1047458649
995    13.1337828636
1023    13.168653965
1012    13.1953158379
1021    13.2270109653
998    13.2587709427
1023    13.2903859615
1079    13.3222470284
1010    13.3540859222
1008    13.3974599838
1023    13.4414730072
1087    13.4795908928
1023    13.5113580227
1009    13.5548229218
1072    13.5928518772
1009    13.627617836
1023    13.6657009125
1023    13.6974740028
1023    13.728361845
1023    13.7615668774
1014    13.805054903
1023    13.8410580158
1023    13.8767910004
1023    13.9099500179
1023    13.9431018829
992    13.9794168472
975    14.022742033
974    14.0498168468
990    14.0832560062
971    14.1265308857
957    14.1693129539
922    14.2121288776
992    14.2542309761
942    14.2919859886
954    14.3202269077
894    14.3561007977
919    14.3988759518
908    14.4422338009
976    14.4806118011
958    14.5237488747
874    14.5495829582
892    14.5841948986
851    14.611577034
804    14.6452758312
787    14.6887550354
805    14.7271699905
786    14.7544050217
780    14.7900547981
783    14.82512784
818    14.8632588387
750    14.8911838531
732    14.924587965
700    14.9678719044
737    15.0104789734
685    15.0588819981
648    15.0972349644
665    15.1381678581
598    15.1810269356
614    15.2191159725
646    15.2548367977
650    15.2954809666
649    15.3264620304
639    15.369800806
680    15.3971729279
716    15.4388859272
702    15.4689188004
687    15.5005300045
739    15.5355129242
735    15.5623738766
717    15.5940668583
718    15.6258819103
733    15.6577169895
719    15.6893539429
768    15.7212469578
798    15.7645449638
766    15.803290844
804    15.8465080261
738    15.8771448135
737    15.9067368507
754    15.9424920082
780    15.9852058887
763    16.0283429623
771    16.0628788471
734    16.097687006
764    16.1491189003
769    16.1790959835
754    16.2119410038
750    16.2559950352
799    16.2930648327
766    16.3359878063
788    16.3675849438
762    16.3977768421
750    16.4295418262
816    16.4729018211
816    16.5210158825
820    16.5626118183
851    16.5902869701
844    16.6259918213
799    16.6686468124
849    16.707253933
819    16.7509670258
824    16.7895059586
835    16.8174309731
839    16.857198
825    16.8893508911
829    16.9296000004
892    16.9683339596
872    17.0170629025
857    17.0502669811
856    17.0868878365
841    17.1251709461
874    17.168380022
874    17.2116730213
875    17.2507679462
891    17.2959439754
889    17.3340849876
885    17.3746988773
971    17.4145288467
911    17.4442939758
961    17.4744288921
925    17.5028288364
909    17.5407860279
910    17.5827488899
908    17.6200418472
930    17.6522068977
925    17.6809449196
940    17.7238638401
944    17.762362957
941    17.7898600101
