978    0.0309820175171
973    0.0682339668274
992    0.0921950340271
1014    0.124310016632
1010    0.153146982193
1023    0.189201116562
979    0.230776071548
1009    0.269762992859
992    0.308098077774
1064    0.339559078217
990    0.38369011879
1006    0.425821065903
1023    0.472297906876
1023    0.506258964539
1008    0.535108089447
1023    0.56848192215
1008    0.597322940826
1061    0.640633106232
1023    0.679910898209
1105    0.709216117859
1048    0.752784967422
1023    0.789626121521
1023    0.823525905609
1062    0.852209091187
1063    0.889611005783
1023    0.927900075912
1023    0.971777915955
1023    0.998955965042
1059    1.04145503044
1064    1.06727910042
1083    1.12980890274
1081    1.16420412064
1076    1.20366501808
1055    1.23802900314
1061    1.2763209343
1062    1.31466293335
1023    1.34320998192
1023    1.37714505196
1062    1.42120409012
1023    1.46006989479
1023    1.49549293518
1013    1.52593612671
1008    1.55738806725
998    1.58904290199
992    1.63247203827
990    1.66282105446
1023    1.69820904732
990    1.73868393898
1008    1.77704811096
1013    1.80818605423
1023    1.85177397728
996    1.89299511909
959    1.93410301208
987    1.97100901604
992    2.00514912605
973    2.04745793343
978    2.08335399628
920    2.11733293533
937    2.15130209923
961    2.17539596558
911    2.19975996017
902    2.23416209221
872    2.27835798264
858    2.30467796326
824    2.33782792091
870    2.38192391396
850    2.40932106972
767    2.45835995674
737    2.49457502365
719    2.52666091919
666    2.55899596214
685    2.60294890404
631    2.65169095993
612    2.68896603584
581    2.73282003403
563    2.76916003227
564    2.80203104019
560    2.82986712456
583    2.86705803871
550    2.90848302841
595    2.95104312897
595    2.98863101006
549    3.03109693527
559    3.0749270916
543    3.11357092857
594    3.15663194656
565    3.19533705711
612    3.22468805313
582    3.25911998749
585    3.29251599312
636    3.31593489647
632    3.33953905106
634    3.37295007706
620    3.40632200241
635    3.4451611042
617    3.48885393143
661    3.52754497528
596    3.5725839138
631    3.59621810913
629    3.63497805595
632    3.67366409302
609    3.70241999626
632    3.73749899864
631    3.76359510422
699    3.80476808548
634    3.83088803291
635    3.86671090126
633    3.90493106842
616    3.93395090103
616    3.97301197052
665    4.01200604439
632    4.05482602119
684    4.09349298477
668    4.1249461174
631    4.16564702988
685    4.20360994339
648    4.23053407669
662    4.25994110107
683    4.29611206055
648    4.34119701385
648    4.37831807137
667    4.40955805779
702    4.43759989738
696    4.4707429409
733    4.50373291969
703    4.53199791908
700    4.57558894157
763    4.60962605476
733    4.64381289482
717    4.68285608292
751    4.72694301605
713    4.78117704391
734    4.82467508316
754    4.85599899292
732    4.88755702972
735    4.92011904716
753    4.95000600815
764    4.98337197304
770    5.02247810364
769    5.06708908081
750    5.10650992393
734    5.14003205299
770    5.17909598351
826    5.22195410728
785    5.26556491852
805    5.29097604752
805    5.32283711433
799    5.35533499718
839    5.39454293251
818    5.42819595337
854    5.45738101006
853    5.50345802307
891    5.53958511353
823    5.57067704201
858    5.60171890259
861    5.63696408272
861    5.66623997688
907    5.69789409637
871    5.74134206772
844    5.78503108025
907    5.82382702827
896    5.86246991158
890    5.89115190506
860    5.93491101265
855    5.97721505165
874    6.00556993484
907    6.03945112228
924    6.07824993134
893    6.10850310326
880    6.14436101913
878    6.18340206146
875    6.21302008629
876    6.24419593811
911    6.28324389458
857    6.33060312271
876    6.36360406876
891    6.40766596794
875    6.4516351223
896    6.48920512199
896    6.5205950737
885    6.55937004089
894    6.60410189629
893    6.63445901871
894    6.66465711594
920    6.70001411438
891    6.72529911995
895    6.76064109802
892    6.80099010468
897    6.83133792877
893    6.86164808273
907    6.89645910263
962    6.93157100677
895    6.96644091606
889    7.01190090179
909    7.04758501053
944    7.07792806625
889    7.11311006546
889    7.15339612961
875    7.18375301361
870    7.22911405563
873    7.26439499855
876    7.29967689514
846    7.34016489983
852    7.38549804688
822    7.42094898224
894    7.45147490501
829    7.48701810837
822    7.51235198975
841    7.55275011063
799    7.58805799484
822    7.61842989922
786    7.6488699913
790    7.68423700333
773    7.72483611107
790    7.75989294052
804    7.81579208374
771    7.85034108162
785    7.87964510918
773    7.91535210609
805    7.95962309837
733    7.99763607979
783    8.04135394096
763    8.08587002754
767    8.13985490799
736    8.16516900063
696    8.1975440979
703    8.22807598114
665    8.25568699837
663    8.28935098648
664    8.32301497459
666    8.35191607475
613    8.40059089661
614    8.43424797058
614    8.48288393021
639    8.51197099686
563    8.55063295364
647    8.58441901207
580    8.61690711975
530    8.64617609978
494    8.68416595459
494    8.72186398506
511    8.76493406296
479    8.80340099335
497    8.83746409416
495    8.87650799751
477    8.90558195114
477    8.94056200981
422    8.97934412956
492    9.02235198021
547    9.06131005287
561    9.10529494286
543    9.13269090652
511    9.1799800396
580    9.21256804466
561    9.24241495132
631    9.28159308434
610    9.31331396103
634    9.34502506256
619    9.37647604942
582    9.4209280014
629    9.46056509018
663    9.48974609375
664    9.5249350071
680    9.55866003036
646    9.59602999687
699    9.63062596321
699    9.66840291023
683    9.69795489311
667    9.73780012131
678    9.79063200951
647    9.82487106323
681    9.86586403847
663    9.91025590897
668    9.9471321106
703    9.99111294746
650    10.0299139023
648    10.0565099716
748    10.0897190571
683    10.1250789165
666    10.1511631012
688    10.1827600002
718    10.2110841274
719    10.2474410534
683    10.2864909172
701    10.3225131035
700    10.3587999344
714    10.4027719498
747    10.4419000149
764    10.4843299389
714    10.5282928944
717    10.5719840527
733    10.61364007
702    10.6519911289
769    10.6809079647
766    10.7135760784
733    10.742043972
751    10.7752070427
796    10.8213779926
729    10.8651340008
771    10.9039030075
798    10.9479470253
788    10.9865319729
785    11.028990984
787    11.0740699768
820    11.1079690456
826    11.1407320499
824    11.1794381142
783    11.2188239098
803    11.2609000206
827    11.3147130013
837    11.3534810543
843    11.3856201172
830    11.4164950848
825    11.4475779533
824    11.4908120632
841    11.5339391232
860    11.5729429722
858    11.6167559624
874    11.6557629108
874    11.7161319256
859    11.7489409447
872    11.7765820026
877    11.8102231026
875    11.8546319008
888    11.8977229595
940    11.9311299324
891    11.9603900909
894    11.9981729984
877    12.0294120312
877    12.0656919479
906    12.099091053
878    12.1429951191
957    12.1827878952
901    12.2220630646
920    12.2651860714
927    12.3092041016
921    12.3461620808
910    12.3894069195
921    12.4165039062
925    12.4489870071
936    12.492661953
942    12.5318078995
940    12.5756189823
961    12.617855072
946    12.6551439762
956    12.6979129314
941    12.7383239269
961    12.7689890862
981    12.8045871258
975    12.8402509689
961    12.8712038994
953    12.9139790535
1023    12.9403369427
989    12.9841380119
970    13.0228669643
1023    13.0667951107
993    13.1108329296
1007    13.1484050751
1023    13.1798810959
974    13.2127521038
1023    13.2565550804
994    13.2970809937
1023    13.325699091
992    13.3600521088
1022    13.3990929127
1009    13.431620121
1063    13.4754400253
1080    13.5066969395
1076    13.550194025
1023    13.5889511108
1023    13.6336131096
975    13.6764380932
1012    13.7129199505
990    13.7443249226
996    13.778801918
1063    13.8132269382
1007    13.8576021194
1013    13.8924789429
1009    13.9378569126
1006    13.9708340168
980    14.0032091141
978    14.034965992
976    14.0783939362
978    14.1223859787
959    14.1610939503
990    14.2050859928
910    14.2308731079
907    14.2643558979
913    14.3068211079
911    14.3338310719
874    14.3670749664
891    14.3945410252
874    14.4277501106
860    14.4702210426
857    14.5086050034
857    14.5523130894
871    14.5940999985
876    14.6329789162
835    14.6767430305
822    14.7154319286
851    14.7514550686
799    14.7857680321
766    14.8351280689
751    14.8846120834
736    14.9284920692
737    14.9590508938
732    14.9903099537
714    15.0342669487
717    15.0733370781
696    15.1044809818
647    15.1486449242
647    15.1876060963
648    15.2199409008
639    15.2641570568
632    15.3005299568
645    15.3367600441
664    15.3805549145
616    15.4170279503
597    15.4487979412
650    15.4796450138
714    15.5101640224
712    15.5529561043
681    15.5971341133
668    15.6227960587
753    15.6562049389
749    15.6949019432
755    15.7351760864
770    15.7653770447
766    15.7956390381
770    15.8309309483
751    15.8612020016
804    15.8914830685
738    15.926817894
735    15.9524350166
751    15.988312006
753    16.0323369503
749    16.0763790607
734    16.1196780205
753    16.1635808945
756    16.2002470493
767    16.2442519665
730    16.2718379498
770    16.3155629635
756    16.3468871117
745    16.3757960796
765    16.4091451168
763    16.442248106
783    16.4803318977
783    16.5224409103
815    16.5512809753
782    16.5858099461
765    16.630012989
765    16.6725358963
799    16.711892128
785    16.7549059391
824    16.7990000248
825    16.8533489704
804    16.8922688961
804    16.9416749477
839    16.9759829044
904    17.0136210918
853    17.0424950123
829    17.0762829781
823    17.1084389687
855    17.1394739151
902    17.1685760021
858    17.2122731209
894    17.2386879921
893    17.2725539207
889    17.3163199425
880    17.3416650295
877    17.3713359833
910    17.4083709717
892    17.4452528954
890    17.4762089252
888    17.5055820942
893    17.5402200222
896    17.5887041092
927    17.6275229454
947    17.6575629711
909    17.7011380196
927    17.7454741001
957    17.7792110443
927    17.8112270832
943    17.845056057
941    17.8721530437
923    17.904458046
959    17.9371490479
948    17.9727540016
965    18.0086269379
