1003    0.0428321361542
975    0.0866370201111
974    0.123406171799
994    0.155003070831
972    0.189489126205
991    0.213869094849
1010    0.256680965424
985    0.295518159866
988    0.32425904274
994    0.362272024155
995    0.387807130814
991    0.42173910141
1004    0.455857992172
1005    0.493957996368
1013    0.530433177948
1009    0.568645000458
1008    0.607725143433
1023    0.649765968323
1023    0.692414999008
1023    0.73002409935
1008    0.762850046158
1023    0.806893110275
1023    0.833605051041
1023    0.877735137939
1023    0.904730081558
1048    0.942623138428
1023    0.987501144409
1023    1.01970505714
1048    1.05572509766
1023    1.08687400818
1023    1.12191009521
1023    1.15066814423
1059    1.17998313904
1048    1.21285295486
1048    1.24224615097
1023    1.27819609642
1023    1.30857205391
1023    1.34033298492
1092    1.38408207893
1023    1.40777397156
1023    1.44682407379
1048    1.49086618423
995    1.52743196487
1021    1.55945301056
994    1.60323309898
992    1.64173913002
1062    1.68660712242
975    1.72598218918
1011    1.78490900993
959    1.82400918007
947    1.86724710464
946    1.89151096344
957    1.92594099045
1023    1.96988415718
952    2.00707602501
925    2.04245996475
910    2.07289099693
910    2.10314106941
896    2.13846802711
876    2.17372202873
878    2.21393418312
826    2.25927996635
770    2.29954504967
790    2.3348300457
739    2.37012314796
705    2.40034008026
696    2.43065595627
663    2.46586418152
650    2.49630618095
637    2.54159212112
581    2.57685303688
602    2.60762310028
548    2.63827514648
550    2.66875910759
548    2.70079612732
511    2.73853111267
511    2.77504515648
543    2.80067706108
476    2.83337712288
550    2.86468911171
564    2.90773415565
583    2.94282007217
582    2.97808218002
596    3.010212183
580    3.05396699905
629    3.09795212746
582    3.13174414635
579    3.16439318657
595    3.2169470787
616    3.24894404411
612    3.29023504257
630    3.3177921772
613    3.36217498779
598    3.40096902847
664    3.443983078
615    3.48736310005
599    3.52111697197
600    3.55482912064
596    3.59808707237
632    3.6404671669
616    3.6793949604
633    3.70820903778
630    3.74349617958
631    3.78187417984
639    3.81331110001
630    3.85593414307
630    3.88551211357
613    3.92972207069
650    3.9735250473
646    4.01081895828
631    4.05448698997
647    4.08824014664
664    4.12785601616
665    4.16578102112
669    4.19824814796
660    4.24137496948
650    4.27232718468
649    4.31345510483
683    4.35955095291
679    4.40074300766
685    4.42695498466
698    4.45812606812
683    4.49340701103
688    4.51985406876
701    4.56401896477
701    4.60800409317
714    4.64667201042
734    4.67928218842
719    4.72309303284
722    4.76438212395
716    4.80680418015
735    4.84610509872
715    4.89017605782
748    4.92629718781
750    4.95851612091
736    4.99101495743
737    5.01837897301
733    5.05609107018
767    5.09378409386
766    5.13774895668
803    5.17990803719
787    5.2073700428
785    5.23883509636
763    5.26809501648
799    5.30699205399
804    5.33300113678
799    5.36660408974
827    5.39326000214
818    5.42737317085
799    5.46685218811
796    5.49564313889
894    5.53973412514
823    5.57880401611
892    5.61751914024
842    5.64882516861
824    5.6924290657
840    5.73653006554
840    5.76994609833
857    5.80402708054
824    5.83279109001
880    5.86441302299
863    5.91318798065
859    5.94221806526
909    5.97870707512
924    6.00693511963
877    6.03761005402
873    6.06797003746
880    6.10367703438
859    6.14282608032
875    6.17213010788
927    6.22135710716
895    6.25866413116
876    6.30099415779
927    6.3280081749
922    6.36087918282
888    6.39379310608
876    6.42667913437
892    6.46471905708
869    6.50919413567
944    6.54826617241
939    6.59236311913
894    6.62645196915
871    6.65932297707
924    6.70316314697
891    6.74133515358
925    6.77455997467
908    6.80282115936
927    6.8360440731
925    6.87417197227
888    6.90740418434
941    6.94103813171
907    6.98034095764
891    7.02356314659
888    7.06984400749
875    7.11443805695
886    7.15346813202
868    7.19739413261
875    7.23651218414
873    7.26477909088
841    7.29438614845
838    7.32971715927
842    7.35989809036
840    7.41185116768
805    7.44589209557
802    7.49034309387
805    7.5292069912
822    7.57344007492
783    7.6117811203
767    7.65599417686
783    7.69457817078
762    7.73765301704
765    7.78152108192
822    7.81869101524
785    7.86410307884
735    7.88897895813
716    7.91435813904
717    7.94452118874
783    7.97975516319
719    8.01008009911
699    8.04499316216
682    8.06744909286
684    8.1102411747
633    8.15316104889
619    8.18844008446
602    8.21873116493
599    8.24899601936
613    8.28920102119
561    8.3245639801
564    8.34968304634
547    8.38470602036
599    8.41508507729
511    8.44521403313
511    8.48058009148
511    8.51070904732
460    8.5408270359
457    8.58614397049
406    8.61320710182
456    8.65088105202
457    8.68993210793
494    8.73304605484
461    8.76494312286
461    8.79736709595
424    8.83993506432
530    8.88413715363
511    8.92139410973
495    8.95379114151
493    8.98659896851
511    9.02904701233
511    9.06153297424
508    9.09384298325
543    9.12763118744
631    9.15158605576
581    9.18548417091
583    9.22113609314
582    9.25965809822
615    9.29574108124
615    9.33217096329
630    9.37626314163
632    9.4345831871
635    9.47090911865
616    9.50205111504
614    9.53474402428
668    9.58228611946
615    9.61894011497
702    9.64624905586
647    9.68380999565
633    9.7162771225
631    9.7553730011
649    9.79271817207
630    9.83569097519
630    9.87642717361
667    9.91986012459
670    9.95082902908
662    9.98409414291
663    10.0075149536
630    10.0309929848
633    10.0644500256
700    10.0935351849
716    10.1226379871
666    10.1601819992
735    10.1946151257
705    10.2240831852
694    10.2534341812
696    10.2928450108
702    10.3273169994
717    10.3617310524
697    10.3914041519
787    10.435270071
718    10.4842591286
734    10.5281431675
737    10.5586910248
732    10.6080350876
753    10.6416499615
749    10.67091012
732    10.7100691795
767    10.7479979992
802    10.7918469906
766    10.8301041126
766    10.8741500378
783    10.91715312
787    10.9557201862
786    10.9889400005
831    11.0327970982
770    11.0695340633
771    11.1010429859
765    11.1313710213
799    11.1616849899
783    11.1971390247
882    11.2275061607
802    11.2727870941
826    11.2981209755
825    11.3289899826
842    11.3694219589
803    11.3947811127
803    11.4302229881
843    11.4689950943
828    11.5010170937
843    11.5322201252
844    11.5682489872
799    11.6042439938
893    11.6354291439
857    11.6842260361
841    11.7233781815
841    11.767343998
926    11.8063559532
860    11.8503651619
888    11.8941040039
925    11.9309120178
895    11.9624350071
897    11.996407032
895    12.0357141495
912    12.0794761181
903    12.1184000969
885    12.162250042
907    12.2005810738
911    12.2278940678
960    12.2604711056
922    12.2935609818
919    12.3324580193
937    12.3621740341
885    12.3951380253
926    12.4374830723
939    12.479640007
956    12.5234851837
941    12.5675730705
944    12.606949091
940    12.6507701874
1010    12.6769881248
1023    12.7090501785
974    12.7517940998
969    12.8008849621
959    12.8398909569
959    12.8679571152
959    12.9018321037
973    12.9290640354
999    12.9635820389
999    12.9980921745
978    13.0349049568
975    13.064699173
991    13.0985369682
993    13.1388990879
992    13.1638159752
978    13.1988670826
999    13.2291061878
993    13.2738440037
998    13.30885005
1016    13.3439481258
1012    13.378909111
1008    13.4190001488
990    13.4540519714
992    13.4940371513
1011    13.5340139866
1023    13.5740849972
1011    13.6041061878
1023    13.639136076
1011    13.6641280651
1009    13.6992311478
1010    13.7442750931
993    13.7690501213
995    13.8041729927
1023    13.834239006
994    13.8642091751
990    13.9042010307
975    13.929169178
964    13.9645969868
960    13.9996051788
944    14.0345230103
943    14.0744819641
927    14.1094751358
911    14.1395571232
905    14.1746139526
893    14.2048549652
903    14.2343690395
927    14.2681481838
922    14.3020210266
842    14.3460490704
893    14.3836610317
876    14.4107861519
839    14.4550070763
838    14.4940049648
799    14.5257260799
837    14.558480978
769    14.5973091125
762    14.6229901314
787    14.6568021774
752    14.6852650642
751    14.7190899849
719    14.763051033
733    14.7903981209
666    14.822769165
755    14.8539819717
629    14.9022569656
614    14.9362010956
648    14.9646420479
639    15.0021221638
629    15.0300281048
616    15.0692460537
562    15.1081631184
581    15.1416320801
631    15.1713101864
630    15.2196111679
700    15.248237133
660    15.290872097
682    15.3180129528
701    15.3587670326
701    15.3845281601
751    15.4174990654
717    15.4457809925
681    15.4797971249
719    15.5163149834
699    15.5545129776
728    15.5972101688
713    15.6360759735
751    15.675191164
786    15.706510067
719    15.7450561523
719    15.7736420631
721    15.8172490597
818    15.8596701622
718    15.8890430927
719    15.9284231663
704    15.9644610882
753    16.0083351135
716    16.042509079
735    16.0715050697
732    16.1047911644
732    16.144657135
750    16.1869900227
730    16.214936018
818    16.2477240562
782    16.2914071083
787    16.3326079845
764    16.3745851517
787    16.4036250114
805    16.4375581741
789    16.4640991688
788    16.4995100498
857    16.5327889919
787    16.5676941872
803    16.6058311462
799    16.6346740723
824    16.6708021164
840    16.6968481541
844    16.7324991226
821    16.767729044
836    16.8030500412
838    16.8383431435
825    16.8786661625
879    16.9039809704
805    16.939316988
841    16.9696409702
860    16.9999630451
861    17.0302670002
910    17.0656151772
852    17.0961420536
858    17.1367340088
894    17.1719961166
872    17.2122080326
859    17.2575130463
889    17.2876861095
876    17.3179681301
877    17.3531889915
878    17.3835830688
892    17.4139549732
910    17.4443860054
889    17.4898500443
889    17.5250430107
947    17.5603289604
925    17.6007370949
926    17.6411130428
910    17.6662790775
913    17.7013680935
945    17.7313520908
940    17.766438961
943    17.7969200611
923    17.8406209946
925    17.8676409721
1012    17.9048411846
941    17.9435281754
939    17.9876141548
958    18.0320999622
