959    0.0366520881653
998    0.0710079669952
977    0.115352869034
994    0.160104990005
977    0.195927858353
1009    0.23933506012
1023    0.281085014343
1009    0.320185899734
1006    0.363970994949
992    0.403333902359
1009    0.447361946106
1009    0.476734876633
1007    0.505352973938
1015    0.542700052261
1012    0.59921002388
1023    0.637602090836
1008    0.666094064713
1023    0.700039863586
1023    0.744246959686
1023    0.780184984207
1023    0.816092014313
1008    0.857018947601
1009    0.890421867371
1023    0.931706905365
1023    0.975589036942
1023    1.01956987381
1023    1.04612708092
1062    1.07957196236
1023    1.11310601234
1023    1.13658499718
1023    1.17976689339
1023    1.21317887306
1023    1.25162005424
1023    1.28981304169
1023    1.33522701263
1023    1.36887788773
1023    1.40706706047
1023    1.43418693542
1023    1.46720099449
1023    1.52343988419
1023    1.55620503426
990    1.58864688873
1065    1.62082886696
995    1.65349602699
994    1.68395996094
994    1.71599507332
1023    1.74809288979
973    1.79189300537
954    1.83065605164
995    1.87433505058
974    1.9004740715
958    1.93441486359
939    1.96536302567
912    2.00220108032
925    2.04445195198
875    2.07867789268
893    2.12756705284
857    2.16161990166
824    2.190502882
825    2.22172689438
804    2.25785589218
767    2.28401589394
731    2.33301305771
697    2.36622190475
666    2.40048789978
737    2.45961403847
737    2.49430203438
594    2.50119185448
595    2.52986502647
0    2.5577340126
543    2.56298398972
473    2.60128593445
492    2.63504505157
474    2.66383600235
509    2.70262908936
511    2.73637104034
511    2.77048707008
511    2.80783700943
511    2.83715200424
563    2.87163591385
615    2.91609287262
614    2.94087100029
614    2.96987390518
563    3.0037009716
601    3.04020500183
600    3.07675385475
599    3.12087798119
615    3.16531085968
650    3.20909905434
629    3.24843192101
686    3.27728700638
632    3.30658102036
633    3.3406560421
627    3.36996889114
598    3.42254090309
615    3.46230006218
614    3.50009393692
601    3.53940105438
616    3.57182788849
614    3.59915304184
614    3.63301897049
648    3.66632390022
682    3.70519685745
648    3.73848009109
632    3.78218388557
651    3.82277488708
702    3.86171102524
639    3.90480399132
665    3.94588303566
718    3.98190689087
665    4.01403808594
646    4.04732894897
652    4.07585000992
669    4.10977196693
662    4.15351891518
697    4.18254089355
665    4.20960402489
667    4.24241900444
666    4.29364204407
699    4.32162690163
700    4.35553407669
668    4.38737988472
702    4.42167687416
686    4.46055293083
683    4.50428104401
753    4.54288196564
753    4.57244992256
719    4.62369608879
737    4.66662406921
750    4.70540189743
737    4.75283503532
737    4.78612399101
753    4.82285308838
769    4.8498339653
771    4.88113188744
767    4.90890192986
730    4.94237399101
825    4.97668385506
805    5.01652193069
783    5.05514001846
754    5.08696699142
805    5.11938285828
805    5.15146708488
783    5.19703602791
805    5.23502707481
826    5.27789497375
805    5.31698799133
827    5.35680294037
824    5.40844893456
799    5.45220398903
823    5.49138092995
826    5.52289605141
858    5.56675100327
841    5.60447597504
839    5.64172792435
838    5.68082499504
834    5.723072052
860    5.74861192703
894    5.78089189529
838    5.80944108963
837    5.85342407227
879    5.88115596771
875    5.91458296776
870    5.96387386322
874    6.01047086716
894    6.04878592491
860    6.07622289658
857    6.11931586266
873    6.15696191788
891    6.18007493019
891    6.20318889618
893    6.24144005775
909    6.29976701736
909    6.33342504501
889    6.33686590195
889    6.36037492752
0    6.39319992065
874    6.40597605705
860    6.43717694283
853    6.46345901489
890    6.48730802536
889    6.50209307671
894    6.52698302269
943    6.56261491776
888    6.57178807259
894    6.61202287674
0    6.65074801445
910    6.65771794319
918    6.69133996964
0    6.72366094589
925    6.73050498962
911    6.7681350708
0    6.80095887184
908    6.80807805061
892    6.8419380188
0    6.88603591919
906    6.89418005943
891    6.931828022
0    6.96594595909
910    6.97449994087
911    7.01120996475
876    7.03463101387
913    7.05120801926
910    7.06889891624
874    7.08560490608
0    7.1268889904
874    7.13451695442
877    7.16569495201
0    7.19976305962
874    7.20679187775
879    7.24911999702
0    7.29649496078
818    7.30348396301
827    7.32420706749
824    7.36624789238
855    7.40857386589
842    7.43474698067
807    7.47000098228
805    7.51377987862
805    7.55585289001
780    7.5949280262
764    7.62314295769
804    7.65737295151
799    7.69676494598
750    7.72603106499
767    7.75940108299
751    7.78862094879
734    7.82212591171
769    7.86444401741
734    7.89429402351
722    7.93931388855
722    7.96925497055
769    8.01070189476
651    8.04987692833
652    8.0932469368
612    8.13604402542
670    8.17206692696
602    8.20303606987
598    8.23695588112
581    8.28184986115
584    8.3155810833
580    8.34822392464
558    8.39218997955
511    8.43601202965
479    8.4722840786
477    8.50325989723
443    8.54715800285
494    8.57294893265
474    8.60668087006
457    8.64051008224
458    8.67923307419
457    8.72160005569
459    8.7596809864
440    8.79607892036
470    8.82834887505
509    8.87191987038
510    8.91080307961
543    8.95512199402
490    8.9943459034
511    9.03826999664
579    9.08209586143
580    9.12104606628
546    9.15975499153
617    9.19141888618
559    9.23474287987
614    9.27436685562
597    9.318338871
650    9.3558909893
667    9.40025687218
615    9.44755291939
750    9.49032092094
631    9.52329206467
627    9.56734704971
650    9.60628795624
649    9.64500308037
753    9.69332003593
628    9.73149704933
666    9.77534103394
683    9.81891202927
757    9.85364985466
647    9.8865070343
719    9.918861866
665    9.96277689934
683    10.0005068779
683    10.0333170891
683    10.076061964
699    10.1088650227
698    10.1416900158
698    10.1751029491
719    10.2143380642
700    10.2583320141
703    10.3018870354
702    10.3461790085
717    10.3801679611
728    10.4083859921
730    10.4421830177
722    10.482943058
753    10.5242390633
774    10.5505130291
754    10.5996010303
769    10.6386978626
751    10.6675870419
751    10.6996510029
785    10.7319779396
785    10.7643170357
782    10.7966160774
767    10.8288629055
752    10.8721659184
784    10.9112858772
782    10.9548099041
803    10.9961009026
823    11.0223019123
789    11.0585858822
804    11.1019289494
782    11.1409449577
890    11.1800289154
824    11.2239329815
823    11.2679889202
824    11.2940468788
825    11.3279149532
829    11.3648269176
828    11.4009609222
860    11.4450619221
877    11.4885098934
839    11.5227630138
824    11.5565869808
845    11.5877518654
837    11.631731987
863    11.6755099297
857    11.7139639854
880    11.7483930588
878    11.7742400169
861    11.8081989288
892    11.8513669968
907    11.8956360817
907    11.9346859455
891    11.978728056
927    12.0178730488
880    12.0617740154
923    12.1032700539
960    12.1473219395
941    12.186344862
908    12.2256019115
924    12.2530310154
944    12.2862479687
943    12.3195490837
926    12.3483159542
941    12.3922970295
942    12.4306900501
957    12.4541389942
939    12.4982838631
942    12.5316839218
959    12.555175066
959    12.5791709423
955    12.6130530834
936    12.6413290501
988    12.6745948792
961    12.7067360878
1011    12.7362699509
992    12.7754890919
977    12.814964056
996    12.8427960873
941    12.8787958622
989    12.9275360107
974    12.9662590027
1064    12.9964470863
991    13.0281770229
1009    13.0783259869
975    13.1128249168
991    13.1563808918
1009    13.2005200386
1023    13.2492668629
1010    13.2804100513
974    13.3243250847
994    13.3631379604
1023    13.3956530094
1060    13.4390828609
1005    13.4675309658
1009    13.5009579659
1008    13.5292599201
998    13.5632929802
1023    13.6058840752
1023    13.6438539028
1005    13.6794059277
990    13.7406909466
989    13.7696609497
995    13.8047840595
1009    13.8348720074
960    13.867251873
995    13.9113669395
935    13.9505050182
979    13.9946529865
874    14.0247769356
913    14.0500030518
908    14.1113688946
908    14.1452319622
889    14.1521859169
861    14.186136961
0    14.2263550758
857    14.2350099087
842    14.2699539661
856    14.3090889454
822    14.353096962
844    14.4023399353
825    14.445786953
770    14.4870250225
739    14.5116100311
735    14.5449578762
789    14.5875279903
713    14.6143190861
713    14.6465928555
771    14.6826150417
705    14.7098100185
700    14.7480900288
667    14.780009985
631    14.8243460655
630    14.8634989262
631    14.9074778557
631    14.9643199444
597    14.9699430466
564    15.0030219555
0    15.0414409637
615    15.0446438789
632    15.0777280331
0    15.1111998558
650    15.1144280434
649    15.1476330757
0    15.1865940094
668    15.1950938702
664    15.2204198837
661    15.2393109798
645    15.2605159283
719    15.299216032
719    15.3179750443
716    15.3439629078
716    15.3551709652
787    15.3769068718
0    15.4081630707
734    15.4150960445
719    15.4382379055
0    15.4718060493
718    15.4804990292
697    15.5112650394
0    15.5404269695
733    15.54865098
751    15.5768949986
0    15.6161580086
745    15.6254899502
751    15.6537818909
767    15.6911249161
721    15.7387170792
714    15.7476959229
734    15.7909100056
0    15.8301270008
752    15.8384320736
738    15.8874919415
735    15.894327879
767    15.9289090633
0    15.9679839611
732    15.9750008583
734    16.0167369843
0    16.0440330505
767    16.0555610657
753    16.0759670734
0    16.1101970673
820    16.1174149513
787    16.1556389332
737    16.1757879257
762    16.1960980892
789    16.2114160061
0    16.261729002
753    16.2666840553
808    16.3064379692
0    16.3364748955
767    16.3414678574
770    16.3724660873
0    16.4171779156
804    16.422577858
786    16.4514429569
805    16.4840390682
825    16.5378749371
854    16.5773589611
840    16.6189348698
838    16.6592428684
842    16.6982049942
840    16.7424528599
857    16.7814619541
799    16.8253030777
859    16.864440918
913    16.9083230495
856    16.9494068623
876    16.988503933
876    17.0321919918
860    17.0654768944
859    17.0936729908
923    17.1268889904
891    17.1550929546
891    17.1882579327
909    17.2164289951
903    17.2497179508
890    17.2829918861
961    17.311152935
941    17.354336977
919    17.3924908638
886    17.4206249714
892    17.4537940025
927    17.4869298935
924    17.5151638985
906    17.5483310223
905    17.576488018
