-2.199413321242838393e+00 -1.618994195924198909e+00 -5.206243776109358734e+00
-6.326696943584128596e-02 -1.942179545647057992e+01 -2.867196944413358484e+00
7.063549113777106703e-01 2.233653038600810437e+00 -7.605957540846876030e-01
1.117587109380488553e+00 2.104749677050305579e+01 7.198375650368731726e+00
-5.865234400098857659e-01 2.873358388179981304e+01 6.593886988052975795e+00
9.952800837098385589e-01 1.485313046298014683e+01 2.084620032963930836e+00
4.030630823990486444e-01 3.474020812502260025e+00 -3.403010274113318356e-01
1.184968839371736138e+00 -4.404651863495646857e+00 -6.366314105860385597e-01
-8.907378919361287339e-01 6.125157839258396741e+00 -7.738901662317621000e-01
-1.840633880344627160e+00 5.384161322026126406e+00 4.454271331445839976e+00
-1.610414127080976421e+00 -1.601089250606954550e+01 3.271801739011474641e+00
-3.085637808139184979e-01 -2.703822317312459589e+01 3.904366260610398598e+00
9.183741450493890790e-01 1.954319387210746939e+00 -2.473911584306741851e+00
-3.095141261555538481e-01 5.174594643283020545e+00 -2.369581233467980663e+00
-1.814182908595413535e+00 6.085373752370592193e+00 -3.048404131857236354e+00
1.110554617575681968e+00 -1.199220876717965112e+01 -2.268000278354469046e+00
1.396437659962729283e+00 -1.793221495461860115e+01 -2.969946641994416492e-01
-4.583877902243632674e-01 4.103629455369806611e-01 -3.026821284049953764e+00
-1.816764607316027513e+00 -2.500500981047180993e+00 -6.460871547364795964e-01
-5.861707188186120465e-01 6.643979458923277903e+00 5.529862992026070012e-01
