-1.119098861496163444e+00 2.514596366343591072e-02 -2.273875144768660039e+00 -6.950034154502335859e-01 -9.891402200266423694e-01 -1.151690092510861962e+00 -2.331171128876860621e+00
1.285892116935940077e+00 -1.023971234356585391e+01 -2.054249712375886716e+00 -1.449938776655770090e+00 -1.173565165021611678e+00 7.556130704252574048e+00 -1.734956997322660621e+00
-1.046213865055999115e+00 4.727018138535442615e-01 -2.202746164184691491e+00 -4.736738663199813182e-01 6.627350128201130453e-01 -2.336242522717035114e-02 4.054522333410598423e-01
-1.571128475608723152e+00 2.113728778350937887e+01 8.853599887770108978e+00 -2.735900551844636208e+00 1.511913463384068512e+00 -1.743873036778636987e+01 1.314146070274296418e+00
8.694381041951099176e-01 1.478568228451119637e+01 7.199017222338021327e+00 1.389373452417823840e+00 -1.836566614800218655e+00 -1.185332856146281877e+01 1.799711428311234762e+00
8.838311086558254814e-01 7.767714569164466454e+00 5.366517832755739903e+00 1.147345485233769224e+00 -6.628518678523828145e-01 -5.669819677498622923e+00 2.584581971534382738e+00
2.292481756020345873e+00 -1.526748183425935546e+00 -2.562112474897138448e+00 1.764446912559616276e+00 -2.711033197152819540e-01 1.031807909780580790e+00 -3.014416862884309989e+00
1.981856310343821370e+00 -4.977308175788741629e+00 -7.955654025201494006e-01 1.169023874363747550e+00 5.205971683049461785e-01 5.430819076085740882e+00 -1.049343121533768519e+00
-2.267897759842783856e+00 8.933150737639078187e+00 -1.985195579048141257e+00 -6.927207922795221018e-01 1.184362100038510279e+00 -7.031441450911687596e+00 -2.115340064947715870e+00
-1.032466731857168085e+00 8.978394006775154423e+00 4.011777237693567422e+00 -1.065214545838937044e+00 6.957844611630533693e-01 -8.847568788545938645e+00 -7.257902382850388578e-01
1.918052102155855601e-02 -9.681088966418686326e+00 -1.418333798868759432e+00 1.872000666497646737e+00 -1.022978551588352936e+00 7.601530760480629922e+00 -1.492094217444567272e-01
3.107327046090163858e+00 -1.745600100097387752e+01 3.330216112183079336e+00 2.021931314107929367e+00 -2.038787259843839905e+00 1.309488951014738412e+01 6.146231878981415875e+00
-1.359491765132210928e+00 6.131220409939693639e+00 -1.112706096155936741e+00 -3.108363350367837619e-01 8.562698662445370479e-01 -3.527724299059477264e+00 -1.440299040629761995e+00
6.613070606289767062e-01 4.750703612816986610e-01 -2.892212995925761199e+00 9.300930439001060535e-01 -3.224086852530592129e-01 -6.192312859427793192e-01 -1.074880815315030214e+00
-1.201533052190290496e+00 -2.917175216317329678e+00 -5.575497159179517936e+00 -5.261775219573147089e-01 1.557059229888189122e+00 2.545974484482322886e+00 -8.258862156046745673e-01
1.812111162330339198e+00 -1.000108484947374166e+01 -5.164281847276575022e+00 1.936949663133659127e+00 -1.769778564150756628e+00 1.009262142284185693e+01 -5.529525917539231950e-01
1.330522392112046148e+00 -1.500201083667581337e+01 4.306210998210341145e+00 5.279123991040449715e-01 2.052406942779860521e-01 1.226904675565730507e+01 3.560684053351388823e+00
-8.267327502723909038e-01 -2.199475702473003835e+00 -2.236572852902742881e+00 -1.322941817833622746e+00 1.918230071535811598e+00 2.283214168719262194e+00 -4.164881690781336410e+00
-2.858421187884111259e+00 3.682022071947791186e+00 -1.020224612193859182e+00 -2.422259437619303402e+00 2.196783344163815432e-01 -3.416220879025870349e+00 4.481578584171507784e-01
-1.026508811491497308e+00 3.791453915318205858e+00 1.126268742804772183e+00 -1.076126083906987940e+00 7.683453230617355301e-01 -1.707159872604515183e+00 -6.131671651414800639e-01
