1.855866683207398407e-02 4.039263898641243244e-02 -2.396014142879432374e-02 4.820135616555444591e-02 -1.936151098255743386e-01 -1.829942413422420144e-01 1.399227857415707432e-01
-1.849774937035252378e-02 -4.339656524223754752e-02 -2.162221130300127567e-02 1.734854168474000242e-03 -1.489402051151083872e-01 -1.237993151676154424e-01 1.432698159145369410e-01
1.061320789692504069e-01 1.017659616142367746e-01 -5.233360703433631057e-03 -1.192108827594564636e-02 -9.155038200233152346e-02 -1.121611347954511034e-01 -4.500770310878735025e-02
1.941594441421517006e-02 -8.207778435095376690e-02 7.629551755211964881e-02 -1.626183944538621765e-02 -6.385266455119838203e-02 -1.059234802310341089e-01 -3.408732624206302353e-02
2.342399765618723498e-02 3.494559575349534541e-02 -4.000767844490547842e-02 -4.740460694188910334e-02 -1.126792973429743966e-01 -1.797718499235055611e-02 -1.881733851485723613e-02
8.399410749797173170e-02 -4.901410065605192601e-02 -9.328188075799895285e-02 1.334278806759306713e-01 -9.021840469324635126e-02 1.881393956681076673e-02 1.833947875154927354e-01
9.862410939028319612e-02 8.454156398672179468e-03 1.382839649921130745e-02 9.215751123548057699e-02 -1.965829963219972720e-01 -9.891784430757795399e-02 2.295089504255444154e-02
1.643665555962189884e-01 7.153427491011106476e-02 -1.181965270341304129e-02 1.738781812876901214e-02 -2.038600792307325993e-01 -1.369856216650176990e-03 1.883689358218031129e-01
1.172755527182438029e-01 1.335623382046770974e-02 3.781207628639517843e-02 1.548343607074879891e-01 -2.557623869140587813e-01 -4.703902405483813970e-02 1.070299783800852389e-01
3.930133152355749782e-02 -1.043881657691621695e-01 -4.903416002205301938e-02 6.052905675096741100e-02 -1.044161163913694540e-01 1.683490815538743251e-03 4.500293630332952849e-02
-3.498435912925996344e-02 -2.843093184452975559e-03 -9.031315508367354639e-02 1.393969719386655981e-01 -3.044770893127111619e-02 -1.420178324944088299e-01 2.155873011844266704e-02
5.380011913379066646e-02 -5.805575103325100877e-02 2.844845543196137388e-02 1.672062204441732147e-02 -1.113863520538810742e-01 -2.634854349143688282e-02 9.648269728501622511e-02
1.209437738431301673e-01 1.787995426063307414e-02 4.242336605428220775e-02 -6.417124590509910853e-02 -1.568777178812787443e-01 -8.219829368806529091e-02 1.030721362391090884e-01
4.434140605643473870e-02 -6.470516610164681048e-02 6.001586895133766142e-02 1.353590355275808566e-01 -2.845701677100361329e-02 -9.278023203054718004e-02 6.418908884272825355e-02
8.145502205789754979e-02 7.342004805210636080e-03 -6.004827567920434372e-02 1.274404189802260945e-01 -1.379887065389404643e-01 9.312360818192816012e-04 9.196898933335201365e-02
1.080347121844315167e-01 1.061274545307494127e-01 -9.008002260549770324e-02 1.596270358226221375e-01 -1.323369921170317043e-01 -1.424520459788843896e-01 1.633317799503433143e-01
1.258601303122180298e-02 -4.153589018257879822e-02 6.759212285094584605e-02 1.118501354541765955e-02 -1.670043090407045960e-01 -1.664641965443107718e-01 8.114090441981001989e-02
1.189576206274160775e-01 2.239163223170280784e-02 6.578140521520727327e-03 1.117226794471150655e-02 -1.184650398707222246e-01 -2.945026959870974959e-02 9.105060053301178291e-02
7.143177264412496619e-02 1.043599723221185502e-03 -7.827170023806484522e-02 1.056293150137440490e-01 -2.275155559394935467e-01 -1.713513928060432512e-02 1.081995133551299781e-01
-4.823215129971143017e-02 5.720334109468441786e-02 4.902648820016861780e-02 7.497200386860269905e-02 -1.529170783173145753e-01 -4.956616913364822463e-02 1.959049665917853011e-01
