1928    0.0384831428528
1922    0.0817539691925
1985    0.122065067291
1923    0.160575151443
1924    0.203847169876
1978    0.231497049332
1980    0.280236005783
1924    0.318632125854
1924    0.349260091782
1934    0.380421161652
1936    0.435325145721
1986    0.469741106033
1927    0.501539945602
1925    0.529762983322
1978    0.567989110947
1929    0.60631608963
1934    0.640475034714
1924    0.683586120605
1943    0.71062207222
1941    0.759212017059
1940    0.796288967133
1940    0.837253093719
1951    0.875478982925
1942    0.907305002213
1936    0.951045036316
1951    0.984755039215
1941    1.00847601891
1950    1.05556702614
1950    1.0880279541
1950    1.11217308044
1951    1.14777398109
1942    1.17536401749
1994    1.21303701401
1958    1.25563097
1950    1.28321909904
2001    1.32131099701
1957    1.35754799843
1966    1.38654708862
1951    1.4199590683
1969    1.45167994499
1964    1.48327207565
1953    1.51609396935
1959    1.54862809181
1951    1.58990216255
1951    1.62842512131
1958    1.67207407951
1958    1.71676802635
1963    1.75007796288
1972    1.78535699844
1968    1.81346011162
1972    1.84440398216
1975    1.87854909897
1976    1.90643906593
1972    1.9312980175
1982    1.96319293976
1977    1.99641895294
1981    2.03251814842
1982    2.06975317001
1976    2.11295795441
1984    2.144272089
1971    2.17644810677
1968    2.20849895477
1996    2.24042105675
1991    2.26882195473
2000    2.31011295319
1990    2.34870100021
1995    2.40222096443
2045    2.4401550293
1997    2.47019195557
2046    2.50484204292
1983    2.5391061306
1992    2.57489013672
1992    2.60818099976
1992    2.65141510963
2015    2.69370698929
2060    2.73156809807
2011    2.76020693779
2056    2.80311608315
2010    2.84645700455
2008    2.88716006279
2004    2.92549800873
2057    2.95387196541
2006    2.98567509651
2056    3.01777005196
2008    3.04977107048
2005    3.09233307838
2004    3.12999105453
2026    3.17802214622
2019    3.21614313126
2078    3.24712300301
2020    3.29063415527
2017    3.33503508568
2027    3.37276411057
2070    3.41613817215
2072    3.45959496498
2028    3.49800205231
2085    3.54161906242
2050    3.57925009727
2037    3.62354516983
2035    3.66650104523
2038    3.70463609695
2030    3.74778604507
2041    3.78635215759
2034    3.82923913002
2093    3.87134695053
2045    3.91488599777
2049    3.95335507393
2062    3.98425006866
2052    4.02764606476
2059    4.06611013412
2049    4.09706401825
2111    4.12878394127
2050    4.17164206505
2061    4.20285797119
2053    4.2460501194
2105    4.28902411461
2055    4.33223605156
2068    4.36999511719
2070    4.40784716606
2070    4.4434030056
2076    4.47571802139
2062    4.51920509338
2069    4.55824398994
2067    4.58599901199
2062    4.61871004105
2117    4.66204810143
2068    4.69315195084
2079    4.72484898567
2076    4.76194405556
2077    4.81019210815
2088    4.84878706932
2088    4.89072203636
2096    4.91761207581
2093    4.94963312149
2083    4.98217701912
2093    5.01400399208
2085    5.04568195343
2088    5.07769012451
2087    5.1103451252
2086    5.14841198921
2085    5.17553210258
2085    5.20842695236
2077    5.2413520813
2095    5.28471016884
2095    5.32808208466
2099    5.36145305634
2106    5.39470410347
2106    5.42953109741
2111    5.45423007011
2106    5.48931312561
2095    5.51753497124
2108    5.55947709084
2108    5.58501815796
2111    5.6173491478
2103    5.67926812172
2103    5.7176990509
2104    5.72565102577
2100    5.75164103508
2099    5.79496407509
2104    5.83170104027
2108    5.86322116852
2095    5.89591312408
2104    5.9280500412
2107    5.97502803802
2104    6.01261615753
2101    6.0553650856
2102    6.08312797546
2107    6.11566305161
2106    6.1589910984
2099    6.20196294785
2153    6.23957014084
2115    6.27143001556
2105    6.30058598518
2108    6.3317899704
2099    6.36530208588
2100    6.39380002022
2108    6.43217301369
2102    6.47062706947
2107    6.50397801399
2110    6.53234910965
2099    6.57066106796
2097    6.59901404381
2099    6.63240194321
2108    6.66583609581
2125    6.689234972
2117    6.72297406197
2098    6.76113510132
2111    6.80949306488
2125    6.84147715569
2114    6.87341403961
2119    6.9157640934
2162    6.94781017303
2111    6.9961540699
2111    7.0283100605
2117    7.05662798882
2116    7.09288406372
2110    7.11980009079
2130    7.16076517105
2124    7.19916796684
2129    7.23118400574
2119    7.26448512077
2122    7.29279899597
2117    7.32610011101
2115    7.35443115234
2122    7.39311909676
2130    7.42884206772
2130    7.45763707161
2118    7.49096703529
2118    7.52457499504
2120    7.56101107597
2126    7.59710812569
2123    7.62377214432
2131    7.65663313866
2122    7.68477916718
2116    7.72161006927
2118    7.74903416634
2127    7.77983808517
2126    7.81055116653
2119    7.84139895439
2111    7.88426208496
2126    7.91372299194
2117    7.95719814301
2106    7.99863910675
2121    8.04198908806
2122    8.08025407791
2106    8.12358593941
2114    8.14990496635
2104    8.18322610855
2118    8.21669816971
2102    8.26060795784
2174    8.30916810036
2111    8.34213805199
2158    8.37773394585
2111    8.40328407288
2098    8.43578100204
2104    8.47427916527
2103    8.52774405479
2103    8.5601439476
2103    8.61654806137
2103    8.65522503853
2111    8.66266202927
2107    8.68819212914
2102    8.71004915237
2111    8.75233411789
2102    8.76021313667
2109    8.79892611504
0    8.83744812012
2150    8.84054899216
2163    8.86761808395
0    8.90143799782
2111    8.90936207771
2110    8.94256901741
0    8.97933411598
2104    8.98631811142
2163    9.0079331398
0    9.03887701035
2114    9.04696297646
2105    9.07999014854
2108    9.10102915764
2111    9.12873005867
0    9.1744389534
2099    9.17926216125
2100    9.21602511406
0    9.24874615669
2105    9.25428795815
2160    9.28939914703
0    9.3251991272
2096    9.33068394661
2103    9.35883498192
2102    9.38787698746
2103    9.43187904358
2104    9.46970915794
2111    9.50648212433
2104    9.55751514435
2084    9.60064196587
2083    9.64384412766
2142    9.69781899452
2088    9.73531007767
2088    9.7659611702
2091    9.79671406746
2128    9.83224511147
2090    9.85778903961
2088    9.89245510101
2136    9.91983294487
2089    9.96012806892
2077    9.98692202568
2077    10.0187489986
2078    10.0503120422
2079    10.0822291374
2077    10.1140501499
2067    10.1456871033
2121    10.1764991283
2070    10.207679987
2072    10.239372015
2057    10.2710249424
2062    10.3079299927
2053    10.3403871059
2060    10.377849102
2055    10.4160599709
2054    10.4428479671
2062    10.4782631397
2046    10.5216529369
2045    10.5644910336
2051    10.5927610397
2063    10.627177
2045    10.6655740738
2037    10.708935976
2033    10.752311945
2034    10.7904410362
2044    10.8373939991
2042    10.8891401291
2034    10.9324729443
2044    10.9706859589
2038    10.9985990524
2036    11.0320329666
2012    11.0625340939
2012    11.0952341557
2020    11.133767128
2022    11.1669931412
2028    11.2004840374
2023    11.24913311
2021    11.282585144
2028    11.3304891586
2021    11.3683860302
2026    11.3993229866
2032    11.430588007
2008    11.4739849567
2008    11.5174150467
2006    11.5561699867
2005    11.5944230556
2005    11.627270937
2000    11.66395998
2014    11.700881958
2011    11.7326469421
2001    11.7648861408
1988    11.8081431389
1981    11.8470351696
1987    11.8906111717
1989    11.9339280128
1993    11.9726901054
1996    12.0159561634
1984    12.053137064
1973    12.1012899876
2029    12.1441910267
1975    12.1698279381
1985    12.2066500187
1978    12.2448301315
1972    12.2878799438
1984    12.317909956
1984    12.3614461422
1961    12.3993830681
1961    12.4315299988
1959    12.4637260437
1963    12.509761095
1967    12.5473279953
1958    12.5792109966
1954    12.6124711037
1957    12.6552951336
1958    12.6990799904
1957    12.7327370644
1965    12.7693841457
1948    12.7950730324
1942    12.8280720711
1940    12.8538630009
1993    12.887016058
1993    12.9253110886
1934    12.9583890438
1942    12.9913620949
1944    13.0244510174
1944    13.0524470806
1945    13.0860950947
1937    13.1244571209
1934    13.1551170349
1920    13.1825480461
1927    13.2257900238
1932    13.2641980648
1925    13.3075690269
1924    13.3508651257
1978    13.377737999
1926    13.4259030819
1926    13.4643659592
1924    13.5071041584
1925    13.5452799797
1929    13.5782020092
1921    13.6212830544
1911    13.6495399475
1912    13.6826729774
1911    13.7102079391
1914    13.7426049709
1907    13.7758300304
1912    13.8041670322
1912    13.8373689651
1916    13.8655850887
1920    13.8987720013
1914    13.9363441467
1914    13.9785561562
1912    14.0167710781
1913    14.0625021458
1895    14.1001880169
1920    14.131000042
1905    14.1618051529
1892    14.1922249794
1949    14.2249500751
1899    14.2559759617
1895    14.2995741367
1902    14.3429560661
1887    14.3858880997
1895    14.4235060215
1902    14.4591600895
1899    14.4859199524
1904    14.5183870792
1892    14.5614931583
1892    14.6048059464
1896    14.6416950226
1897    14.6842970848
1896    14.7275710106
1896    14.7604651451
1897    14.7941820621
1900    14.8225400448
1898    14.8564431667
1879    14.8834710121
1872    14.91802001
1903    14.96113801
1876    15.0044369698
1899    15.0405211449
1934    15.0737409592
1876    15.1169340611
1874    15.1603109837
1877    15.1987249851
1889    15.2467651367
1883    15.284897089
1882    15.3131580353
1880    15.3497231007
1880    15.3864331245
1880    15.4342830181
1928    15.4719450474
1887    15.5027329922
1881    15.533354044
1873    15.5690040588
1938    15.5996530056
1891    15.630669117
1887    15.66279006
1884    15.694573164
1887    15.7264790535
1873    15.7698171139
1871    15.8132941723
1880    15.849971056
1880    15.8817260265
1888    15.9250190258
1881    15.9616019726
1873    15.9968831539
1880    16.0236699581
1880    16.0571880341
1883    16.0893740654
1881    16.1327199936
1889    16.1708590984
1882    16.2144789696
1877    16.2576439381
1878    16.294257164
1889    16.3339469433
1884    16.3612041473
1881    16.3936829567
1873    16.4212059975
1881    16.4611639977
1880    16.5064530373
1930    16.5499989986
1871    16.5930089951
1902    16.6308009624
1897    16.6589291096
1902    16.6915550232
1902    16.7336390018
1898    16.7718169689
1894    16.8201999664
1897    16.8537919521
1895    16.8825349808
1896    16.9293160439
1888    16.9675810337
1944    17.0008220673
1898    17.0349681377
1889    17.0736119747
1892    17.1070840359
1892    17.1454660892
1910    17.1735801697
1899    17.2105641365
1900    17.2540421486
1915    17.2973430157
1911    17.3356659412
1911    17.3790550232
1902    17.4170110226
1904    17.460308075
1918    17.4907860756
1912    17.5293979645
1962    17.5679090023
1909    17.6038210392
1912    17.6456201077
1907    17.683521986
1910    17.7249879837
1920    17.7587480545
1912    17.7969210148
1913    17.8302161694
1917    17.862388134
1958    17.8902230263
1910    17.9185910225
1909    17.9517600536
1912    17.9884870052
1928    18.0301699638
