1895    0.0383858680725
1943    0.0657019615173
1944    0.101024866104
1894    0.128091812134
1899    0.159904003143
1905    0.1917719841
1943    0.224982976913
1897    0.255198955536
1895    0.298007011414
1892    0.330830812454
1903    0.356768846512
1904    0.380678892136
1889    0.414535045624
1888    0.441049814224
1895    0.472690820694
1942    0.504786014557
1899    0.543239831924
1944    0.591703891754
1902    0.621906042099
1914    0.653992891312
1909    0.683974027634
1966    0.714424848557
1911    0.743569850922
1911    0.776710987091
1921    0.80834197998
1916    0.840099811554
1955    0.872179985046
1918    0.911023855209
1924    0.939807891846
1934    0.968608856201
1929    1.00271987915
1929    1.05908203125
1929    1.09690785408
1927    1.10398983955
1924    1.14214992523
1929    1.17879700661
1935    1.21032094955
1923    1.2419090271
1937    1.28058481216
1937    1.30932688713
1931    1.34423184395
1928    1.3708729744
1942    1.40248203278
1935    1.43313694
1937    1.46473097801
1927    1.49964499474
1944    1.52654790878
1942    1.55904197693
1935    1.59002804756
1951    1.63099694252
1947    1.6744158268
1942    1.70781183243
1945    1.74464797974
1942    1.78300690651
1941    1.81642484665
1953    1.85812187195
1958    1.90088200569
1959    1.93874192238
1957    1.97823286057
1962    2.01182603836
1950    2.04511189461
1966    2.08199095726
1965    2.11735486984
1951    2.16075897217
1965    2.18659996986
1965    2.22249484062
1975    2.25501084328
2020    2.29888486862
1965    2.33705997467
1973    2.37290596962
1971    2.41181182861
1973    2.45494699478
1981    2.48517298698
1973    2.52824997902
2016    2.55762004852
1975    2.5898900032
2000    2.62468004227
2001    2.66283082962
1991    2.70629882812
1987    2.75009703636
1990    2.78849196434
1989    2.8319849968
1990    2.87497496605
1987    2.90375685692
1986    2.93642902374
2008    2.96885800362
2005    3.00123095512
2008    3.03362703323
1999    3.07102394104
2003    3.10343790054
1999    3.13628482819
2006    3.17299890518
2009    3.21504092216
2051    3.25344085693
1998    3.29669690132
2012    3.32342600822
2003    3.36224102974
2022    3.42068791389
2014    3.46423196793
2019    3.50225687027
2028    3.53677797318
2020    3.58057785034
2017    3.61386084557
2031    3.64708590508
2068    3.67518782616
2030    3.71657395363
2033    3.7453148365
2038    3.77408099174
2079    3.81291699409
2046    3.83668494225
2086    3.86037898064
2050    3.89913702011
2050    3.93790793419
2047    3.96172785759
2035    4.00049686432
2043    4.03423690796
2056    4.07022881508
2053    4.09849500656
2053    4.13188695908
2064    4.16845393181
2058    4.1972489357
2053    4.23105382919
2045    4.26493096352
2059    4.29160284996
2120    4.32422089577
2079    4.35518503189
2078    4.38524889946
2072    4.43017792702
2070    4.47511792183
2079    4.49995803833
2077    4.53497695923
2085    4.57012581825
2085    4.63433384895
2085    4.67184996605
2084    4.67410588264
2097    4.70625281334
2091    4.73372602463
2081    4.77123689651
2085    4.80421495438
2090    4.84231281281
2091    4.87006497383
2077    4.90348887444
2099    4.94699382782
2100    4.99023294449
2094    5.02847385406
2094    5.05693984032
2100    5.09574890137
2104    5.14007496834
2109    5.17653989792
2109    5.20792102814
2104    5.25133681297
2105    5.29357981682
2109    5.33135890961
2106    5.36764597893
2156    5.4060189724
2110    5.44414997101
2098    5.49718689919
2119    5.5299949646
2105    5.56808781624
2116    5.6016459465
2125    5.63048100471
2122    5.66284894943
2114    5.6956808567
2122    5.74177598953
2121    5.78005695343
2120    5.82304000854
2130    5.84882497787
2124    5.88487100601
2126    5.91392087936
2119    5.94710302353
2129    5.99054288864
2132    6.03241991997
2143    6.06587600708
2134    6.10428285599
2131    6.13269090652
2141    6.17134284973
2137    6.21330785751
2135    6.25176000595
2127    6.29008388519
2132    6.3269109726
2175    6.36041498184
2137    6.39436101913
2136    6.43867492676
2145    6.46450400352
2133    6.49623203278
2142    6.52702093124
2158    6.56543302536
2133    6.59442782402
2160    6.62605881691
2155    6.65655684471
2191    6.68950891495
2152    6.7377679348
2147    6.77504897118
2148    6.80380702019
2148    6.84286403656
2156    6.87915802002
2148    6.90790891647
2158    6.94706583023
2147    6.99037289619
2150    7.02874088287
2140    7.07199692726
2156    7.11430382729
2152    7.15790200233
2153    7.19155883789
2150    7.22369003296
2157    7.25932598114
2156    7.28418803215
2156    7.32551503181
2160    7.3527610302
2149    7.38608384132
2146    7.42991089821
2144    7.46764183044
2151    7.4990298748
2139    7.52745985985
2152    7.56432199478
2148    7.60528182983
2150    7.64367294312
2148    7.67713904381
2148    7.72050499916
2160    7.75861597061
2148    7.79106593132
2149    7.83426189423
2192    7.87758088112
2172    7.91615390778
2148    7.95963001251
2148    7.99818491936
2192    8.04211091995
2147    8.0804438591
2145    8.1121969223
2157    8.14892792702
2157    8.18144798279
2194    8.22483587265
2141    8.26832389832
2200    8.30514883995
2145    8.34785890579
2147    8.39117002487
2148    8.42946982384
2148    8.46208500862
2144    8.49445390701
2150    8.53139591217
2194    8.5647289753
2143    8.59323191643
2152    8.62575292587
2194    8.66925597191
2151    8.71258282661
2152    8.74989795685
2153    8.79849290848
2150    8.83680200577
2132    8.87523889542
2126    8.90873098373
2130    8.94125294685
2146    8.97792100906
2134    9.01522493362
2133    9.04238295555
2140    9.08106899261
2132    9.11419582367
2142    9.15007901192
2134    9.18775200844
2139    9.21876502037
2129    9.2523829937
2131    9.29093694687
2136    9.33420991898
2133    9.37781095505
2111    9.41650485992
2160    9.45987081528
2118    9.50090789795
2121    9.52969884872
2116    9.57276701927
2118    9.60274887085
2164    9.64603304863
2124    9.67680096626
2129    9.71711087227
2130    9.7438519001
2107    9.79224801064
2097    9.83067989349
2115    9.86244082451
2106    9.9054248333
2107    9.94868302345
2105    9.98621797562
2098    10.0243389606
2103    10.0573120117
2109    10.0911538601
2108    10.1334090233
2110    10.171751976
2109    10.203761816
2098    10.2558338642
2100    10.2845170498
2108    10.3178989887
2108    10.3546509743
2083    10.3965649605
2093    10.4367399216
2082    10.4620409012
2085    10.4940829277
2083    10.5312638283
2077    10.5696108341
2070    10.6128909588
2069    10.6563179493
2068    10.6951799393
2075    10.7323729992
2072    10.7632000446
2069    10.8177850246
2075    10.8563358784
2062    10.8897519112
2054    10.9181928635
2058    10.9516708851
2062    10.9853079319
2060    11.0138828754
2053    11.0442049503
2062    11.0759499073
2083    11.1191179752
2039    11.163203001
2048    11.2064709663
2027    11.2574849129
2083    11.3006458282
2022    11.3325400352
2031    11.3593640327
2019    11.392580986
2068    11.424656868
2019    11.4679608345
2019    11.5113120079
2069    11.5494408607
2010    11.5909218788
2013    11.6396529675
2008    11.6778969765
2008    11.7104690075
2004    11.7424259186
1990    11.7719509602
1992    11.8041009903
1998    11.83512187
1992    11.8671548367
1991    11.8998868465
1986    11.9431948662
1992    11.9866569042
1974    12.0248348713
1976    12.0618269444
1974    12.1099300385
1971    12.1521658897
1973    12.1861689091
1958    12.2245869637
2000    12.2680978775
1964    12.2940928936
1961    12.3278288841
1957    12.3587169647
1940    12.3949289322
1996    12.426265955
1989    12.4572849274
1939    12.500164032
1990    12.5470700264
1948    12.5827260017
1947    12.613907814
1925    12.6571199894
1927    12.695401907
1921    12.7386748791
1933    12.7681398392
1925    12.8113808632
1977    12.8420469761
1932    12.875895977
1928    12.9179449081
1920    12.9448459148
1913    12.9985778332
1907    13.0311939716
1955    13.069314003
1922    13.1051540375
1913    13.1436789036
1921    13.1799988747
1905    13.2108728886
1887    13.2444348335
1891    13.2829699516
1891    13.3264110088
1891    13.369863987
1897    13.4231669903
1897    13.4666898251
1901    13.5025348663
1896    13.5293409824
1906    13.5649018288
1906    13.5904128551
1902    13.6246240139
1872    13.6569759846
1885    13.7002639771
1886    13.7438509464
1872    13.7702510357
1887    13.8013319969
1886    13.8317229748
1882    13.8752729893
1890    13.9055819511
1931    13.9367978573
1873    13.9812278748
1865    14.0081460476
1871    14.0565979481
1864    14.0980768204
1866    14.136893034
1865    14.1802239418
1874    14.2235989571
1865    14.262157917
1865    14.3057258129
1864    14.3432660103
1841    14.3863568306
1859    14.4297089577
1845    14.4684460163
1892    14.5115368366
1844    14.5497310162
1842    14.5816998482
1842    14.6246778965
1840    14.672962904
1844    14.7163250446
1846    14.7540960312
1841    14.7861449718
1843    14.8142209053
1852    14.8511328697
1849    14.889359951
1850    14.9193940163
1853    14.9549028873
1892    14.9933600426
1889    15.0367028713
1839    15.080534935
1885    15.1192269325
1842    15.1661698818
1851    15.2023918629
1844    15.2309398651
1829    15.2673590183
1827    15.3055689335
1837    15.3362679482
1837    15.3677330017
1835    15.3986580372
1827    15.4276399612
1827    15.4538128376
1832    15.4871578217
1830    15.5306520462
1832    15.5726659298
1830    15.6166679859
1829    15.6540949345
1836    15.6863129139
1839    15.7208108902
1831    15.75897789
1836    15.8025028706
1831    15.8443670273
1833    15.8798689842
1831    15.9108469486
1828    15.9516558647
1831    15.9887499809
1831    16.0271408558
1834    16.0757670403
1823    16.12368083
1822    16.1563148499
1835    16.1872119904
1829    16.2300460339
1830    16.2607460022
1832    16.3041198254
1835    16.3474488258
1832    16.3854570389
1820    16.4288058281
1834    16.4722340107
1829    16.5105340481
1823    16.5478599072
1833    16.586149931
1869    16.6186139584
1836    16.6553609371
1827    16.6906659603
1855    16.7211709023
1845    16.7529449463
1843    16.7964048386
1847    16.8401408195
1853    16.8759980202
1848    16.9306080341
1844    16.968282938
1846    17.0024399757
1847    17.0265698433
1844    17.060792923
1841    17.0949709415
1844    17.1372339725
1844    17.1742939949
1840    17.2177789211
1846    17.2614908218
1848    17.3002138138
1867    17.3336930275
1871    17.3726158142
1865    17.415886879
1873    17.4543139935
1867    17.4849998951
1855    17.5158979893
1862    17.5521328449
1860    17.6075398922
1867    17.6507089138
1868    17.6799149513
1864    17.7140619755
1863    17.7382528782
1872    17.7723519802
1881    17.8067498207
1887    17.8500089645
1886    17.8767910004
1883    17.9087889194
1879    17.9368758202
1884    17.9796078205
1886    18.0064349174
