2036    0.0367012023926
2035    0.0785031318665
2039    0.124424219131
2038    0.157323122025
2046    0.187477111816
2041    0.223396062851
2036    0.25909614563
2032    0.29291009903
2036    0.321655035019
2079    0.355799198151
2040    0.399017095566
2036    0.437435150146
2034    0.464106082916
2038    0.501492023468
2042    0.544547080994
2055    0.582359075546
2056    0.625638008118
2059    0.668817996979
2055    0.699052095413
2049    0.742608070374
2049    0.786104202271
2055    0.819492101669
2056    0.856432199478
2058    0.899368047714
2062    0.935942173004
2054    0.97925901413
2053    1.02191400528
2046    1.06044912338
2046    1.10368800163
2098    1.13491201401
2096    1.17287921906
2100    1.20689606667
2061    1.23441815376
2056    1.27023005486
2061    1.29603219032
2052    1.32879400253
2063    1.36171412468
2045    1.40068602562
2049    1.44374704361
2057    1.46938514709
2056    1.5053050518
2057    1.55099916458
2065    1.57666420937
2062    1.6074411869
2053    1.63626503944
2061    1.67149114609
2100    1.70968103409
2059    1.74154615402
2057    1.77020001411
2054    1.79718899727
2057    1.83682799339
2060    1.87783718109
2108    1.9146361351
2094    1.94836807251
2058    1.97213506699
2063    2.01111102104
2062    2.03486299515
2062    2.07374119759
2057    2.09722304344
2062    2.13594818115
2104    2.17471218109
2099    2.20365619659
2065    2.24253702164
2057    2.27636599541
2062    2.3052251339
2101    2.33914613724
2048    2.36804413795
2055    2.40179204941
2061    2.43571519852
2065    2.46485114098
2064    2.51318120956
2053    2.55567502975
2054    2.59383320808
2044    2.63717722893
2048    2.6804831028
2055    2.72248411179
2062    2.76053214073
2055    2.7914121151
2053    2.82273101807
2063    2.85351204872
2063    2.88498806953
2052    2.93318605423
2057    2.96545815468
2054    3.00228404999
2065    3.04369521141
2063    3.08061003685
2051    3.11257815361
2061    3.14459514618
2052    3.17647004128
2062    3.20829606056
2060    3.24014115334
2064    3.27177619934
2061    3.31244421005
2061    3.33861517906
2051    3.37087011337
2061    3.40272116661
2063    3.43357515335
2061    3.46669101715
2060    3.5099670887
2064    3.54828310013
2060    3.58141922951
2053    3.63890814781
2051    3.67211008072
2110    3.70023608208
2057    3.73336005211
2051    3.76150608063
2050    3.79978919029
2059    3.82300710678
2065    3.8612780571
2065    3.8848361969
2054    3.91811704636
2051    3.94605016708
2052    3.98983407021
2053    4.02199220657
2053    4.06511712074
2062    4.09093523026
2041    4.12709712982
2044    4.15276002884
2036    4.18903708458
2033    4.23014211655
2029    4.26686215401
2082    4.30603909492
2043    4.34308314323
2041    4.3745701313
2043    4.40875411034
2044    4.43793010712
2047    4.47207522392
2047    4.49781703949
2040    4.53148818016
2035    4.57433700562
2081    4.61735916138
2038    4.65522909164
2029    4.70069909096
2032    4.73667216301
2038    4.76658916473
2036    4.80154418945
2035    4.82629323006
2036    4.86351704597
2031    4.90136122704
2079    4.93193411827
2046    4.96267414093
2035    4.99328804016
2040    5.02395200729
2044    5.06493520737
2026    5.10340809822
2031    5.13161420822
2047    5.16711521149
2039    5.19795012474
2076    5.24536514282
2031    5.28853201866
2033    5.33550000191
2017    5.37676119804
2068    5.40916514397
2041    5.44711303711
2043    5.47198319435
2024    5.50546312332
2022    5.53644704819
2033    5.57916712761
2043    5.61098718643
2027    5.6530110836
2021    5.69635009766
2027    5.73501420021
2066    5.7735581398
2023    5.80236816406
2021    5.84472608566
2063    5.8780040741
2025    5.91483020782
2021    5.95142412186
2017    5.99209904671
2019    6.02866721153
2017    6.07154321671
2022    6.10969018936
2018    6.14326715469
2061    6.17591619492
2016    6.20772004128
2031    6.23965811729
2022    6.28311109543
2076    6.3241071701
2034    6.35085606575
2012    6.38420009613
2017    6.41248416901
2019    6.45629715919
2025    6.48300600052
2003    6.52503108978
2012    6.55799102783
2006    6.60468006134
2009    6.6376490593
2008    6.6756131649
2006    6.70395803452
2054    6.73474407196
2002    6.77827906609
2014    6.82188820839
2008    6.85942912102
2014    6.89052009583
2012    6.9231300354
2051    6.97131919861
2016    7.00946307182
2016    7.04805207253
2006    7.07577204704
2004    7.11427021027
2004    7.13960719109
2012    7.17450118065
2012    7.21430301666
2014    7.23958206177
2004    7.27291703224
2001    7.30082917213
2011    7.3375980854
1990    7.38125514984
2012    7.41680717468
1990    7.45578122139
1995    7.49527311325
2034    7.53768706322
2038    7.57557702065
1986    7.6173491478
1990    7.65541100502
1987    7.69708919525
1992    7.72516822815
1998    7.75774908066
1992    7.79962110519
1995    7.8313062191
1992    7.87797617912
1992    7.91500020027
1997    7.94635915756
2032    7.97802019119
1992    8.02118301392
1996    8.04865217209
1988    8.07969403267
1987    8.11258912086
1982    8.1446120739
1996    8.17560005188
1989    8.20363903046
1989    8.23878502846
1999    8.28203320503
2038    8.30728816986
2035    8.35046005249
1982    8.37860822678
1974    8.41184520721
1978    8.44174814224
1984    8.47214722633
1980    8.50816702843
1973    8.54630613327
1976    8.57796406746
2018    8.61004018784
1974    8.64239907265
2014    8.68565416336
1974    8.72843408585
2020    8.76124811172
1971    8.7922000885
1979    8.8251581192
1976    8.85266208649
1973    8.88583612442
1966    8.91675806046
1970    8.94541621208
1969    8.97834801674
1984    9.01472806931
1976    9.0586411953
1979    9.09720921516
1984    9.13417005539
1982    9.17278909683
1976    9.19985318184
1980    9.23548007011
1966    9.27844309807
1972    9.30674910545
1973    9.33702611923
1973    9.37290120125
1979    9.39854216576
1979    9.43431305885
1977    9.4816930294
1977    9.52369022369
1985    9.54911208153
1972    9.5823571682
1978    9.6135392189
1957    9.65734410286
1973    9.70031023026
1967    9.74820017815
1958    9.77771115303
2010    9.81189608574
1959    9.84598207474
1964    9.87055015564
1954    9.9019742012
1963    9.93642115593
1965    9.96573615074
1965    9.99979710579
2004    10.0338771343
2012    10.0746371746
2002    10.1126630306
1966    10.1444091797
2001    10.1878240108
1949    10.226088047
1956    10.2542080879
1969    10.29424119
2008    10.3262572289
1957    10.3603742123
1956    10.3941810131
1966    10.4233291149
1958    10.4635431767
1958    10.4909880161
1958    10.5304200649
1958    10.5688550472
2005    10.6074771881
1956    10.6506371498
1957    10.6935210228
1963    10.7311050892
1956    10.7744181156
2003    10.8020851612
2013    10.8373630047
1958    10.8809080124
1959    10.9192311764
1957    10.9473471642
1968    10.983271122
1956    11.0268311501
1966    11.0655012131
1957    11.1090199947
1957    11.1475059986
1963    11.1849241257
1955    11.2218282223
1963    11.2638711929
1951    11.3022260666
1955    11.3454880714
1958    11.3871781826
1965    11.4286160469
1961    11.4619190693
1965    11.4988059998
1964    11.545604229
1959    11.5834112167
1964    11.613735199
2005    11.645950079
1963    11.6833381653
1956    11.7161591053
1960    11.7591362
1961    11.7920541763
1958    11.8339791298
1960    11.870634079
1968    11.9014182091
1959    11.929251194
1950    11.9662101269
1957    12.0045900345
1950    12.0369911194
1951    12.0749762058
1956    12.1129951477
1955    12.1514370441
1958    12.1838560104
1966    12.2208600044
1957    12.259401083
1955    12.3022770882
1955    12.3446722031
1958    12.3881430626
1957    12.4259331226
1963    12.4671490192
1951    12.5004060268
1958    12.5337941647
1958    12.5621321201
1966    12.5956480503
1965    12.6331191063
2000    12.6758952141
1968    12.7141900063
1961    12.7413921356
1951    12.7751271725
2000    12.8035240173
1954    12.8473920822
2010    12.884691
1956    12.9229881763
1957    12.9563860893
1959    12.9879021645
2005    13.0206260681
1962    13.0489962101
1956    13.0823960304
1956    13.1107931137
1965    13.1425831318
1951    13.1859130859
1950    13.2293112278
1957    13.2725090981
1958    13.3095021248
1958    13.3577890396
1958    13.3957400322
1958    13.4364311695
1964    13.4637570381
1959    13.507376194
1957    13.5382351875
1971    13.5716791153
1959    13.6149001122
1965    13.6415641308
1969    13.6783161163
1965    13.7264389992
1949    13.7697072029
1973    13.8072462082
1974    13.8399100304
1966    13.8831000328
1971    13.9264521599
1981    13.973249197
1973    14.0061500072
1973    14.0492501259
1974    14.0798170567
1980    14.1165060997
1981    14.1577751637
1980    14.2026090622
1974    14.2394111156
1978    14.2757441998
1979    14.317535162
1968    14.3506631851
1971    14.3836500645
1971    14.4162240028
1984    14.4463891983
1976    14.4748392105
1974    14.5182549953
2028    14.5478680134
1973    14.5776321888
1973    14.6102731228
2024    14.6418972015
1976    14.6855561733
2024    14.7290451527
1978    14.7685031891
1973    14.8065030575
1975    14.8428292274
1974    14.8843240738
1973    14.9233410358
1973    14.961438179
2020    14.9934880733
1975    15.0260121822
1984    15.0558609962
1978    15.0880880356
1971    15.1287000179
2028    15.1657931805
1987    15.2039430141
1986    15.2445681095
1995    15.2814571857
1989    15.3131561279
2034    15.3408970833
1995    15.3778021336
1989    15.4210760593
1993    15.4640061855
1992    15.5049800873
2032    15.5435521603
1989    15.571876049
1983    15.6040761471
1991    15.6322112083
1983    15.6696331501
1996    15.700302124
1989    15.7433102131
1991    15.7891750336
1994    15.8265571594
1993    15.8603861332
1993    15.8890321255
1993    15.9227690697
1990    15.9518451691
1992    15.9847650528
1990    16.0141432285
1982    16.0475690365
1988    16.0910880566
1987    16.1344540119
1993    16.1722280979
1996    16.2078552246
1990    16.2385780811
1994    16.2705500126
2003    16.298730135
1993    16.3319451809
1989    16.365183115
1985    16.4061601162
2007    16.4553751945
2006    16.4936580658
1998    16.5370821953
2008    16.5760610104
2004    16.6190040112
2006    16.6498200893
2016    16.6816940308
2005    16.7207791805
2016    16.7638339996
2001    16.8121330738
2004    16.8452889919
2004    16.8781170845
2000    16.9213321209
2011    16.9481670856
2011    16.9852070808
2051    17.0182909966
2004    17.0775630474
1998    17.1210680008
2000    17.1636490822
2055    17.2021701336
2063    17.2459981441
2022    17.2845921516
2020    17.3226380348
2028    17.3570361137
2020    17.3878622055
2024    17.4189350605
2019    17.451898098
2029    17.4886031151
2028    17.5245220661
2070    17.5514700413
2021    17.583739996
2070    17.6188511848
2016    17.6456501484
2030    17.6777131557
2025    17.7083041668
2015    17.7389202118
2044    17.7698850632
2043    17.8067440987
2040    17.8388140202
2023    17.882240057
2034    17.9204711914
2079    17.966148138
2041    17.9920811653
2039    18.0305461884
