1011    0.0534899234772
1079    0.0975780487061
1023    0.134765863419
1048    0.168541908264
1023    0.197299003601
1087    0.231086969376
1080    0.27901506424
1074    0.314758062363
1061    0.360988855362
1063    0.403725862503
1055    0.44843006134
1122    0.481925010681
1103    0.520915985107
1126    0.569651842117
1127    0.601086854935
1072    0.629654884338
1079    0.663760900497
1072    0.695989847183
1059    0.739308834076
1077    0.776761054993
1077    0.819840908051
1061    0.866245031357
1085    0.891842842102
1077    0.935652971268
1080    0.974140882492
1082    1.00393199921
1126    1.04811096191
1174    1.07492685318
1115    1.11054897308
1110    1.14042305946
1113    1.17515492439
1087    1.20985102654
1101    1.24451589584
1114    1.2873749733
1114    1.31349396706
1115    1.34510397911
1126    1.37661385536
1111    1.41483688354
1132    1.45200490952
1159    1.48958396912
1157    1.52829194069
1159    1.56679391861
1147    1.60776805878
1205    1.64679694176
1178    1.69578289986
1208    1.73970484734
1159    1.77818989754
1240    1.82218790054
1196    1.86628890038
1259    1.90032792091
1263    1.93410396576
1299    1.97557687759
1279    2.01443505287
1279    2.04991292953
1279    2.07719302177
1279    2.11462688446
1297    2.14917898178
1264    2.17361903191
1250    2.20803189278
1247    2.23738789558
1279    2.27673101425
1279    2.31657791138
1227    2.34386897087
1213    2.37729597092
1278    2.42109203339
1175    2.46011590958
1176    2.49335098267
1198    2.5198199749
1225    2.54866790771
1176    2.58587598801
1144    2.62396383286
1144    2.66794490814
1150    2.71144485474
1144    2.74986696243
1134    2.78515005112
1100    2.82259297371
1092    2.85429787636
1095    2.89675283432
1074    2.93466591835
1103    2.97834086418
1063    3.00465989113
1077    3.03578996658
1087    3.07378983498
1023    3.10126900673
1075    3.14887690544
1023    3.18125605583
1023    3.2136259079
1010    3.23606085777
1008    3.27291893959
1054    3.30022192001
1062    3.33283400536
1023    3.36526703835
1071    3.39280605316
1023    3.42567586899
1023    3.45334005356
1059    3.48239183426
1059    3.53023004532
1146    3.55680584908
1100    3.5979309082
1130    3.6351249218
1097    3.66761398315
1094    3.69836306572
1111    3.72613191605
1127    3.76135587692
1144    3.8054189682
1194    3.84461784363
1163    3.88345503807
1177    3.9121530056
1162    3.94651889801
1238    3.99040198326
1274    4.02910804749
1311    4.06043505669
1413    4.10390305519
1468    4.13286399841
1397    4.17610287666
1348    4.20604586601
1339    4.25481987
1180    4.29305100441
1081    4.32863092422
998    4.37093400955
931    4.40797901154
859    4.44304299355
826    4.48193192482
826    4.52504491806
872    4.56912493706
840    4.60293388367
925    4.63159799576
925    4.66627788544
1075    4.71048402786
1300    4.75441884995
1313    4.80352807045
1324    4.83688402176
1325    4.87711191177
1342    4.91069483757
1328    4.94357705116
1331    4.97824501991
1306    5.01562690735
1375    5.05974197388
1328    5.09814786911
1328    5.1423330307
1327    5.18010592461
1306    5.22492384911
1309    5.25465893745
1311    5.2985060215
1307    5.34084701538
1321    5.3794028759
1297    5.41788601875
1324    5.44830799103
1309    5.49181199074
1275    5.5348649025
1258    5.57180190086
1274    5.61123394966
1259    5.64030098915
1245    5.67333388329
1248    5.70945906639
1226    5.74655103683
1278    5.77867603302
1211    5.80957198143
1203    5.8406689167
1175    5.87054800987
1197    5.90308094025
1194    5.94704389572
1180    5.99108099937
1193    6.03398084641
1143    6.07322502136
1127    6.10143995285
1163    6.13551402092
1159    6.17261385918
1127    6.2044699192
1075    6.23800396919
1127    6.26975297928
1122    6.32750797272
1093    6.3666229248
1079    6.4114408493
1054    6.45391893387
1076    6.4836139679
1075    6.52136588097
1023    6.55416893959
1023    6.58700895309
1078    6.62498497963
1023    6.65785384178
1008    6.70664691925
1023    6.74580001831
1054    6.78314685822
1023    6.82259106636
1063    6.85102200508
1010    6.88485097885
1059    6.92376804352
1087    6.96757888794
1020    7.01147484779
1076    7.05041384697
1074    7.08934998512
1091    7.13323688507
1062    7.17284083366
1105    7.20186185837
1077    7.2462220192
1071    7.27359199524
1082    7.30607390404
1072    7.34982991219
1055    7.39379000664
1122    7.43135905266
1070    7.47829389572
1070    7.51220583916
1101    7.54074597359
1085    7.57431983948
1060    7.60817790031
1023    7.64618396759
1023    7.67938399315
1023    7.70751190186
1023    7.74097800255
1022    7.76883506775
1062    7.80383896828
1077    7.83376502991
1066    7.8816139698
1023    7.92637991905
993    7.95122790337
1016    7.98539686203
1010    8.01409888268
1011    8.04928994179
1061    8.09385299683
1023    8.12771892548
1072    8.15812397003
1023    8.19194102287
1012    8.22058486938
1066    8.26063895226
1012    8.29851102829
1023    8.33176088333
1023    8.38078284264
1023    8.41766095161
1077    8.45045185089
1082    8.49094891548
1066    8.51640105247
1055    8.55181789398
1060    8.58226799965
1063    8.61272287369
1146    8.64800786972
1098    8.68056797981
1095    8.71305203438
1112    8.75049591064
1107    8.78294587135
1091    8.81549906731
1130    8.84813499451
1128    8.87559700012
1129    8.90814495087
1191    8.93558096886
1121    8.96819901466
1157    9.0107178688
1173    9.03824305534
1224    9.06568384171
1145    9.10352396965
1144    9.13966989517
1132    9.17079687119
1160    9.2019970417
1203    9.24613785744
1228    9.26986694336
1188    9.30908083916
1176    9.35314488411
1161    9.40220689774
1230    9.4330508709
1147    9.47588205338
1148    9.50314688683
1161    9.54723906517
1189    9.58647298813
1144    9.6157078743
1179    9.64907693863
1112    9.68684792519
1130    9.71550107002
1132    9.74915599823
1149    9.78775787354
1110    9.81657004356
1111    9.85088086128
1131    9.88998985291
1108    9.92100691795
1073    9.9539270401
1097    9.99821686745
1140    10.0355939865
1102    10.0690410137
1080    10.0974109173
1130    10.1364998817
1078    10.1756968498
1103    10.2049219608
1054    10.2383868694
1092    10.2672820091
1061    10.3063659668
1093    10.3446638584
1077    10.3881559372
1157    10.4221069813
1149    10.4586498737
1183    10.4850258827
1223    10.5277810097
1231    10.5712769032
1225    10.6104669571
1261    10.6545739174
1242    10.6834459305
1243    10.717238903
1330    10.7485458851
1310    10.7797708511
1264    10.8260588646
1248    10.8637568951
1225    10.9069199562
1176    10.9562239647
1075    11.0000460148
1076    11.0294289589
1023    11.0623390675
1023    11.1056208611
926    11.1493148804
927    11.1902699471
910    11.2266249657
909    11.2580909729
913    11.3013379574
871    11.3457369804
905    11.3900389671
934    11.4293520451
938    11.4685239792
823    11.497756958
840    11.53155303
843    11.5636649132
840    11.6018559933
862    11.650867939
888    11.6900439262
823    11.7191660404
826    11.7541148663
844    11.7957348824
875    11.8343360424
874    11.8773100376
877    11.9161560535
874    11.959995985
861    11.997287035
860    12.0296349525
876    12.0733599663
876    12.111536026
897    12.1473670006
891    12.1811249256
892    12.224547863
843    12.2564609051
844    12.2832119465
890    12.3305518627
857    12.3696169853
871    12.4138770103
876    12.4522988796
876    12.4845280647
873    12.5272638798
909    12.5547759533
911    12.592058897
924    12.6361989975
878    12.6747488976
956    12.7183070183
923    12.7623448372
927    12.8016409874
944    12.8456969261
1007    12.8796460629
910    12.9084329605
909    12.946023941
958    12.9900069237
924    13.0334880352
957    13.0618908405
942    13.0955879688
959    13.1346020699
973    13.1785030365
1019    13.2214260101
973    13.2654750347
962    13.2992999554
994    13.3273658752
1023    13.3615150452
1008    13.3933670521
1023    13.4336378574
1023    13.4649169445
1023    13.4913868904
1023    13.5267758369
1059    13.5590639114
1126    13.6030819416
1080    13.641808033
1080    13.673032999
1096    13.7038879395
1094    13.7475068569
1095    13.7913770676
1094    13.8301770687
1123    13.8726959229
1127    13.9156270027
1113    13.979088068
1113    14.0224599838
1112    14.0282690525
1115    14.0549108982
0    14.0920388699
1151    14.1059029102
1108    14.1539189816
1160    14.1699008942
1148    14.1855540276
0    14.2261810303
1115    14.2316939831
1112    14.2627139091
1112    14.2951700687
1126    14.3383259773
1127    14.3820228577
1130    14.4247710705
1079    14.4584329128
1097    14.4997580051
1083    14.553593874
1077    14.592525959
1080    14.623636961
1076    14.6547279358
1084    14.6852679253
1080    14.7166550159
1059    14.7609379292
1063    14.8002159595
1023    14.8455388546
1049    14.8826889992
1048    14.921391964
1010    14.9519948959
1103    14.9949710369
1011    15.0412130356
1016    15.078209877
1023    15.1099720001
1023    15.1399450302
992    15.1749310493
1023    15.2051029205
1023    15.2369599342
1023    15.2652349472
991    15.303912878
1023    15.3475389481
1062    15.3753409386
1102    15.4046828747
1075    15.4384939671
1012    15.4745419025
1061    15.4974939823
1061    15.5356199741
1079    15.5691509247
1123    15.6016368866
1023    15.6362428665
1023    15.6738319397
1073    15.7063720226
1087    15.7389278412
1011    15.7765409946
1023    15.814357996
1009    15.8415279388
1012    15.8737988472
1018    15.9161269665
993    15.9484009743
957    15.9927120209
991    16.0361618996
972    16.0637450218
975    16.1017720699
978    16.1406178474
971    16.1843369007
906    16.2183098793
942    16.2526679039
922    16.297837019
975    16.3353009224
969    16.3650429249
977    16.3984270096
975    16.426915884
978    16.4622130394
1049    16.506059885
944    16.5558319092
1014    16.5974569321
978    16.6354529858
1023    16.6783158779
992    16.7222218513
1022    16.7597999573
1011    16.792263031
1023    16.8358459473
1093    16.8792300224
991    16.9185059071
1023    16.9619219303
1012    16.997205019
1023    17.029392004
992    17.0615389347
1023    17.0893039703
1055    17.1266260147
1023    17.1646299362
1060    17.2072570324
1055    17.2461898327
1023    17.2785508633
1107    17.3222539425
1023    17.3663370609
1077    17.4102749825
1008    17.454105854
1023    17.4924678802
1058    17.5365350246
1072    17.5756139755
1023    17.6030089855
1023    17.6353149414
1023    17.6642179489
1020    17.6965489388
1023    17.7293820381
1023    17.7699780464
1023    17.8092069626
1023    17.8403398991
1023    17.8703508377
1023    17.9059429169
1023    17.9474959373
1073    17.9930830002
1023    18.0221378803
