1076    0.0267679691315
1078    0.059485912323
1023    0.0912969112396
1006    0.124727010727
1023    0.153073072433
1087    0.191481113434
1054    0.219909906387
1060    0.248310089111
1023    0.281608104706
1058    0.31304192543
1070    0.341550111771
1079    0.387856006622
1105    0.430119037628
1019    0.473665952682
1059    0.507961034775
1059    0.53745007515
1077    0.571010112762
1081    0.600253105164
1078    0.633080005646
1078    0.66682600975
1078    0.710887908936
1108    0.744580984116
1063    0.782190084457
1073    0.821166038513
1078    0.865353107452
1122    0.899444103241
1113    0.936150074005
1079    0.978995084763
1097    1.01812195778
1143    1.06602191925
1096    1.10410690308
1130    1.14290904999
1173    1.17551112175
1141    1.20317196846
1094    1.23591399193
1111    1.26618099213
1130    1.30141091347
1100    1.32679605484
1098    1.36733102798
1190    1.40776205063
1148    1.43835902214
1115    1.48712897301
1127    1.52068805695
1158    1.55451488495
1160    1.58685398102
1140    1.62584495544
1190    1.66984391212
1173    1.70895600319
1174    1.75307106972
1200    1.80189990997
1229    1.8432290554
1211    1.88255405426
1222    1.91523194313
1228    1.94976091385
1257    1.9753139019
1279    2.0093960762
1278    2.04255390167
1272    2.08636498451
1279    2.1252810955
1309    2.15191507339
1310    2.19153308868
1320    2.22595596313
1299    2.25823688507
1295    2.28977894783
1308    2.33370995522
1275    2.37310290337
1243    2.4173951149
1245    2.45451998711
1194    2.49924302101
1180    2.53814911842
1146    2.5778529644
1160    2.61638188362
1201    2.64729905128
1194    2.67599606514
1145    2.71003508568
1143    2.75325798988
1147    2.79049110413
1127    2.82265901566
1124    2.86540293694
1109    2.90287208557
1077    2.94015097618
1077    2.98257303238
1094    3.02532100677
1081    3.06434011459
1074    3.10309910774
1075    3.13582706451
1109    3.17223095894
1023    3.20617699623
1104    3.23534703255
1023    3.27104711533
1023    3.31488609314
1070    3.36104488373
1087    3.40415692329
1023    3.44348692894
1023    3.48673295975
1023    3.52565598488
1077    3.55331206322
1081    3.58565592766
1074    3.61807203293
1078    3.65031099319
1097    3.68248796463
1092    3.71458697319
1092    3.75933003426
1129    3.79489398003
1111    3.8438949585
1149    3.88303804398
1166    3.92213892937
1180    3.96522808075
1192    4.00981092453
1211    4.04614090919
1198    4.07740402222
1188    4.12158799171
1261    4.16535711288
1221    4.19488501549
1204    4.23866605759
1230    4.26919102669
1265    4.30137491226
1245    4.34468388557
1250    4.37570500374
1245    4.41289305687
1294    4.45155405998
1279    4.49754905701
1299    4.5370349884
1300    4.56511902809
1279    4.60922789574
1311    4.63573408127
1329    4.66838407516
1277    4.70022106171
991    4.74400305748
1311    4.78209400177
1379    4.8275809288
1408    4.86398410797
1384    4.89963793755
1378    4.94061899185
1411    4.97920489311
1379    5.00831389427
1399    5.04240298271
1410    5.07654190063
1311    5.11550688744
1330    5.14951992035
1325    5.18452095985
1311    5.22210907936
1354    5.25228095055
1308    5.28300309181
1296    5.31882190704
1327    5.3545730114
1324    5.39239001274
1274    5.43629097939
1307    5.47333693504
1258    5.50237107277
1296    5.53685688972
1279    5.5680038929
1263    5.59922599792
1293    5.63039898872
1262    5.67153000832
1261    5.70751905441
1243    5.74196910858
1210    5.78613400459
1221    5.83504009247
1236    5.87936592102
1179    5.91844892502
1211    5.95763206482
1178    6.00125098228
1133    6.02659797668
1131    6.06213212013
1122    6.1042098999
1159    6.14542102814
1128    6.17658901215
1164    6.21764397621
1107    6.24268889427
1139    6.27490711212
1173    6.30392599106
1128    6.34237289429
1130    6.36977910995
1127    6.40861201286
1080    6.44453811646
1074    6.4881439209
1054    6.52769708633
1021    6.58590698242
1023    6.62440896034
1058    6.66070103645
1023    6.7047560215
1076    6.73906207085
1022    6.7836329937
1023    6.82156896591
1058    6.85292291641
1049    6.88433408737
1079    6.92765808105
1078    6.97151494026
1077    7.01386594772
1078    7.04035806656
1100    7.07413291931
1080    7.11823391914
1077    7.15743303299
1079    7.19643306732
1060    7.22700500488
1060    7.26102089882
1061    7.29701900482
1059    7.33807301521
1095    7.37216806412
1073    7.42116189003
1080    7.45032501221
1077    7.4847369194
1074    7.5233271122
1055    7.55867600441
1079    7.58404707909
1083    7.61952400208
1076    7.66216206551
1077    7.70101094246
1080    7.74038505554
1023    7.77278089523
1023    7.81660795212
1087    7.85903406143
1023    7.8868188858
1023    7.93124890327
1023    7.9588329792
1023    8.01309204102
1007    8.05631804466
1023    8.10537004471
1084    8.14782190323
1021    8.19183111191
1023    8.22856688499
1023    8.2577021122
1007    8.29040694237
1023    8.32795500755
1070    8.36533999443
1063    8.3948059082
1023    8.43051099777
1065    8.47172904015
1067    8.49837303162
1061    8.54243803024
1081    8.58168196678
1065    8.61372208595
1059    8.64242506027
1078    8.67865991592
1081    8.70475697517
1132    8.73752498627
1147    8.76906991005
1099    8.81827998161
1127    8.85607194901
1151    8.89560389519
1149    8.92004108429
1147    8.95449590683
1195    8.98424506187
1190    9.01310896873
1171    9.05032992363
1178    9.08917498589
1181    9.13299608231
1197    9.1574909687
1193    9.19356703758
1195    9.237596035
1201    9.28134894371
1223    9.31614208221
1181    9.34490990639
1181    9.38723707199
1179    9.4260559082
1183    9.4648680687
1180    9.50274896622
1179    9.53503108025
1146    9.56743097305
1112    9.62986397743
1112    9.67199993134
1157    9.67704391479
1146    9.71207809448
1132    9.75240898132
1146    9.80403208733
1129    9.8467130661
1137    9.88579702377
1112    9.91481590271
1111    9.94887208939
1114    9.9729590416
1085    10.0082910061
1083    10.0413489342
1076    10.0697090626
1096    10.1155240536
1076    10.1545329094
1060    10.1978518963
1097    10.237003088
1081    10.279458046
1111    10.3182051182
1082    10.3570430279
1167    10.3930079937
1200    10.4313070774
1217    10.4653339386
1252    10.4945869446
1279    10.5291240215
1323    10.5795180798
1308    10.6184780598
1276    10.6623029709
1245    10.6960930824
1240    10.7377569675
1162    10.7736439705
1145    10.8070170879
1139    10.8452019691
1127    10.8736999035
1063    10.9090869427
1009    10.935254097
979    10.9836080074
893    11.0094749928
918    11.0535080433
869    11.0977499485
860    11.1363320351
854    11.1624720097
844    11.1958720684
838    11.2292718887
869    11.2576169968
903    11.2960538864
821    11.329515934
839    11.3531200886
844    11.3892810345
840    11.4318408966
910    11.4714610577
863    11.5005569458
857    11.5434710979
852    11.5726408958
905    11.6220679283
927    11.6561019421
970    11.6863889694
910    11.7477760315
910    11.785836935
835    11.794698
924    11.8317780495
911    11.8653039932
907    11.8735940456
925    11.9121899605
0    11.9497759342
908    11.9568300247
887    11.9958670139
0    12.0398049355
901    12.04855299
908    12.071860075
890    12.0923480988
889    12.1166269779
986    12.1440958977
944    12.1555280685
857    12.2038578987
0    12.2470490932
877    12.2500309944
905    12.2829720974
0    12.3243529797
927    12.3317520618
927    12.3635699749
0    12.4018208981
911    12.4224131107
911    12.4542140961
911    12.4813270569
950    12.5068449974
891    12.5204589367
893    12.5545489788
889    12.5815320015
909    12.5902690887
908    12.6258189678
909    12.6523919106
952    12.6996650696
894    12.7253639698
904    12.7556540966
906    12.7861590385
927    12.8267700672
921    12.8654389381
940    12.9084639549
927    12.9473929405
988    12.985519886
941    13.0145590305
974    13.0491321087
926    13.0780770779
1006    13.1321120262
925    13.1740341187
959    13.2026159763
977    13.2451400757
1015    13.27227211
1008    13.3144071102
993    13.358481884
945    13.3975329399
1023    13.4409780502
1023    13.4824631214
1080    13.509262085
1082    13.5449049473
1151    13.5833249092
1143    13.6095240116
1142    13.6427550316
1176    13.6760659218
1231    13.7042520046
1196    13.7374000549
1187    13.7659571171
1214    13.8136470318
1221    13.8743910789
1226    13.9070150852
1227    13.9345219135
1227    13.9670760632
1178    13.9996349812
1159    14.0321741104
1222    14.0597689152
1212    14.0974020958
1211    14.1248960495
1215    14.1573770046
1237    14.1848990917
1208    14.2274410725
1210    14.2650101185
1140    14.2975289822
1210    14.3301730156
1190    14.3630208969
1220    14.401168108
1158    14.4436678886
1126    14.4879009724
1203    14.5269970894
1157    14.5661890507
1105    14.5997619629
1095    14.6388020515
1122    14.6764469147
1091    14.7103619576
1118    14.7364220619
1109    14.7681760788
1110    14.8020660877
1115    14.8324840069
1099    14.8643920422
1124    14.9084858894
1132    14.9348740578
1147    14.9788639545
1123    15.023608923
1106    15.0576300621
1161    15.1060519218
1106    15.1441481113
1128    15.1830759048
1144    15.2259740829
1138    15.2695438862
1159    15.3081951141
1127    15.351888895
1158    15.3960559368
1145    15.4229640961
1128    15.4566240311
1114    15.4882628918
1127    15.5174651146
1134    15.5510489941
1114    15.592361927
1130    15.6310579777
1147    15.6693339348
1151    15.704834938
1146    15.7485399246
1112    15.7814900875
1116    15.811948061
1109    15.8591520786
1061    15.8966209888
1011    15.9405899048
1023    15.9796249866
909    16.0237669945
925    16.0623559952
963    16.0943849087
927    16.1265540123
923    16.1566810608
918    16.196903944
959    16.2371718884
988    16.2783379555
1003    16.3208789825
960    16.3639199734
981    16.3942279816
974    16.420582056
1018    16.4551279545
969    16.4991750717
1023    16.5417020321
1007    16.5857729912
1023    16.6223130226
973    16.6564049721
992    16.6889309883
1061    16.7224369049
1023    16.7567961216
1023    16.7957859039
1023    16.8351120949
1023    16.8691439629
1060    16.8991680145
1061    16.9443280697
1060    16.9843139648
1065    17.0148739815
1023    17.0483260155
1023    17.079556942
1023    17.1107480526
1023    17.142029047
1060    17.1861410141
1023    17.2133729458
1048    17.2437429428
1023    17.2793381214
1023    17.321600914
1023    17.3461480141
1023    17.3908131123
1023    17.4400930405
1023    17.4773690701
1023    17.5096518993
1059    17.5521509647
1062    17.5913219452
1062    17.6232070923
1023    17.6574869156
1023    17.6948471069
1023    17.7289030552
1023    17.7730829716
1012    17.8141300678
1012    17.852987051
1023    17.8853878975
1005    17.9291789532
992    17.9565501213
1067    17.9907929897
1059    18.0300710201
