1023    0.0482590198517
1053    0.0850298404694
1060    0.117274999619
1075    0.160552978516
1023    0.19044303894
1023    0.220275878906
1023    0.259886026382
1023    0.290371894836
1055    0.323382854462
1071    0.351408958435
1125    0.384824991226
1074    0.428367853165
1081    0.466503858566
1102    0.494177818298
1060    0.527997970581
1077    0.56009888649
1095    0.590801000595
1095    0.642066001892
1078    0.675676822662
1093    0.70942902565
1093    0.738220930099
1110    0.786868810654
1055    0.828542947769
1080    0.85697388649
1093    0.900087833405
1111    0.9431848526
1127    0.980269908905
1139    1.02352285385
1129    1.06700396538
1112    1.11032581329
1096    1.1575729847
1122    1.18540287018
1079    1.21972584724
1125    1.25078392029
1099    1.28275895119
1098    1.3167219162
1126    1.35528087616
1142    1.39866781235
1144    1.4322309494
1160    1.47025799751
1128    1.50016403198
1118    1.53199386597
1110    1.56271600723
1177    1.60820603371
1127    1.64822983742
1182    1.67322492599
1174    1.70541596413
1175    1.74103784561
1215    1.77133083344
1211    1.81465387344
1262    1.84542894363
1212    1.88840198517
1178    1.92720293999
1267    1.9583029747
1264    1.99892282486
1300    2.04279589653
1279    2.08163690567
1311    2.10988283157
1309    2.15315103531
1327    2.18007683754
1368    2.21200299263
1306    2.24507594109
1309    2.28092098236
1279    2.31564688683
1323    2.34893989563
1279    2.3923459053
1242    2.45514297485
1242    2.49274802208
1244    2.49510192871
1241    2.52778792381
1224    2.56868600845
1230    2.59761285782
1243    2.64117002487
1242    2.67191290855
1177    2.70867085457
1179    2.74985098839
1161    2.77474784851
1167    2.80978298187
1146    2.84302997589
1129    2.88648104668
1147    2.92858695984
1111    2.9712228775
1112    3.00944590569
1087    3.04789590836
1140    3.07970285416
1083    3.11166381836
1079    3.14337682724
1063    3.19040393829
1062    3.23248887062
1023    3.2693259716
1048    3.30015802383
1061    3.33538794518
1023    3.36147904396
1023    3.39338994026
1081    3.42493987083
1065    3.48052597046
1023    3.52245688438
1023    3.56434893608
1062    3.60121893883
1058    3.63316988945
1077    3.66474199295
1063    3.69607496262
1085    3.73328900337
1084    3.7690038681
1077    3.79991698265
1091    3.84174799919
1180    3.88522696495
1134    3.92308783531
1129    3.96246480942
1133    4.00069689751
1146    4.04388284683
1178    4.07715702057
1181    4.11451888084
1196    4.15261983871
1198    4.18454194069
1224    4.2327299118
1213    4.26893496513
1196    4.31212997437
1229    4.34022402763
1274    4.3720908165
1258    4.40526485443
1231    4.44732904434
1244    4.47886490822
1219    4.52181100845
1279    4.5508749485
1260    4.58405995369
1272    4.627368927
1279    4.65383696556
1298    4.70188498497
1311    4.73258185387
1294    4.76522684097
1279    4.79899597168
1310    4.82842588425
1357    4.86138391495
1330    4.89062595367
1348    4.92370986938
1349    4.95514988899
1361    4.998513937
1361    5.03139400482
1373    5.06978702545
1343    5.10252785683
1343    5.1456618309
1349    5.17283987999
1325    5.20520496368
1346    5.23763489723
1372    5.28098702431
1321    5.32436394691
1311    5.37275004387
1308    5.40515899658
1308    5.43779683113
1275    5.48113894463
1275    5.52434301376
1274    5.56208181381
1296    5.59299397469
1242    5.63633203506
1231    5.67465496063
1243    5.72834396362
1259    5.77080798149
1223    5.80183196068
1214    5.83330702782
1179    5.86348104477
1210    5.89631986618
1226    5.92877697945
1228    5.97210597992
1179    6.01432085037
1207    6.05250597
1208    6.08073186874
1206    6.12167191505
1146    6.16005897522
1179    6.20334601402
1156    6.24140882492
1201    6.27131700516
1196    6.30243682861
1193    6.3376660347
1208    6.37637591362
1159    6.41954302788
919    6.46023988724
614    6.50607395172
442    6.55017900467
442    6.58849596977
423    6.62107181549
444    6.65452289581
440    6.69795799255
442    6.73670196533
425    6.77982497215
459    6.82296395302
388    6.86086893082
372    6.90425682068
299    6.94761490822
284    6.99101185799
370    7.03365588188
406    7.07148504257
489    7.11495184898
575    7.15343093872
947    7.19701385498
943    7.22558903694
986    7.25891804695
1072    7.30551099777
1076    7.33390593529
1075    7.37726593018
1080    7.40403103828
1127    7.43927502632
1107    7.47752189636
1079    7.50944685936
1066    7.5404279232
1101    7.57235789299
1082    7.61579394341
1060    7.64332199097
1085    7.67686796188
1058    7.71581983566
1079    7.75772690773
1091    7.78985500336
1053    7.81810593605
1060    7.85180282593
1062    7.89451694489
1062    7.93010187149
1023    7.9626660347
1023    7.99671387672
1055    8.0321199894
1023    8.07549500465
1023    8.11431002617
1023    8.15785503387
1023    8.19601202011
1004    8.22948288918
1073    8.26793885231
1023    8.31604886055
1062    8.35353398323
1058    8.38036298752
1072    8.41382193565
1023    8.45234298706
1023    8.47590303421
1062    8.5144879818
1023    8.54331302643
1023    8.57552886009
1081    8.60738396645
1060    8.63491082191
1080    8.66829681396
1079    8.70158791542
1080    8.72997903824
1078    8.76295685768
1098    8.79350399971
1113    8.82626986504
1091    8.85394191742
1112    8.9247739315
1126    8.94708395004
1122    8.98485803604
1127    9.02303695679
1181    9.05349493027
1163    9.08598184586
1161    9.11882901192
1172    9.15193581581
1173    9.18999004364
1159    9.22282981873
1165    9.24962902069
1205    9.29224991798
1162    9.31795597076
1183    9.35018897057
1167    9.39722299576
1183    9.43267703056
1183    9.46858286858
1261    9.49540686607
1160    9.52851200104
1195    9.56958293915
1143    9.59820389748
1181    9.63523483276
1176    9.68856287003
1137    9.72182297707
1160    9.75157690048
1225    9.78388500214
1163    9.81611680984
1157    9.84344887733
1142    9.88105988503
1162    9.90673303604
1164    9.93837594986
1194    9.97587895393
1147    10.0037698746
1144    10.0339980125
1142    10.0664730072
1112    10.0939888954
1114    10.1264808178
1112    10.1589038372
1127    10.1864228249
1126    10.2238910198
1107    10.2514638901
1075    10.2840049267
1097    10.3165488243
1095    10.3540239334
1078    10.3815088272
1171    10.4139118195
1075    10.4468648434
1078    10.4906330109
1125    10.5289018154
1110    10.5721678734
1127    10.615172863
1145    10.6452708244
1209    10.6833469868
1247    10.715225935
1309    10.7664008141
1321    10.7993528843
1340    10.8325920105
1308    10.8736989498
1279    10.9052078724
1253    10.948693037
1240    10.9925768375
1198    11.0463418961
1142    11.0836939812
1139    11.1213319302
1125    11.1555559635
1071    11.1810278893
1023    11.2192869186
993    11.2580678463
937    11.2965810299
890    11.3273789883
973    11.3634169102
973    11.4228508472
920    11.425110817
924    11.4626598358
889    11.505797863
877    11.5431988239
854    11.5820438862
873    11.6247830391
840    11.6622328758
852    11.6948330402
839    11.7379930019
891    11.7721369267
840    11.8066449165
870    11.8400399685
900    11.8831079006
859    11.9144079685
895    11.9463999271
889    11.9895620346
824    12.0332789421
857    12.0759088993
856    12.1092269421
872    12.1551089287
952    12.1934168339
876    12.2369778156
876    12.2753808498
888    12.3146078587
919    12.343034029
903    12.3794410229
921    12.4118440151
888    12.4549260139
873    12.4859499931
893    12.5339419842
923    12.5711169243
877    12.6101868153
889    12.6523499489
922    12.6909689903
967    12.734607935
985    12.7728550434
905    12.816013813
923    12.8589718342
927    12.8966460228
922    12.932600975
930    12.9709169865
920    13.0142159462
926    13.0509898663
954    13.0830218792
937    13.1363549232
954    13.1795759201
996    13.2114539146
994    13.2461190224
992    13.2774288654
969    13.3048119545
971    13.33928895
958    13.3695459366
1013    13.4083838463
1007    13.4417798519
1011    13.4700360298
1007    13.5078718662
1003    13.5504159927
1059    13.5972168446
1085    13.6292769909
1122    13.659845829
1077    13.6905248165
1081    13.7216529846
1077    13.7551560402
1078    13.7938928604
1076    13.8366990089
1093    13.8675928116
1114    13.8928728104
1151    13.9264609814
1114    13.9582169056
1113    13.9908418655
1128    14.0347108841
1161    14.0729138851
1142    14.1079359055
1173    14.1454348564
1143    14.1887528896
1112    14.2320878506
1141    14.2702789307
1142    14.3134198189
1139    14.3415169716
1133    14.372191906
1128    14.4037978649
1129    14.4522099495
1144    14.4900929928
1144    14.5166969299
1097    14.5492639542
1111    14.5920128822
1090    14.620456934
1147    14.6592259407
1109    14.691701889
1124    14.7300078869
1094    14.7773399353
1075    14.8154790401
1076    14.8472959995
1120    14.8955328465
1023    14.9292049408
1106    14.9616699219
1023    14.9923868179
1006    15.0392458439
1060    15.080368042
1023    15.1240489483
1074    15.162583828
1023    15.2057518959
1062    15.2368049622
1023    15.2802758217
1009    15.3236548901
1064    15.360601902
1023    15.3884079456
1007    15.4214119911
1055    15.4651520252
1023    15.513833046
1011    15.5511448383
1023    15.5947949886
1022    15.6213450432
1080    15.6587259769
1059    15.6974828243
1023    15.7289228439
1023    15.7620608807
1023    15.7938878536
1023    15.8373539448
1023    15.886054039
1023    15.9294388294
988    15.9721310139
1011    16.0104038715
990    16.0484249592
1023    16.0803368092
1009    16.1281599998
979    16.1671290398
957    16.2055549622
996    16.2365829945
988    16.2797348499
989    16.3118159771
942    16.3547890186
956    16.3832418919
975    16.4165728092
925    16.4450719357
960    16.4746730328
964    16.5179150105
955    16.551872015
942    16.5803539753
1005    16.6138739586
1002    16.6572659016
1018    16.6953849792
973    16.7234268188
962    16.7604689598
953    16.7978699207
1023    16.8305599689
997    16.8620369434
938    16.8905098438
958    16.9340360165
1023    16.9674959183
1023    17.0009980202
1023    17.0395460129
993    17.0680909157
1013    17.101626873
1015    17.1267390251
1006    17.162555933
1023    17.1943080425
1087    17.2229239941
1011    17.2564530373
1023    17.2900400162
1023    17.3310658932
1023    17.369838953
1023    17.3971908092
1023    17.433027029
1023    17.4600360394
1086    17.4912948608
1060    17.5263948441
1084    17.5564558506
1070    17.5866060257
1080    17.6184558868
1023    17.6498069763
1023    17.6818668842
1049    17.7117829323
1023    17.7518308163
1023    17.7949509621
1023    17.8349189758
1063    17.8776168823
1009    17.9151618481
1023    17.9586808681
1023    18.0015869141
