1023    0.0383169651031
1021    0.0864930152893
1049    0.118301868439
1023    0.146327018738
1023    0.17985701561
1081    0.213292837143
1023    0.241765022278
1063    0.275190830231
1023    0.303664922714
1023    0.337181806564
1081    0.370851039886
1078    0.398075819016
1074    0.446717977524
1127    0.500072956085
1076    0.542500019073
1064    0.569448947906
1078    0.601545810699
1080    0.634519815445
1055    0.662570953369
1097    0.695595979691
1096    0.723574876785
1115    0.761623859406
1072    0.800062894821
1081    0.835548877716
1076    0.876248836517
1105    0.909191846848
1109    0.942668914795
1125    0.994630813599
1078    1.03052186966
1130    1.06573486328
1098    1.09283995628
1095    1.1254298687
1100    1.15915989876
1095    1.18743801117
1105    1.23136687279
1145    1.25755190849
1142    1.3010430336
1098    1.33188390732
1132    1.36256790161
1144    1.39327788353
1112    1.43514585495
1183    1.46673297882
1177    1.49475598335
1164    1.53054690361
1223    1.55908083916
1180    1.59764790535
1180    1.62677192688
1147    1.65858197212
1144    1.68756103516
1257    1.72002482414
1192    1.77860403061
1192    1.8414888382
1180    1.8442299366
1213    1.87725090981
1208    1.91569185257
1278    1.95193886757
1264    1.97819900513
1258    2.01014780998
1308    2.06245589256
1279    2.09065103531
1279    2.12435483932
1279    2.16286182404
1295    2.1970410347
1295    2.23616695404
1311    2.26529693604
1306    2.29441285133
1313    2.33363389969
1277    2.36305093765
1247    2.40132403374
1259    2.44444704056
1190    2.47130298615
1196    2.50574684143
1261    2.53780293465
1196    2.56850099564
1193    2.60174298286
1165    2.62898898125
1178    2.66241693497
1165    2.70617294312
1114    2.75518298149
1148    2.78684782982
1108    2.82118582726
1174    2.85934996605
1095    2.89780402184
1087    2.93086791039
1099    2.96588182449
1099    3.00617694855
1077    3.04335188866
1063    3.08986496925
1080    3.12785696983
1023    3.17032790184
1054    3.2041258812
1023    3.2429459095
1023    3.27009081841
1023    3.30706787109
1075    3.33451199532
1023    3.37090396881
1020    3.40440988541
1023    3.44284391403
1071    3.47155594826
1049    3.50482082367
1023    3.53857803345
1103    3.58209180832
1080    3.62486600876
1084    3.6516699791
1093    3.68446493149
1081    3.71753787994
1109    3.7462618351
1129    3.78870892525
1132    3.82697796822
1139    3.86549901962
1147    3.90426301956
1158    3.93761086464
1163    3.97449398041
1180    4.01283502579
1179    4.05568385124
1254    4.09939193726
1208    4.1427218914
1241    4.1795399189
1211    4.21136283875
1214    4.24303293228
1229    4.2849650383
1243    4.33795690536
1247    4.37598085403
1257    4.41882586479
1311    4.44293093681
1279    4.47742486
1276    4.52087593079
1358    4.55189800262
1294    4.59528493881
1310    4.64925289154
1295    4.686606884
1308    4.71819996834
1308    4.74645590782
1333    4.77963089943
1354    4.80780482292
1392    4.83999085426
1330    4.87293696404
1325    4.90261983871
1389    4.93750882149
1347    4.98442292213
1361    5.02274894714
1364    5.04990100861
1353    5.08159685135
1343    5.11408495903
1314    5.14779496193
1311    5.17655086517
1323    5.2106859684
1321    5.25407195091
1324    5.29278802872
1295    5.33616089821
1314    5.37292098999
1276    5.41143298149
1294    5.44970488548
1339    5.47748088837
1325    5.51039195061
1322    5.54549384117
1259    5.57709002495
1260    5.60300588608
1255    5.64506196976
1236    5.68759202957
1228    5.73108386993
1243    5.77408695221
1196    5.80740880966
1194    5.8359348774
1194    5.8699259758
1177    5.90297484398
1228    5.93832993507
1158    5.97160887718
1169    6.00771403313
1145    6.04350280762
1176    6.07906603813
1142    6.11178398132
1187    6.15056300163
1162    6.18276596069
1106    6.22642302513
1109    6.26524686813
1116    6.30892896652
1093    6.34771203995
1083    6.37799191475
1076    6.40977287292
1074    6.44346189499
1060    6.48193192482
1060    6.51560091972
1109    6.55399489403
1023    6.5868139267
1023    6.62545800209
1023    6.65875482559
1023    6.70638203621
1023    6.74498295784
1023    6.78818488121
1023    6.82354784012
1066    6.85966992378
1079    6.89766383171
1023    6.94088196754
1112    6.98293495178
1077    7.02638101578
1106    7.06324887276
1023    7.0960688591
1072    7.13926291466
1077    7.16625285149
1077    7.20217394829
1096    7.24069881439
1061    7.28408789635
1080    7.32071900368
1078    7.35319590569
1091    7.38910198212
1175    7.42749094963
1125    7.4708969593
1094    7.50945401192
1055    7.55249595642
1094    7.58157801628
1058    7.60995602608
1077    7.64854192734
1124    7.67388486862
1084    7.71626782417
1061    7.75478291512
1063    7.78540897369
1061    7.81734991074
1058    7.85458683968
1023    7.89348697662
1023    7.93177580833
1020    7.9646999836
1011    7.99535703659
1010    8.03264498711
1073    8.0701918602
1023    8.11257195473
1023    8.14987587929
1023    8.18269181252
1023    8.22900295258
1055    8.27220797539
1023    8.30602502823
1023    8.3344438076
1023    8.36686182022
1023    8.40334582329
1023    8.42888498306
1023    8.45394182205
1023    8.48574900627
1106    8.51934194565
1080    8.55137181282
1080    8.60379886627
1075    8.63261795044
1083    8.67464089394
1102    8.71186590195
1118    8.74266386032
1111    8.77354383469
1137    8.81737184525
1107    8.85086202621
1109    8.88862895966
1110    8.93190193176
1160    8.96994280815
1191    9.00102782249
1151    9.03398084641
1162    9.06597590446
1177    9.10750484467
1198    9.13923788071
1167    9.17032790184
1165    9.19997692108
1263    9.23519492149
1213    9.26998996735
1177    9.31253695488
1193    9.35025787354
1192    9.37922787666
1176    9.41363191605
1188    9.45702195168
1160    9.50058889389
1189    9.53888392448
1174    9.56944799423
1174    9.61016893387
1148    9.636054039
1179    9.66916704178
1227    9.69934201241
1127    9.73266386986
1127    9.77617788315
1145    9.81713199615
1165    9.85076403618
1194    9.8758919239
1116    9.91164684296
1116    9.93725585938
1158    9.96345591545
1127    10.0119359493
1114    10.0500919819
1095    10.0825510025
1095    10.1142828465
1077    10.142469883
1094    10.1979238987
1080    10.2258729935
1079    10.2592279911
1077    10.2980179787
1073    10.3317909241
1097    10.3654949665
1129    10.399258852
1132    10.4254939556
1162    10.4564650059
1151    10.4847559929
1221    10.5281789303
1271    10.5716979504
1276    10.6101548672
1278    10.646876812
1356    10.6925108433
1339    10.7231910229
1310    10.7711980343
1263    10.8061079979
1225    10.849339962
1209    10.8925850391
1128    10.9309549332
1076    10.9595139027
1076    10.9929859638
1023    11.0315089226
957    11.0800218582
924    11.1232290268
923    11.1503038406
906    11.1833178997
920    11.2164268494
906    11.2596418858
941    11.2899928093
927    11.3338079453
886    11.3762009144
878    11.4164478779
904    11.4590380192
835    11.5022749901
857    11.5392138958
854    11.5718410015
919    11.6103649139
861    11.6422929764
807    11.6743760109
806    11.7067928314
874    11.7538218498
877    11.7915108204
842    11.8223619461
842    11.8606059551
871    11.8887598515
904    11.922041893
919    11.9525539875
856    11.9960649014
907    12.0344388485
844    12.0677828789
908    12.1086230278
876    12.1407828331
859    12.1687328815
901    12.2016458511
876    12.2400438786
853    12.2833049297
891    12.3202970028
917    12.3527398109
873    12.3846049309
926    12.4158968925
895    12.4476690292
910    12.4907159805
885    12.5340118408
950    12.5763568878
892    12.6196029186
902    12.6463828087
947    12.6779398918
944    12.7105679512
937    12.7535939217
927    12.7962639332
927    12.8414618969
975    12.876598835
963    12.9069340229
926    12.9501340389
947    12.9803068638
941    13.0234258175
977    13.0775358677
977    13.1157150269
958    13.1213200092
978    13.1516208649
0    13.1850399971
987    13.1886749268
978    13.2220330238
0    13.255797863
1023    13.2589809895
1023    13.2971539497
0    13.3306899071
1023    13.3391759396
1023    13.3726449013
0    13.411495924
1023    13.418804884
1006    13.4539430141
1006    13.4763839245
1023    13.5045719147
1023    13.5182499886
1059    13.5530519485
1055    13.5828528404
1055    13.5910038948
1023    13.6340968609
0    13.6621518135
1076    13.6839029789
1074    13.7230849266
1079    13.7309439182
1095    13.7651758194
0    13.7988808155
1080    13.8023488522
1131    13.830616951
1147    13.873456955
1114    13.9012420177
1112    13.9340820312
1092    13.972370863
1178    14.0056679249
1204    14.038700819
1126    14.0748620033
1160    14.111109972
1125    14.1394469738
1146    14.1726529598
1143    14.2010998726
1142    14.2340958118
1204    14.2774398327
1125    14.3183438778
1130    14.3554978371
1112    14.3885548115
1144    14.4278988838
1123    14.461607933
1136    14.4894509315
1091    14.523018837
1113    14.5564248562
1097    14.600402832
1097    14.6389148235
1096    14.6673488617
1092    14.7058339119
1076    14.7444419861
1105    14.7876579762
1023    14.8197138309
1023    14.8616018295
1023    14.9046049118
1054    14.9430279732
1058    14.9712479115
1023    15.002384901
1023    15.0406169891
1023    15.0840389729
1108    15.122440815
1092    15.1543719769
1102    15.2011489868
1023    15.2367708683
1023    15.2650089264
1010    15.2984728813
1023    15.3318459988
1023    15.3627688885
1023    15.3962190151
1023    15.4201760292
1060    15.4543278217
1023    15.4878158569
1023    15.5187399387
1023    15.5569519997
1059    15.6001868248
1023    15.6388750076
1023    15.6772480011
1023    15.7041668892
1009    15.7351169586
1059    15.7638390064
1016    15.8048088551
1013    15.8290660381
1013    15.8653318882
976    15.8909988403
975    15.9268119335
974    15.9649858475
972    16.010614872
975    16.0465219021
994    16.0746359825
1010    16.1138110161
936    16.1535689831
944    16.1969509125
920    16.2351908684
973    16.2670118809
1006    16.2979729176
924    16.3565440178
978    16.3882780075
945    16.4198949337
1023    16.4563879967
1022    16.5030989647
952    16.5461578369
961    16.5796728134
1012    16.6036529541
1023    16.639674902
1023    16.6678009033
1068    16.7101390362
1023    16.7424228191
1023    16.7797589302
1018    16.8178739548
1023    16.8574240208
1023    16.8903830051
1023    16.9191148281
1023    16.9530479908
1023    16.9849619865
1023    17.0169420242
1022    17.0503838062
1023    17.0877709389
1023    17.1210539341
1051    17.1678628922
1023    17.2046129704
1023    17.2370419502
1023    17.2752428055
1059    17.3117549419
1060    17.3426258564
1049    17.374327898
1087    17.4063208103
1022    17.4499118328
1060    17.4935808182
1023    17.5368928909
1023    17.5947868824
1022    17.6234908104
1023    17.6593599319
1023    17.6923019886
1008    17.7203569412
1009    17.7573468685
1009    17.7834570408
1023    17.8337848186
1013    17.8718678951
1053    17.9148919582
1023    17.942456007
1023    17.976131916
1072    18.0045540333
