1023    0.0314900875092
1055    0.0603811740875
1023    0.0962750911713
1023    0.129310131073
1023    0.172314167023
1010    0.210602998734
1061    0.247679948807
1023    0.278924942017
1023    0.310786008835
1077    0.343111038208
1059    0.386682033539
1076    0.420938968658
1078    0.458271980286
1077    0.502684116364
1077    0.545413970947
1094    0.587036132812
1127    0.617282152176
1120    0.661435127258
1124    0.700881004333
1079    0.740180015564
1070    0.769034147263
1087    0.80141711235
1094    0.834603071213
1080    0.878519058228
1095    0.916872024536
1110    0.959123134613
1099    0.98976111412
1123    1.02380514145
1080    1.06797409058
1079    1.10729217529
1175    1.15100598335
1094    1.17854905128
1098    1.21104812622
1090    1.24353408813
1132    1.26967310905
1111    1.30194306374
1079    1.33435106277
1170    1.37833499908
1161    1.42731714249
1140    1.46080899239
1130    1.49962806702
1164    1.53595900536
1128    1.56933617592
1129    1.60279893875
1130    1.6361811161
1127    1.66955208778
1210    1.70293903351
1211    1.73660302162
1160    1.7787361145
1127    1.82249307632
1138    1.86053800583
1217    1.9035589695
1210    1.94755506516
1229    1.98626303673
1266    2.01657915115
1257    2.0467979908
1279    2.08237314224
1257    2.12149596214
1310    2.16477108002
1279    2.20398306847
1302    2.24285912514
1318    2.29171705246
1300    2.33030414581
1296    2.35479998589
1279    2.39201807976
1295    2.4181201458
1240    2.45337414742
1276    2.49276614189
1303    2.53640294075
1239    2.57531809807
1210    2.60423111916
1180    2.63830804825
1212    2.67619800568
1213    2.71212100983
1159    2.75310111046
1148    2.78693413734
1159    2.82568001747
1143    2.86930298805
1113    2.90826010704
1114    2.93449306488
1092    2.98295903206
1115    3.02715206146
1080    3.06622600555
1113    3.1087911129
1076    3.15100812912
1075    3.18834710121
1120    3.22222709656
1055    3.26622915268
1076    3.30407714844
1023    3.34777998924
1023    3.38048696518
1023    3.42181801796
1023    3.46074104309
1054    3.50417208672
1023    3.53072094917
1064    3.56457901001
1061    3.59078502655
1023    3.62655806541
1076    3.65659999847
1126    3.68687009811
1078    3.71903705597
1084    3.75339198112
1080    3.79959797859
1094    3.8535990715
1128    3.88787317276
1127    3.91943097115
1150    3.95786595345
1134    3.99674010277
1163    4.03504800797
1177    4.07887911797
1182    4.10610294342
1214    4.15102100372
1192    4.17845702171
1216    4.21624612808
1215    4.27769899368
1215    4.31181311607
1260    4.32011413574
1225    4.35682296753
0    4.39294505119
1223    4.40152812004
1279    4.45556902885
1229    4.46456098557
1274    4.49513101578
0    4.53379702568
1237    4.53844213486
1263    4.58318996429
0    4.62103104591
1259    4.62887907028
1279    4.66046404839
0    4.70685005188
1279    4.71498203278
1260    4.74657797813
0    4.7839281559
1311    4.79110312462
1311    4.82236504555
0    4.84762310982
1279    4.86713695526
1347    4.88694310188
1349    4.90510201454
1311    4.94244098663
1343    4.96607303619
1352    4.99301409721
1343    5.01081800461
1343    5.04367208481
1343    5.06665301323
1343    5.08504796028
1330    5.10333895683
1330    5.14178705215
1325    5.17039704323
1333    5.18170809746
1324    5.20956301689
0    5.244754076
1330    5.25160217285
1343    5.30531311035
0    5.34777498245
1309    5.35640001297
1309    5.38496208191
0    5.41819214821
1309    5.42835497856
1311    5.45871806145
0    5.48428106308
1343    5.4944460392
1279    5.51740312576
0    5.55556917191
1269    5.59364914894
1270    5.59651303291
1257    5.62443494797
1258    5.66288709641
1260    5.70452594757
1279    5.74361014366
1204    5.78769898415
1193    5.82653212547
1207    5.86555314064
1208    5.90848708153
1279    5.93583798409
1191    5.96989703178
1160    6.00807905197
1180    6.04458403587
1151    6.08313107491
1165    6.12536096573
1205    6.16270399094
1125    6.20652794838
1114    6.23693394661
1161    6.28033995628
1110    6.32097315788
1110    6.36471915245
1081    6.40392494202
1126    6.4512989521
1078    6.48360204697
1076    6.52275395393
1096    6.55016708374
1101    6.58281302452
1075    6.61268806458
1023    6.64143109322
1023    6.67680907249
1063    6.71908116341
1059    6.75126504898
1023    6.78190398216
1023    6.8190600872
1077    6.85250401497
1091    6.89281511307
1107    6.92601013184
1080    6.95067811012
1067    6.9955739975
1062    7.02156710625
1065    7.05714511871
1022    7.10053396225
1066    7.1427500248
1059    7.18132901192
1073    7.21127915382
1082    7.24643802643
1118    7.28958010674
1077    7.3286459446
1121    7.37290906906
1093    7.41171813011
1076    7.43838715553
1075    7.47125506401
1092    7.501994133
1075    7.54645705223
1093    7.58604216576
1075    7.63031697273
1074    7.67434501648
1055    7.7190451622
1058    7.7532479763
1023    7.78180098534
1062    7.81473994255
1023    7.85334706306
1062    7.88920998573
1023    7.91958713531
1023    7.9548971653
1023    7.98210096359
1023    8.02562117577
1064    8.06865501404
1062    8.10230994225
1023    8.12827897072
1023    8.15948200226
1023    8.19102597237
1023    8.22342896461
1023    8.26722311974
1023    8.30695199966
1058    8.35113811493
1055    8.38510894775
1023    8.41385006905
1023    8.46074509621
1058    8.49490213394
1066    8.52746915817
1061    8.57556509972
1065    8.61491703987
1077    8.65721106529
1112    8.68283009529
1106    8.71618914604
1076    8.74370312691
1073    8.79031801224
1076    8.8189971447
1092    8.85131502151
1092    8.89522314072
1109    8.93895316124
1124    8.97674107552
1112    9.02087712288
1128    9.05460596085
1143    9.08871412277
1159    9.12297916412
1137    9.16172409058
1180    9.19298315048
1177    9.22203397751
1176    9.25624012947
1145    9.30011796951
1196    9.33940601349
1197    9.38015508652
1163    9.40873503685
1164    9.44501709938
1239    9.48868012428
1193    9.52858114243
1174    9.55696105957
1181    9.58854198456
1160    9.62452697754
1244    9.65483212471
1196    9.69424295425
1167    9.73056316376
1144    9.7753200531
1143    9.81937909126
1130    9.85693311691
1125    9.89633512497
1170    9.92513895035
1114    9.96255803108
1166    10.0022420883
1129    10.0284609795
1128    10.0607249737
1110    10.0911099911
1126    10.1212091446
1081    10.1584401131
1096    10.1961369514
1122    10.2405490875
1087    10.2846150398
1093    10.3228161335
1079    10.3489620686
1079    10.3904960155
1063    10.4278271198
1049    10.4589350224
1023    10.492125988
1123    10.5204150677
1144    10.5542721748
1127    10.5831840038
1190    10.6274130344
1230    10.6762290001
1275    10.7099010944
1311    10.7445139885
1328    10.7856490612
1314    10.8103899956
1311    10.8439350128
1261    10.8725969791
1257    10.9082369804
1279    10.9392311573
1241    10.9713380337
1176    11.0147190094
1174    11.0586910248
1110    11.0962030888
1023    11.1553649902
1023    11.1940259933
960    11.2005169392
961    11.2321100235
0    11.2631449699
961    11.275354147
956    11.2970180511
958    11.3205959797
927    11.3508780003
927    11.3639471531
893    11.3939750195
892    11.4130051136
893    11.4303510189
887    11.4693610668
939    11.4986879826
905    11.5215680599
856    11.5565540791
857    11.5612859726
820    11.5966100693
0    11.6315259933
855    11.6361801624
872    11.6655490398
0    11.7056190968
858    11.7103071213
824    11.734869957
876    11.7798099518
844    11.8047950268
837    11.839867115
856    11.8699331284
935    11.9000511169
908    11.9408760071
949    11.977864027
877    12.0148861408
857    12.0587129593
874    12.1027510166
859    12.1365959644
891    12.1657171249
840    12.2029631138
861    12.2444119453
854    12.2885019779
861    12.3143620491
910    12.3477430344
908    12.3761589527
906    12.4097850323
874    12.443333149
938    12.4886159897
927    12.5241260529
853    12.577903986
909    12.6197090149
927    12.6587600708
921    12.7024559975
911    12.738779068
886    12.7679841518
927    12.8064620495
927    12.8607060909
942    12.8996429443
923    12.9437160492
908    12.9774751663
938    13.0091700554
907    13.0373160839
908    13.0707659721
969    13.1001830101
936    13.1291460991
962    13.1682450771
941    13.22230196
903    13.2655799389
977    13.3049321175
975    13.3486390114
977    13.3926401138
1004    13.4311821461
995    13.462346077
1023    13.5051519871
1074    13.5491321087
1023    13.5828180313
1023    13.6152861118
1023    13.644233942
1086    13.6800401211
1075    13.7262220383
1077    13.764165163
1083    13.7901861668
1077    13.8241140842
1142    13.8554430008
1091    13.8988039494
1109    13.9426081181
1123    13.9799051285
1096    14.0139360428
1131    14.0528819561
1122    14.086835146
1130    14.1207840443
1114    14.1647231579
1167    14.1991410255
1160    14.2380349636
1097    14.2670431137
1093    14.3007011414
1151    14.3394670486
1080    14.3730230331
1131    14.4020111561
1145    14.4411001205
1130    14.4651520252
1132    14.5045051575
1135    14.5433249474
1134    14.5701961517
1127    14.6039121151
1111    14.6313230991
1092    14.668792963
1080    14.6953520775
1097    14.7294461727
1098    14.7786030769
1059    14.8128230572
1023    14.8404390812
1023    14.8796470165
1023    14.9329121113
1023    14.9720189571
1023    15.0110681057
1023    15.042675972
1011    15.0713970661
1011    15.1088910103
1012    15.1471891403
1063    15.1848130226
1078    15.2170109749
1055    15.2482540607
1023    15.2919540405
1005    15.33416605
1023    15.3772010803
1054    15.4165170193
988    15.4606010914
1023    15.4944381714
1023    15.5306200981
1059    15.5691740513
1023    15.6084091663
1061    15.6574089527
993    15.6907811165
1004    15.7233250141
1023    15.7671210766
1023    15.8099629879
992    15.8488669395
1007    15.8790149689
1087    15.9096460342
1072    15.9386229515
1006    15.982845068
988    16.0269379616
1023    16.0658271313
991    16.1086061001
993    16.1327400208
979    16.1694591045
910    16.1969649792
908    16.2295789719
956    16.2583310604
974    16.2926609516
973    16.3255250454
978    16.3640711308
979    16.4030580521
972    16.4453771114
958    16.4883601665
959    16.514827013
1009    16.5466451645
977    16.5789980888
974    16.6220059395
977    16.649392128
974    16.6821091175
989    16.7255430222
1023    16.7685530186
991    16.8128020763
1048    16.8466801643
1023    16.8756451607
991    16.9096059799
1023    16.9374461174
1049    16.9747519493
1023    17.017209053
1023    17.0636620522
1078    17.1116631031
1023    17.1538870335
1023    17.1877069473
1059    17.2265629768
1073    17.2569260597
1023    17.2939679623
1005    17.328881979
1023    17.3576669693
1023    17.3937590122
1063    17.4297289848
1023    17.4723820686
1023    17.5155589581
1059    17.5545949936
1023    17.5934770107
1023    17.6218621731
1023    17.6542410851
1023    17.6827740669
1023    17.7316541672
1023    17.7705249786
1023    17.8138930798
1023    17.8527841568
1023    17.896433115
999    17.9218940735
