1011    0.0318479537964
1013    0.0638749599457
1059    0.0960550308228
1075    0.128232002258
1076    0.167541980743
1054    0.200862884521
1075    0.249285936356
1063    0.28125500679
1077    0.312409877777
1081    0.341604948044
1061    0.377485990524
1061    0.403763055801
1083    0.439642906189
1074    0.470218896866
1077    0.516252994537
1073    0.554759979248
1058    0.592737913132
1083    0.632358074188
1062    0.657056093216
1061    0.695585012436
1073    0.722140073776
1078    0.761918067932
1121    0.796700000763
1097    0.826575994492
1098    0.861546039581
1110    0.90202498436
1106    0.945367097855
1097    0.988517999649
1078    1.02511096001
1094    1.05647110939
1095    1.09984993935
1125    1.13790106773
1098    1.16792488098
1127    1.20661687851
1126    1.24553799629
1128    1.28344702721
1145    1.32005906105
1209    1.36185288429
1111    1.40517687798
1093    1.44360303879
1127    1.47533893585
1158    1.50538706779
1164    1.54030799866
1168    1.56691193581
1163    1.60469007492
1145    1.64327692986
1144    1.68667006493
1166    1.72485804558
1160    1.75565910339
1193    1.79134297371
1157    1.82214689255
1210    1.85793805122
1176    1.88862490654
1200    1.91939592361
1217    1.96765589714
1277    2.00600409508
1242    2.04471087456
1275    2.08817601204
1303    2.12644791603
1311    2.15314507484
1295    2.19478607178
1273    2.23652696609
1361    2.27315306664
1300    2.30435395241
1294    2.34824800491
1277    2.39147400856
1272    2.42889499664
1318    2.47229290009
1253    2.51077604294
1243    2.55330204964
1209    2.58704590797
1224    2.61952209473
1193    2.66228103638
1178    2.69325709343
1180    2.72587490082
1150    2.76937294006
1164    2.81237506866
1167    2.83754992485
1160    2.87397193909
1131    2.90466308594
1109    2.94028902054
1132    2.98114490509
1098    3.02206993103
1126    3.05071687698
1093    3.09336590767
1079    3.12757205963
1078    3.17536687851
1094    3.20837807655
1023    3.23484587669
1066    3.26924991608
1023    3.30281400681
1065    3.34624290466
1023    3.38940596581
1066    3.41514992714
1060    3.45495891571
1076    3.4932050705
1023    3.52229189873
1061    3.55233597755
1062    3.58821702003
1085    3.63113689423
1063    3.67525410652
1055    3.70878505707
1075    3.74078297615
1075    3.77171993256
1114    3.80307006836
1162    3.83448696136
1130    3.86609697342
1111    3.90924692154
1110    3.95244503021
1110    3.99026703835
1146    4.03204607964
1137    4.07907009125
1163    4.12235689163
1183    4.15210604668
1175    4.18185091019
1151    4.21658396721
1191    4.24657487869
1209    4.29008889198
1273    4.32971692085
1226    4.37248206139
1269    4.40555906296
1225    4.44889688492
1223    4.4918410778
1208    4.53454089165
1279    4.57286310196
1279    4.61636805534
1277    4.65440988541
1294    4.69853401184
1297    4.73662805557
1279    4.77037000656
1320    4.79875802994
1301    4.82947397232
1311    4.86914300919
1324    4.90274190903
1309    4.94099593163
1373    4.98393011093
1360    5.0237390995
1324    5.04862594604
1385    5.08375692368
1348    5.11358094215
1350    5.14404797554
1343    5.17752289772
1366    5.21311092377
1343    5.26118898392
1378    5.29811096191
1318    5.34146308899
1333    5.38462090492
1378    5.40952396393
1372    5.45503091812
1309    5.48667407036
1343    5.51756596565
1279    5.54913306236
1295    5.58004808426
1315    5.6167910099
1277    5.65998506546
1258    5.70567703247
1261    5.74336910248
1223    5.78161692619
1225    5.82492995262
1240    5.8682820797
1252    5.90668988228
1190    5.93535709381
1206    5.96882390976
1211    6.00174808502
1179    6.04502892494
1196    6.0735449791
1192    6.10707592964
1223    6.15025210381
1151    6.19274091721
1135    6.23580098152
1130    6.26927089691
1177    6.30542492867
1109    6.34718894958
1113    6.3856511116
1095    6.41909790039
1094    6.45753693581
1109    6.48559498787
1081    6.52126288414
1055    6.5576570034
1053    6.59312200546
1053    6.63598108292
1076    6.66952705383
1023    6.69704890251
1023    6.74012708664
1021    6.78385305405
1012    6.81605005264
1023    6.85823392868
1060    6.88426208496
1053    6.91709303856
1060    6.95004105568
1055    6.98874306679
1079    7.02114391327
1023    7.04951095581
1062    7.08856892586
1055    7.12526988983
1076    7.17110300064
1094    7.20778393745
1083    7.23986697197
1100    7.27124500275
1095    7.30301403999
1075    7.33589696884
1078    7.37843894958
1123    7.40914487839
1115    7.43973302841
1115    7.4724240303
1071    7.51072788239
1083    7.54174900055
1077    7.57760190964
1074    7.60321688652
1073    7.63693189621
1076    7.68011689186
1055    7.70680308342
1023    7.74438309669
1081    7.76912093163
1074    7.80602192879
1006    7.8327589035
1063    7.87431097031
1023    7.91923093796
1023    7.95243501663
1058    7.98952293396
1076    8.02106595039
1061    8.0468890667
1011    8.07630991936
1055    8.10921597481
1023    8.14210891724
1023    8.17461299896
1023    8.20805501938
1071    8.24643301964
1009    8.27461600304
1011    8.3071398735
1014    8.35395693779
1023    8.39222192764
1023    8.42039608955
1023    8.45567989349
1087    8.48561191559
1084    8.52893400192
1021    8.55840802193
1022    8.58664107323
1078    8.62020111084
1079    8.65249705315
1058    8.68073296547
1083    8.71945691109
1082    8.75569796562
1094    8.80387806892
1078    8.84489297867
1094    8.88309001923
1146    8.91663503647
1110    8.94506192207
1130    8.98363208771
1125    9.01244688034
1127    9.05579900742
1147    9.08355998993
1179    9.11712193489
1176    9.1603140831
1171    9.20255899429
1162    9.24506902695
1167    9.27150201797
1187    9.32500100136
1193    9.36834907532
1151    9.40701699257
1159    9.45032691956
1207    9.4769051075
1177    9.51666402817
1191    9.56164002419
1172    9.59004807472
1175    9.62337589264
1179    9.65199494362
1176    9.69403004646
1151    9.75523304939
1151    9.79051709175
1161    9.79442596436
1164    9.84821391106
0    9.88544893265
1179    9.88868093491
1164    9.92715501785
1224    9.95957994461
1197    9.99117398262
1122    10.0228281021
1143    10.0662219524
1110    10.1096310616
1124    10.1474499702
1145    10.1759130955
1158    10.2038509846
1161    10.2365279198
1098    10.2675609589
1093    10.3009300232
1070    10.3432559967
1078    10.3816270828
1053    10.4132580757
1063    10.443226099
1079    10.4758470058
1077    10.5040929317
1080    10.5410070419
1077    10.5801289082
1126    10.6072599888
1106    10.6505100727
1179    10.6984190941
1148    10.7335350513
1279    10.7669939995
1279    10.796569109
1325    10.8296918869
1310    10.865295887
1274    10.9020409584
1354    10.9455080032
1260    10.9889938831
1256    11.0270109177
1262    11.0657179356
1194    11.1045279503
1175    11.1288518906
1132    11.177054882
1063    11.2075119019
1023    11.2386479378
1010    11.2813670635
944    11.3081989288
937    11.3338739872
1011    11.3690600395
979    11.4032468796
897    11.4322969913
889    11.4663410187
889    11.5158379078
923    11.5495200157
893    11.5819818974
893    11.6139490604
855    11.6456899643
893    11.6765980721
857    11.7150509357
859    11.7398650646
857    11.7767601013
844    11.8032200336
891    11.8357579708
852    11.8763110638
860    11.9119279385
875    11.9527800083
857    11.9845039845
892    12.0160369873
876    12.0504860878
858    12.0981109142
860    12.1271140575
861    12.1622409821
853    12.2006030083
886    12.232861042
894    12.2643589973
903    12.2962141037
876    12.327162981
840    12.3679161072
891    12.4159100056
902    12.4539721012
891    12.4857859612
927    12.5374319553
911    12.5842769146
937    12.6166861057
908    12.6619660854
909    12.6949810982
911    12.7316579819
927    12.7907071114
971    12.8188529015
925    12.8479990959
1005    12.8920168877
975    12.9185049534
906    12.9515039921
927    12.9815890789
948    13.0134780407
943    13.0504209995
946    13.086728096
943    13.1350989342
982    13.1727459431
940    13.2154359818
963    13.252024889
947    13.2822039127
994    13.3257908821
977    13.3557209969
974    13.3946790695
993    13.4272489548
1009    13.4768519402
1009    13.5248138905
1023    13.5327830315
1023    13.5590970516
1022    13.5792279243
995    13.6176149845
992    13.6241490841
1076    13.6552410126
1023    13.6911480427
1059    13.7232530117
1055    13.7661519051
1078    13.8072910309
1078    13.849998951
1103    13.8870511055
1074    13.9157090187
1082    13.9527280331
1094    13.9959919453
1147    14.0336461067
1126    14.0643498898
1127    14.0950260162
1150    14.1274559498
1145    14.1711370945
1114    14.1995480061
1114    14.2328579426
1128    14.2763888836
1131    14.31914711
1142    14.3518459797
1145    14.398070097
1130    14.4462230206
1151    14.4768331051
1148    14.5070040226
1174    14.5352499485
1108    14.5716478825
1111    14.5999009609
1102    14.6307940483
1128    14.6763260365
1097    14.7063291073
1096    14.7497220039
1101    14.7816460133
1087    14.8134229183
1080    14.8451230526
1071    14.8885819912
1067    14.9320139885
1065    14.9688398838
1093    15.0126888752
1078    15.0364570618
1076    15.075220108
1023    15.0990009308
1066    15.1377909184
1023    15.1614460945
1023    15.2001440525
1076    15.2239189148
1063    15.2630190849
1102    15.3014008999
1023    15.3298070431
1023    15.362432003
1059    15.4105100632
1071    15.4481739998
1079    15.4820458889
1059    15.5200650692
1023    15.558768034
1085    15.5833508968
1076    15.6182320118
1062    15.6500411034
1023    15.6983089447
1023    15.7316260338
1023    15.7637588978
1023    15.7947559357
1023    15.8378269672
1074    15.8763101101
1023    15.9050149918
1015    15.9413609505
997    15.9796659946
994    16.0227839947
1062    16.049519062
1055    16.0851070881
1023    16.1159050465
1001    16.1643960476
963    16.2085809708
993    16.241904974
992    16.2849218845
975    16.3232300282
960    16.3662350178
964    16.3950328827
1000    16.4279229641
955    16.4716188908
957    16.513655901
941    16.5569338799
911    16.6098909378
960    16.6521160603
961    16.6876530647
975    16.7225830555
979    16.7492089272
974    16.7850749493
1023    16.8233320713
993    16.867249012
995    16.9060049057
977    16.937926054
973    16.9737250805
1023    17.0049080849
1023    17.0389800072
990    17.0834639072
1059    17.1215028763
1020    17.1496090889
1019    17.1825270653
1072    17.2163000107
1012    17.2500479221
1007    17.27404809
1077    17.3072500229
1023    17.35029006
1023    17.3938419819
1054    17.4321210384
1122    17.4642698765
1055    17.5078430176
1063    17.5507318974
1053    17.5941309929
1023    17.631141901
1008    17.6621170044
1023    17.7055170536
1023    17.7363119125
1023    17.7792561054
1023    17.817581892
1023    17.8608050346
1023    17.8899610043
1023    17.9240128994
1010    17.9681220055
1023    17.9921209812
994    18.0261878967
