1023    0.0333478450775
1054    0.0777418613434
1023    0.119840860367
1053    0.158367872238
1005    0.189940929413
1013    0.223435878754
1023    0.276849031448
1023    0.309433937073
1107    0.341928958893
1077    0.380342006683
1079    0.414120912552
1064    0.447875976562
1059    0.477056026459
1124    0.510982990265
1075    0.550025939941
1080    0.59383893013
1075    0.620378017426
1081    0.662782907486
1076    0.701522827148
1081    0.733182907104
1122    0.775507926941
1078    0.80669093132
1163    0.837726831436
1081    0.869911909103
1130    0.901531934738
1078    0.932582855225
1097    0.978809833527
1112    1.01991987228
1127    1.05591487885
1110    1.09193086624
1160    1.12310695648
1076    1.15216183662
1122    1.19587397575
1130    1.23430895805
1094    1.26745295525
1132    1.29769802094
1134    1.32945394516
1087    1.37175989151
1144    1.39913392067
1145    1.44150590897
1125    1.47861790657
1126    1.50830698013
1236    1.54255986214
1211    1.58676099777
1198    1.62288284302
1164    1.65417098999
1199    1.68544602394
1260    1.72964000702
1211    1.76857686043
1159    1.82076883316
1191    1.85496497154
1175    1.88853096962
1242    1.9330098629
1258    1.97191596031
1320    2.00005483627
1279    2.03350186348
1267    2.06542181969
1296    2.09506702423
1279    2.12412500381
1279    2.15752387047
1311    2.20243883133
1279    2.24113488197
1279    2.27337002754
1295    2.31713485718
1279    2.35458183289
1279    2.39146280289
1275    2.42520594597
1242    2.45831084251
1225    2.50255298615
1243    2.54684090614
1193    2.58484601974
1211    2.62912297249
1187    2.66852903366
1164    2.70770597458
1163    2.75184583664
1228    2.79098582268
1160    2.8352060318
1110    2.86085391045
1146    2.89479088783
1144    2.92761087418
1128    2.9600288868
1110    3.00245094299
1077    3.03891992569
1078    3.07306098938
1114    3.10989403725
1134    3.14400196075
1179    3.17309999466
1078    3.20726895332
1079    3.24171495438
1070    3.28019189835
1094    3.3127348423
1023    3.34524083138
1060    3.38910102844
1103    3.43150687218
1023    3.47020983696
1023    3.49736189842
1023    3.53112196922
1023    3.56206989288
1023    3.59215283394
1064    3.62728786469
1023    3.65720796585
1059    3.69203591347
1060    3.72701001167
1080    3.76216197014
1100    3.79551291466
1095    3.82692098618
1077    3.8706278801
1094    3.90877795219
1110    3.94098687172
1159    3.97334480286
1148    4.00605893135
1142    4.04951190948
1127    4.08911085129
1164    4.12678790092
1140    4.1658270359
1157    4.20002388954
1172    4.22779202461
1200    4.2659368515
1233    4.3032310009
1213    4.34723782539
1210    4.38590598106
1263    4.41616201401
1262    4.44642782211
1262    4.48197698593
1223    4.52644681931
1205    4.56540894508
1247    4.59443688393
1248    4.62856888771
1248    4.65754580498
1264    4.68649601936
1260    4.72050285339
1279    4.75455498695
1339    4.78856396675
1334    4.82791090012
1306    4.87205600739
1279    4.91533088684
1310    4.95381903648
1364    4.9980340004
1352    5.03717780113
1329    5.07615089417
1307    5.11994886398
1364    5.16741895676
1359    5.20136499405
1343    5.23506784439
1375    5.27607488632
1380    5.31536197662
1352    5.34139180183
1351    5.3777589798
1333    5.4144718647
1325    5.44728899002
1308    5.48133397102
1318    5.52025794983
1302    5.5687558651
1299    5.62700200081
1247    5.65649986267
1275    5.70105981827
1279    5.74050688744
1257    5.77497982979
1277    5.799284935
1276    5.8327498436
1226    5.86710596085
1244    5.90148186684
1209    5.94095182419
1231    5.98044586182
1191    6.01552987099
1208    6.05165481567
1171    6.08786487579
1192    6.12562584877
1157    6.15471792221
1177    6.18877291679
1129    6.21740484238
1124    6.25050187111
1151    6.27948188782
1139    6.3132519722
1105    6.35635089874
1094    6.40408587456
1069    6.43799686432
1092    6.47699785233
1075    6.51611280441
1081    6.54991483688
1065    6.57930898666
1083    6.61875796318
1049    6.65820884705
1048    6.68274283409
1023    6.71722602844
1023    6.75957989693
1016    6.79918694496
1003    6.84351181984
1023    6.88066291809
1023    6.91288781166
1075    6.95079898834
1079    6.98264884949
1075    7.01133394241
1055    7.06238603592
1102    7.09650397301
1023    7.12546801567
1095    7.15941786766
1084    7.19447398186
1059    7.23345303535
1078    7.27253389359
1079    7.31610488892
1060    7.36012101173
1141    7.39909482002
1063    7.44326090813
1098    7.48531198502
1086    7.52284693718
1127    7.56679296494
1072    7.60570287704
1080    7.63805699348
1075    7.66808795929
1072    7.70124197006
1055    7.74037098885
1073    7.78336381912
1023    7.82711291313
1084    7.86453795433
1087    7.91308093071
1023    7.94714999199
1110    7.98449087143
1093    8.01576590538
1023    8.05930185318
1009    8.09851789474
1023    8.13232803345
990    8.15713882446
1023    8.19517397881
1023    8.23397684097
1077    8.27700781822
1008    8.32082295418
1023    8.35500693321
1023    8.39194297791
1013    8.4244890213
1012    8.45682191849
1012    8.48873591423
1091    8.51994490623
1062    8.56322789192
1077    8.60240101814
1075    8.6510078907
1079    8.68512392044
1075    8.71459102631
1078    8.75657582283
1093    8.79113888741
1072    8.82984185219
1112    8.87199091911
1094    8.89727091789
1105    8.93113493919
1131    8.9616458416
1132    9.00035500526
1130    9.03279685974
1172    9.06650185585
1143    9.10021591187
1146    9.13953089714
1164    9.17257499695
1177    9.21665883064
1207    9.25510787964
1158    9.29803490639
1209    9.3416519165
1195    9.36748099327
1186    9.39698791504
1164    9.43014192581
1208    9.46925282478
1193    9.51201486588
1176    9.55602192879
1204    9.59387397766
1174    9.63666200638
1151    9.67998099327
1158    9.71403288841
1176    9.74332380295
1160    9.77686095238
1151    9.81136894226
1150    9.84069681168
1143    9.87448596954
1144    9.9021320343
1140    9.93967700005
1190    9.98546600342
1107    10.0184190273
1128    10.0507819653
1133    10.0832109451
1135    10.1140079498
1128    10.1568739414
1114    10.2011089325
1113    10.2393419743
1142    10.2830748558
1098    10.3236658573
1093    10.3620629311
1079    10.4102489948
1074    10.4478750229
1075    10.4916298389
1074    10.5304298401
1093    10.574215889
1107    10.6113858223
1163    10.6424489021
1130    10.6747908592
1207    10.7036588192
1208    10.7471308708
1240    10.7810599804
1295    10.8201010227
1279    10.8489599228
1341    10.8841190338
1374    10.914265871
1279    10.9579098225
1308    10.996724844
1258    11.0281469822
1242    11.055918932
1215    11.0944859982
1156    11.1333408356
1126    11.1768229008
1136    11.2038969994
1060    11.2326409817
1023    11.2766218185
994    11.3205339909
937    11.3593609333
972    11.3981938362
923    11.4321329594
907    11.4758808613
902    11.5193428993
837    11.5536799431
874    11.5882618427
890    11.6215748787
893    11.6508178711
893    11.6845350266
877    11.7191359997
823    11.7569589615
876    11.7900288105
857    11.8341510296
844    11.8710148335
855    11.9175009727
886    11.9555258751
859    11.9863920212
856    12.0300009251
852    12.0691468716
819    12.0989580154
844    12.1304588318
874    12.159291029
874    12.1935708523
841    12.2329528332
873    12.2596309185
902    12.295293808
910    12.3256118298
860    12.3558328152
880    12.3870329857
876    12.4179749489
889    12.4490728378
859    12.495388031
906    12.5379259586
857    12.5768048763
906    12.6039478779
907    12.6462898254
922    12.67157197
907    12.7079088688
927    12.7468588352
879    12.7778439522
961    12.8101959229
956    12.8417499065
890    12.8881018162
902    12.9263060093
959    12.9641609192
944    13.0081949234
944    13.0459840298
945    13.0761749744
969    13.1161060333
976    13.1534309387
973    13.1793529987
956    13.2175090313
920    13.2440099716
975    13.2881188393
1019    13.3271589279
1010    13.3758518696
955    13.4154508114
992    13.4488289356
1009    13.4816188812
992    13.5105199814
1023    13.5431599617
1061    13.5884349346
1012    13.6255748272
1062    13.6539399624
1062    13.6867408752
1023    13.7309880257
1082    13.7561948299
1095    13.7973928452
1096    13.8363008499
1081    13.8795540333
1095    13.9183018208
1092    13.9495728016
1132    13.9819710255
1111    14.0135178566
1135    14.0444400311
1130    14.0770969391
1113    14.121090889
1128    14.1608040333
1128    14.1913409233
1166    14.2407319546
1130    14.2745230198
1176    14.3058078289
1159    14.3498089314
1127    14.394110918
1114    14.4279208183
1111    14.4635648727
1125    14.5074799061
1144    14.5447058678
1118    14.5870540142
1113    14.6290149689
1082    14.663228035
1113    14.7066659927
1090    14.7450578213
1083    14.7756438255
1023    14.820253849
1084    14.8586418629
1081    14.8970048428
1076    14.9410288334
1058    14.9838798046
1023    15.0191259384
1078    15.0502789021
1023    15.0787909031
1023    15.1127479076
1060    15.1467809677
1023    15.1811888218
1023    15.2201550007
1007    15.2642178535
1021    15.3014290333
1020    15.3335258961
1063    15.3702738285
1023    15.4001619816
1023    15.4404740334
1023    15.4899439812
1076    15.5287139416
1103    15.5664169788
1009    15.5947928429
1074    15.6315879822
1059    15.6757228374
1059    15.7148280144
1007    15.7590768337
1106    15.7998878956
1078    15.8434379101
1023    15.8947930336
1065    15.9269828796
1061    15.9573199749
1023    15.992650032
1022    16.0315628052
1007    16.0630989075
987    16.1072158813
1023    16.1329679489
977    16.1670370102
977    16.1991248131
973    16.2286808491
1053    16.2732110023
957    16.3047599792
988    16.3369739056
989    16.3666708469
925    16.4109649658
935    16.4536819458
958    16.4927089214
961    16.5355260372
941    16.5637319088
963    16.5969679356
963    16.6352458
962    16.6633620262
955    16.696518898
957    16.7247459888
1007    16.7578649521
973    16.7864129543
998    16.818696022
1023    16.8645539284
994    16.8927919865
993    16.9317088127
989    16.9600818157
1007    17.0008130074
1021    17.0367898941
995    17.0729758739
1023    17.1120228767
1050    17.1505348682
1023    17.1983299255
1057    17.2313539982
1023    17.2751858234
1023    17.3141050339
1022    17.3432118893
1023    17.3792068958
1053    17.4172229767
1023    17.4494459629
1060    17.4821050167
1023    17.5261399746
1073    17.5700700283
1023    17.6075060368
1023    17.6398129463
1055    17.6827778816
1023    17.7269089222
1059    17.7646448612
1023    17.7959768772
1023    17.8394839764
1023    17.8785889149
1019    17.9075448513
1009    17.9675979614
1060    18.0000808239
