1080    0.0486810207367
1074    0.0924501419067
1023    0.135251045227
1072    0.17432808876
1073    0.218475103378
1076    0.252315044403
1106    0.280980110168
1078    0.325182199478
1084    0.356570005417
1127    0.400595188141
1126    0.44039106369
1080    0.484740972519
1109    0.522242069244
1075    0.566236019135
1087    0.60257601738
1073    0.630642175674
1080    0.663908004761
1081    0.706784009933
1129    0.745630979538
1079    0.778117179871
1087    0.821943044662
1110    0.848221063614
1070    0.882845163345
1123    0.921725988388
1090    0.954353094101
1116    0.991441965103
1111    1.0388469696
1094    1.07333612442
1112    1.11770510674
1164    1.14418411255
1173    1.17673015594
1146    1.20687699318
1129    1.2353811264
1128    1.25799918175
1158    1.29063296318
1147    1.32372617722
1145    1.35370111465
1143    1.39692401886
1126    1.42983198166
1149    1.4664850235
1164    1.51967716217
1199    1.55869603157
1196    1.60694813728
1193    1.64045810699
1159    1.66863298416
1180    1.70710396767
1212    1.74654507637
1196    1.79078102112
1229    1.82518410683
1228    1.85740208626
1224    1.88629102707
1247    1.92947816849
1275    1.9736020565
1263    2.00358510017
1329    2.0355219841
1308    2.07957196236
1348    2.1178920269
1343    2.16158509254
1329    2.18872308731
1380    2.21928501129
1342    2.25260210037
1294    2.2874879837
1279    2.32774305344
1295    2.36584806442
1279    2.39685416222
1246    2.42859601974
1242    2.47316098213
1247    2.50049209595
1258    2.53088998795
1213    2.56637716293
1166    2.59673309326
1196    2.63965606689
1180    2.68153905869
1211    2.7205491066
1138    2.76477313042
1127    2.80350399017
1216    2.8336660862
1129    2.86657714844
1112    2.91053819656
1112    2.94924497604
1111    2.99175906181
1094    3.03538513184
1078    3.07763314247
1081    3.10386514664
1092    3.13783097267
1066    3.16922903061
1060    3.21340918541
1062    3.2528090477
1079    3.29087615013
1023    3.3228430748
1023    3.36761307716
1023    3.40646219254
1062    3.45009708405
1023    3.4774491787
1023    3.50963711739
1023    3.54567909241
1060    3.5848031044
1108    3.6290640831
1073    3.66843819618
1059    3.72231411934
1077    3.74980211258
1098    3.78413009644
1092    3.81850099564
1127    3.84421515465
1144    3.87763309479
1143    3.91103601456
1164    3.93931317329
1159    3.97282600403
1176    4.00121116638
1160    4.04004096985
1158    4.08415007591
1198    4.1231470108
1189    4.16726613045
1226    4.20632100105
1226    4.25023913383
1229    4.29511618614
1234    4.32952618599
1230    4.37344002724
1241    4.41431903839
1270    4.46765708923
1272    4.50076508522
1277    4.53859210014
1295    4.57997703552
1305    4.62391400337
1279    4.66148114204
1279    4.70548009872
1325    4.74766111374
1311    4.78692412376
1324    4.82967996597
1347    4.86821508408
1348    4.89615011215
1343    4.93989515305
1362    4.99911904335
1396    5.02661013603
1381    5.05916714668
1377    5.09669709206
1379    5.13203716278
1377    5.1758351326
1364    5.22023701668
1400    5.26813602448
1395    5.3008620739
1378    5.33370709419
1364    5.37735915184
1370    5.40717101097
1367    5.44345402718
1364    5.47862696648
1324    5.50743412971
1330    5.54475212097
1343    5.58328700066
1313    5.6207780838
1279    5.64982318878
1324    5.68363404274
1327    5.72314119339
1279    5.75785112381
1279    5.78530597687
1328    5.82229709625
1273    5.86360907555
1259    5.90329003334
1239    5.9462621212
1263    5.98542499542
1228    6.01886606216
1224    6.05715513229
1227    6.08997416496
1220    6.13387608528
1175    6.16508507729
1180    6.20750808716
1181    6.23376917839
1161    6.28035712242
1176    6.32480096817
1164    6.36242604256
1162    6.39317703247
1116    6.42440414429
1128    6.45966506004
1145    6.49766612053
1107    6.52666306496
1114    6.56046819687
1112    6.60503101349
1080    6.64446806908
1060    6.6835091114
1084    6.72631311417
1060    6.76015496254
1066    6.79706501961
1066    6.83259797096
1058    6.86705708504
1063    6.89690518379
1077    6.94109010696
1078    6.98503398895
1148    7.02226901054
1075    7.06547403336
1082    7.10950899124
1093    7.15339207649
1125    7.1958770752
1079    7.23395299911
1092    7.27604007721
1079    7.31595110893
1128    7.35518217087
1110    7.39857006073
1094    7.44235110283
1141    7.48306918144
1077    7.5219540596
1094    7.56551909447
1116    7.60403609276
1099    7.63870000839
1074    7.66798019409
1063    7.70207715034
1081    7.7362279892
1107    7.76041197777
1066    7.79451417923
1063    7.82894706726
1092    7.88035297394
1066    7.91301417351
1060    7.94569611549
1062    7.98342299461
1071    8.02115297318
1054    8.04889702797
1059    8.08194708824
1074    8.12634110451
1059    8.15224814415
1023    8.18847107887
1023    8.2283000946
1023    8.25649619102
1087    8.30395412445
1022    8.33623313904
1048    8.368445158
1023    8.41248703003
1081    8.43899011612
1061    8.47722697258
1105    8.51229500771
1073    8.54637217522
1055    8.57796597481
1058    8.62135601044
1081    8.6504201889
1101    8.68993616104
1094    8.73423600197
1112    8.76840615273
1143    8.79771614075
1149    8.83402705193
1147    8.87561106682
1162    8.9150800705
1165    8.94826197624
1161    8.98283314705
1180    9.02219104767
1159    9.05078697205
1160    9.08277606964
1176    9.1110470295
1213    9.14431214333
1231    9.17659115791
1273    9.21554708481
1193    9.24479103088
1230    9.28639006615
1220    9.33504319191
1233    9.37312817574
1225    9.40684604645
1246    9.44641804695
1193    9.4887881279
1213    9.51545810699
1215    9.54792499542
1187    9.57681703568
1176    9.62554812431
1177    9.66280508041
1210    9.70048308372
1193    9.73931002617
1177    9.77192306519
1216    9.80405807495
1164    9.84611201286
1211    9.88368797302
1174    9.92786812782
1156    9.96721315384
1127    10.0230710506
1144    10.0670630932
1144    10.0946280956
1098    10.1326520443
1126    10.1694421768
1112    10.1972169876
1142    10.2339520454
1128    10.272758007
1095    10.3030261993
1114    10.3333539963
1115    10.3639411926
1094    10.4081630707
1087    10.4471821785
1076    10.4763059616
1110    10.505177021
1127    10.5375680923
1135    10.5657660961
1129    10.5990970135
1151    10.6312711239
1226    10.6639640331
1241    10.6936430931
1300    10.7250931263
1342    10.7793500423
1349    10.8119220734
1393    10.8443510532
1329    10.871792078
1319    10.9042110443
1343    10.9417569637
1324    10.9692029953
1279    11.0017011166
1196    11.034224987
1179    11.0724380016
1113    11.116489172
1106    11.1551980972
1067    11.1895980835
1015    11.2160990238
1008    11.2501721382
1008    11.2926430702
918    11.3259580135
955    11.3648531437
944    11.3964860439
974    11.4406590462
924    11.4797489643
927    11.5285871029
892    11.5664160252
875    11.6104180813
893    11.649105072
909    11.6924200058
875    11.7311651707
843    11.7625260353
839    11.7947120667
905    11.8241040707
923    11.870527029
874    11.9090180397
874    11.9529271126
897    12.0020370483
913    12.0340900421
909    12.07776618
890    12.1163430214
856    12.1453201771
855    12.1777470112
924    12.2113800049
869    12.2545981407
857    12.2953000069
902    12.3397800922
876    12.378911972
876    12.4110679626
894    12.4430000782
927    12.4742350578
907    12.5086829662
894    12.5472609997
918    12.5913059711
922    12.629997015
922    12.6657190323
945    12.7033481598
922    12.7375969887
923    12.7766590118
941    12.820412159
945    12.8465561867
930    12.8824939728
926    12.908960104
923    12.9429681301
941    12.9819891453
1023    13.0143780708
970    13.0584571362
991    13.0852110386
959    13.1284050941
1011    13.165815115
962    13.1997361183
998    13.2299671173
961    13.2737960815
1060    13.3118450642
981    13.346353054
996    13.3918130398
1010    13.4281041622
1015    13.4593031406
1023    13.4874830246
1023    13.5210170746
1092    13.5632281303
1023    13.6057641506
1078    13.6449279785
1076    13.6889851093
1084    13.7229540348
1077    13.7620241642
1094    13.7961711884
1111    13.8284800053
1140    13.8776581287
1092    13.919465065
1112    13.9592320919
1212    13.9868750572
1109    14.0191509724
1139    14.051235199
1145    14.0835990906
1161    14.1160471439
1133    14.1470680237
1132    14.178301096
1142    14.2104279995
1131    14.2413439751
1160    14.2853829861
1164    14.3245930672
1193    14.36850214
1177    14.4058041573
1179    14.4432601929
1138    14.4875330925
1125    14.526458025
1199    14.5580301285
1114    14.5897240639
1077    14.6335961819
1081    14.6816411018
1128    14.7156140804
1078    14.7466540337
1078    14.7857580185
1149    14.8215620518
1072    14.8591229916
1108    14.8884961605
1048    14.922866106
1079    14.9675431252
1023    15.0257639885
1074    15.0577130318
1023    15.1018571854
1023    15.1409211159
1055    15.1845891476
1077    15.2102901936
1087    15.254347086
1023    15.2854430676
1087    15.3292269707
1054    15.3683719635
1072    15.3975021839
1076    15.4281821251
1066    15.4646229744
1079    15.5137059689
1060    15.5425851345
1049    15.5782921314
1023    15.6055550575
1074    15.6345939636
1023    15.671172142
1023    15.7095611095
991    15.7427051067
1007    15.7815690041
1023    15.8183581829
1009    15.8613770008
1006    15.8886790276
978    15.920732975
978    15.9527699947
1112    15.9842870235
1001    16.0116591454
1021    16.0486271381
993    16.08791399
958    16.1320750713
956    16.1784460545
991    16.2148599625
922    16.2560150623
960    16.2822570801
968    16.3162360191
994    16.3479971886
994    16.3792910576
956    16.4226810932
927    16.461605072
925    16.5054750443
977    16.5470449924
994    16.5844140053
964    16.6168711185
997    16.6610679626
994    16.6999351978
1023    16.7311620712
1023    16.760007143
1014    16.7984170914
1023    16.8374090195
1023    16.8803400993
1063    16.9068450928
1055    16.9413421154
1023    16.9910271168
1023    17.0399460793
1023    17.0827260017
1023    17.1259269714
1012    17.1526901722
1009    17.186964035
1023    17.2255680561
1023    17.254887104
1109    17.3037950993
1126    17.3417830467
1076    17.3734941483
1141    17.4177560806
1161    17.4656820297
1096    17.5094320774
893    17.5368511677
936    17.5667440891
600    17.5990130901
559    17.643032074
487    17.6814031601
509    17.7252161503
460    17.7636339664
457    17.8167920113
443    17.8556890488
425    17.8937239647
388    17.9341821671
405    17.963078022
353    17.9965641499
336    18.0405011177
