1022    0.0274631977081
1023    0.0611810684204
1023    0.0926451683044
1023    0.131660223007
1062    0.167924165726
1078    0.199040174484
1023    0.241262197495
1023    0.288087129593
1081    0.321013212204
1023    0.348750114441
1061    0.381615161896
1059    0.409744024277
1083    0.445301055908
1121    0.477021217346
1081    0.507018089294
1102    0.541995048523
1097    0.578277111053
1093    0.621750116348
1081    0.654806137085
1078    0.688204050064
1093    0.72159409523
1076    0.765318155289
1073    0.798615217209
1074    0.832067012787
1095    0.870581150055
1077    0.918937206268
1142    0.95735502243
1131    1.00096106529
1131    1.04427504539
1129    1.07513809204
1096    1.10712504387
1094    1.13549613953
1098    1.17221021652
1114    1.1989440918
1113    1.23031020164
1111    1.26257920265
1111    1.29490303993
1146    1.32724404335
1112    1.35462903976
1113    1.38190603256
1113    1.419298172
1112    1.45662403107
1162    1.48902320862
1151    1.5214240551
1123    1.55420613289
1172    1.59725308418
1156    1.63098621368
1166    1.66357111931
1177    1.70707011223
1177    1.75042200089
1196    1.7935731411
1256    1.83194208145
1255    1.86035609245
1258    1.91810512543
1225    1.94679617882
1257    1.98086309433
1269    2.02738308907
1325    2.06528806686
1307    2.09280920029
1323    2.12582111359
1364    2.1532971859
1365    2.19022917747
1325    2.21710705757
1321    2.25914216042
1347    2.28626203537
1308    2.31910514832
1295    2.35131406784
1278    2.39455604553
1245    2.4380440712
1222    2.4760761261
1214    2.50469303131
1199    2.55827403069
1211    2.59062004089
1174    2.63354516029
1175    2.66592502594
1160    2.70445418358
1163    2.73863816261
1150    2.77673316002
1145    2.80467700958
1144    2.84315299988
1127    2.886095047
1113    2.92430305481
1127    2.96261715889
1112    2.99578499794
1078    3.03397107124
1063    3.06823611259
1078    3.10232400894
1074    3.13728404045
1023    3.1726000309
1023    3.20556902885
1062    3.23625206947
1055    3.27807307243
1023    3.3062942028
1023    3.34216213226
1023    3.3855881691
1076    3.42805314064
1023    3.48115921021
1081    3.50723218918
1074    3.54075622559
1073    3.56923222542
1023    3.6025261879
1075    3.63352513313
1062    3.66421103477
1082    3.69536113739
1080    3.72638511658
1095    3.76030802727
1079    3.80123209953
1111    3.82873606682
1097    3.8661301136
1129    3.89374899864
1146    3.94181704521
1164    3.97664213181
1167    4.00622105598
1160    4.04096412659
1211    4.07565522194
1160    4.11060118675
1240    4.14625811577
1212    4.18798017502
1203    4.2249751091
1222    4.25753712654
1225    4.29133415222
1232    4.31799006462
1229    4.35129213333
1223    4.38436102867
1231    4.41583800316
1226    4.44743204117
1226    4.47734022141
1261    4.50226211548
1307    4.53847002983
1247    4.5920882225
1244    4.63052415848
1258    4.67435503006
1279    4.71305918694
1279    4.75679802895
1270    4.794891119
1343    4.82551908493
1316    4.86103010178
1307    4.89890623093
1327    4.93721008301
1328    4.96548008919
1329    4.99762916565
1393    5.02601504326
1324    5.05948805809
1343    5.08790111542
1347    5.1251001358
1367    5.15151119232
1343    5.19099116325
1343    5.22908210754
1372    5.26763319969
1342    5.29571413994
1343    5.33759117126
1347    5.36442804337
1354    5.39584422112
1347    5.42767119408
1311    5.4597890377
1311    5.49677300453
1334    5.53588318825
1308    5.58066916466
1239    5.62017703056
812    5.6437292099
799    5.67662906647
696    5.71808004379
1099    5.75653219223
1309    5.78694009781
1295    5.81883907318
1259    5.86172413826
1311    5.88989305496
1305    5.92340111732
1378    5.96692609787
1467    6.01014614105
1461    6.0471701622
1458    6.07507920265
1524    6.10802221298
1540    6.14021420479
1489    6.18351411819
1447    6.22687220573
1279    6.26416802406
1151    6.29671406746
1143    6.3400812149
1110    6.37853908539
1136    6.42187404633
1112    6.45926117897
1093    6.4886162281
1110    6.52254009247
1094    6.55609703064
1101    6.58740401268
1087    6.61826920509
1103    6.66137909889
1023    6.6913330555
1023    6.72177100182
1108    6.753013134
1073    6.79226207733
1071    6.8288860321
1066    6.87033605576
1023    6.89718914032
1023    6.93020009995
1023    6.98519515991
1066    7.01767301559
1023    7.0501332283
1068    7.08255815506
1023    7.11510419846
1128    7.15418505669
1076    7.18334722519
1095    7.22754216194
1081    7.26058506966
1148    7.28370904922
1145    7.31681799889
1193    7.35491108894
1227    7.3829240799
1223    7.41603803635
1174    7.45404219627
1238    7.48204612732
1279    7.51494121552
1274    7.54289102554
1279    7.57590508461
1256    7.60392713547
1241    7.63701510429
1216    7.66450500488
1259    7.70463514328
1133    7.74815702438
1097    7.78666210175
1065    7.81827807426
1061    7.84905815125
1023    7.87978816032
1023    7.91545915604
1023    7.95290207863
1023    7.99606704712
1023    8.03193712234
1023    8.08374500275
1063    8.12220811844
1076    8.1537861824
1023    8.18458008766
1023    8.21565699577
1023    8.25823116302
1023    8.28906822205
1023    8.31982207298
1023    8.35052514076
1023    8.38146018982
1023    8.4297940731
1048    8.48318600655
1062    8.52580404282
1081    8.56166219711
1093    8.5949242115
1245    8.62569713593
1242    8.66885018349
1363    8.7120051384
1351    8.74932909012
1364    8.79626011848
1414    8.83474707603
1332    8.87733101845
1144    8.91543412209
940    8.94358801842
826    8.97631502151
826    9.01199913025
771    9.03806114197
752    9.07086205482
731    9.10833001137
718    9.16099715233
716    9.18777799606
716    9.22451615334
717    9.26151800156
887    9.28960609436
892    9.32294917107
1175    9.36133813858
1343    9.39482307434
1325    9.42834806442
1311    9.45687103271
1279    9.49556303024
1279    9.52730917931
1297    9.55906414986
1233    9.59090209007
1225    9.63444519043
1179    9.67775917053
1194    9.71113801003
1146    9.74380517006
1192    9.77672100067
1161    9.8098192215
1147    9.83399701118
1161    9.87738013268
1147    9.90869021416
1144    9.95267319679
1141    9.98569011688
1130    10.0189471245
1151    10.0517790318
1143    10.087665081
1109    10.1260421276
1109    10.1692712307
1115    10.2010540962
1115    10.2325911522
1127    10.2736570835
1083    10.3153400421
1093    10.3513000011
1124    10.3799412251
1077    10.4180600643
1074    10.4605321884
1078    10.4989931583
1072    10.5425550938
1112    10.5809891224
1112    10.6192262173
1176    10.6668701172
1162    10.7019450665
1197    10.7318251133
1274    10.7667891979
1460    10.8018100262
1709    10.8368051052
1491    10.8667311668
825    10.901774168
824    10.9399881363
634    10.9785192013
633    11.0165672302
389    11.059705019
1196    11.0997011662
1179    11.1326510906
1178    11.1856322289
1079    11.2183670998
1049    11.2450890541
1087    11.2754790783
971    11.3076322079
968    11.3582131863
974    11.3915672302
941    11.4347600937
907    11.4774181843
894    11.508092165
873    11.5504422188
908    11.5813481808
855    11.6243340969
890    11.6626250744
938    11.6948080063
860    11.7256011963
859    11.7715301514
908    11.8095040321
891    11.8485901356
905    11.8868041039
893    11.9300990105
823    11.9571871758
823    11.9903361797
891    12.0235650539
876    12.0661990643
896    12.0929350853
893    12.1260762215
853    12.1695351601
859    12.1954660416
837    12.2240321636
874    12.2645640373
909    12.2947950363
826    12.3380200863
845    12.3699409962
876    12.4181671143
870    12.4513339996
909    12.4845430851
905    12.5127251148
903    12.5459020138
900    12.5740292072
907    12.6271982193
888    12.6554610729
891    12.6887300014
907    12.7218921185
911    12.75
907    12.7831451893
943    12.8112850189
927    12.8459050655
941    12.8726861477
894    12.9060330391
892    12.9342741966
942    12.972135067
924    13.0163002014
923    13.0414910316
952    13.0745830536
988    13.1180231571
935    13.1562290192
942    13.1882932186
935    13.231842041
953    13.2701201439
1023    13.2992241383
981    13.3599441051
981    13.3955922127
1010    13.400963068
984    13.4461221695
1012    13.4818930626
1012    13.5176382065
824    13.5545260906
491    13.5854351521
751    13.613713026
799    13.6518461704
767    13.6901972294
1013    13.7280371189
1399    13.7612681389
1310    13.789522171
1114    13.8363881111
1080    13.8793840408
1142    13.9128370285
1096    13.9456460476
1087    13.9772181511
1079    14.00735116
1142    14.0396571159
1131    14.0757892132
1126    14.1058959961
1163    14.1419122219
1130    14.1801781654
1131    14.228716135
1127    14.2618870735
1163    14.2937772274
1211    14.3248991966
1139    14.3581061363
1195    14.3963940144
1130    14.4283781052
1144    14.4743900299
1108    14.5069031715
1113    14.5527350903
1191    14.5894570351
1170    14.6178162098
1225    14.6536622047
1248    14.6844141483
1349    14.7127480507
1343    14.7460920811
1359    14.7797391415
1279    14.8217401505
1221    14.8684990406
1176    14.9017410278
1126    14.930090189
1094    14.9638822079
1099    14.9957151413
1081    15.0243930817
1080    15.0605351925
1076    15.0983550549
1063    15.1299741268
1096    15.1618030071
1123    15.2032380104
1023    15.2473421097
1080    15.2855679989
1055    15.3125810623
1023    15.3441572189
1023    15.375193119
1023    15.410145998
1023    15.4363172054
1023    15.472807169
1023    15.4988231659
1065    15.5340151787
1023    15.56240201
1023    15.6001291275
1023    15.6240091324
1071    15.6659901142
1023    15.7004961967
1055    15.7384710312
969    15.767108202
1009    15.7998671532
998    15.8353881836
992    15.8629980087
1009    15.8956542015
958    15.9488730431
958    15.9905002117
1023    16.0235660076
1003    16.0767560005
1023    16.1224930286
978    16.1682062149
978    16.2038581371
924    16.2404651642
961    16.2886271477
957    16.3281371593
907    16.3615591526
941    16.3900270462
941    16.4233231544
938    16.4564990997
905    16.4980630875
965    16.5286011696
959    16.5677571297
993    16.6151130199
992    16.6633980274
1023    16.7066440582
1020    16.744079113
991    16.7873871326
1009    16.8302431107
1011    16.868129015
993    16.9199151993
1023    16.9625680447
1049    16.9961650372
1078    17.0391600132
1081    17.0647890568
1073    17.1072731018
1080    17.1504201889
997    17.1741821766
991    17.2073991299
876    17.238243103
750    17.2662000656
719    17.2998321056
702    17.3433392048
702    17.384968996
701    17.4232690334
698    17.4561700821
702    17.4935650826
701    17.5376741886
700    17.580958128
746    17.6170971394
683    17.6490390301
685    17.6921172142
682    17.7387211323
682    17.7733790874
680    17.8036980629
702    17.8360171318
698    17.8640642166
700    17.897190094
683    17.9252061844
683    17.9609150887
683    17.9892520905
683    18.0225801468
