1.180904346067474520e-01 1.729138437465259359e-02 1.618981513311488693e-02
1.835571636510139118e-02 1.426458310691575415e-01 1.706419240773610346e-01
8.878378682711141057e-02 -1.496886672639858532e-03 1.909544268370113804e-02
-4.270599179201898903e-03 1.883691629351734800e-02 1.713166535143444136e-02
8.903436903792816270e-02 9.086873492609613689e-02 -2.647895262655968092e-03
3.394873203882774887e-02 1.328215617290136874e-01 1.144649586506782946e-01
7.688206192955551743e-02 3.991958031997513978e-02 1.268668950337748513e-01
6.474140626136593024e-02 1.482649006108422984e-01 5.812509883613104639e-02
1.991172324487962969e-02 4.597019577214836450e-02 1.023661862214009233e-01
1.710194208051760700e-01 2.593417372698351292e-02 9.935680314692182935e-02
1.529476463207143089e-01 1.921129794129394219e-01 1.263207881160338109e-01
8.645858207115619809e-02 9.153829584659234353e-02 -8.108495470393760687e-03
-4.953419426304450646e-02 5.003826119462362332e-02 6.819910297784427533e-02
1.023322057759490922e-01 1.180706412603275968e-01 1.499048565778046405e-01
5.859204664145239473e-03 1.177224695283871948e-02 -2.786420462956240140e-03
1.294156526235348825e-01 5.145413979858799725e-02 1.927938883069822140e-01
2.110868593684382677e-02 1.313152991738921090e-02 4.074217059338181013e-02
5.985895646491162098e-02 6.334271646324518557e-02 1.684418815123378266e-01
4.999807246211670358e-02 5.631176034223281390e-02 6.086716972338856307e-02
7.778492904825870524e-02 3.841187651978882761e-02 2.965608379328297725e-02
