1.054078264811346033e+00 -7.418201204460367570e+00 -8.389108937113693987e-01 5.769408481204120198e-01 1.175921485345044371e+00 1.318270902854451476e+00 8.181638553312801099e-01
1.080163281058348135e+00 -6.716591865343381151e+00 -9.388450233122340727e-01 8.103417628399623984e-01 1.406844105392516120e+01 -5.737792966968303432e+00 -1.181895975835654644e+00
-6.188288439392872764e-01 -5.880653114834035744e-01 -1.316302390567884339e+00 2.218083493560860375e-01 1.102333787433466661e+00 1.331552435447449945e+00 8.186036665541897017e-01
1.719057319408340556e-01 4.592773533461831370e+00 -7.644964158772122875e-01 -2.353764150210410300e+00 -2.348566796407746082e+01 1.613609465393632192e+01 2.523652119432949537e+00
1.007531259007291125e+00 4.580207051328378576e+00 3.812316568120754923e-01 -2.292488623784046275e+00 -1.944701008547955112e+01 1.265783263758583566e+01 1.111088837978136734e+00
-3.204363896554024982e-01 3.097099228902440604e+00 7.767766806535075785e-01 -1.348722493966172831e+00 -9.998357776983189282e+00 6.060503663503218341e+00 2.493177814472813836e+00
3.900518685393604135e-01 2.531365479811574115e+00 -1.343968855866047862e+00 -8.679823056509576862e-01 2.573633545371354359e+00 -1.555066689008939074e+00 -2.676734736469875475e+00
-4.061115247348364155e-01 3.473677778384307135e+00 -4.880994318206540172e-01 -6.029380915506703520e-01 5.426799836880128680e+00 -4.712363611611569247e+00 -7.296036860550650927e-01
-7.487571728950382921e-01 2.950223869194938398e-01 -1.022603519728702559e-01 -1.192829622145811674e+00 -9.530861894681152080e+00 4.342671207028632629e+00 4.286818386748810106e+00
8.603116019488483701e-01 4.282211646939827254e+00 -5.645896822995544184e-01 -2.311167287823554073e+00 -9.919615682784899136e+00 6.201568720657967049e+00 9.376654374617691134e-01
1.072771160503777355e-01 5.072012018825588164e+00 2.656144057985865836e-01 -1.505676419865276783e+00 1.032483475520767691e+01 -7.651348448780771250e+00 -4.634363787481794006e+00
3.750962582301569648e-01 4.683631301454449947e+00 1.930594065255963221e+00 -3.518723918301680520e-01 1.697238568277792581e+01 -1.064213248652467136e+01 -4.068093421261307796e+00
-1.669901654895266985e+00 -2.137812104956328785e+00 4.855701737705084287e-01 6.176548295928205312e-02 -5.177512445154840215e+00 1.978785480645551820e+00 2.085016665599625174e+00
7.281589336666488554e-01 -5.910028124571494956e+00 -3.362390347152021119e-01 2.549703118822412851e-01 5.665410630540395065e-01 -3.537319102187539421e-01 -1.200856238068536141e+00
1.815325869110274715e+00 -6.615549610337632558e+00 2.466417173392239093e+00 6.898833804725853502e-01 2.770249759347671148e+00 -3.447325010318675886e+00 -5.976117990408529729e-02
-1.565687712324807412e+00 -2.717144291985388982e+00 3.658927383175706871e-01 2.536243272446198627e-01 1.146888427549478351e+01 -8.547328299992253520e+00 -1.192089743799497059e+00
-6.362476930881179327e-02 5.483148216439317046e+00 -9.499114090561187052e-01 -1.140063765599968137e+00 1.476942505808541917e+01 -1.082573654856277656e+01 -3.914986198821425400e+00
-5.336811421745270012e-01 -1.097775502464366282e+00 -1.255272551193711283e-01 -4.665700120515948734e-01 -7.035919185335625103e-01 -1.673903314345151383e+00 2.274443514309981484e+00
-1.451207943926544397e+00 -1.659855307266567159e+00 5.112561570977827152e-01 1.449280652622931542e-01 -3.151229064689437642e+00 2.975634554991483771e+00 4.164981703398951574e+00
-1.226620079874860408e-01 -7.302860869534353316e-01 1.160417338239840418e-01 1.902295001594408175e-01 -2.409995181604192016e+00 1.653377317092438847e+00 -2.015084777527504478e+00
