2221    0.0299727916718
2229    0.0616238117218
2236    0.110087871552
2271    0.143349885941
2224    0.171985864639
2224    0.209832906723
2237    0.251157999039
2227    0.287950992584
2236    0.320591926575
2226    0.352102994919
2278    0.383941888809
2224    0.420104980469
2224    0.453805923462
2272    0.487019777298
2225    0.527193784714
2220    0.560568809509
2218    0.599039793015
2224    0.642497777939
2221    0.684790849686
2216    0.722894906998
2225    0.766275882721
2222    0.807592868805
2224    0.846103906631
2232    0.883045911789
2229    0.909403800964
2226    0.942425966263
2237    0.977608919144
2227    1.01513290405
2235    1.05641889572
2233    1.09891676903
2226    1.13622093201
2228    1.16813397408
2228    1.19640493393
2225    1.23010778427
2220    1.26197981834
2224    1.2917277813
2288    1.32663583755
2237    1.36150479317
2229    1.40670180321
2226    1.43965792656
2236    1.46957182884
2207    1.5047519207
2215    1.54281878471
2216    1.57769489288
2206    1.61541891098
2204    1.64548397064
2194    1.67900395393
2196    1.70798993111
2197    1.7463619709
2196    1.78842377663
2197    1.82131576538
2254    1.85663580894
2199    1.88177680969
2206    1.91560196877
2217    1.95127296448
2258    1.99578690529
2203    2.0338139534
2217    2.06018877029
2207    2.09363985062
2212    2.13737082481
2209    2.19112586975
2256    2.21714687347
2212    2.25176286697
2218    2.29477095604
2227    2.32976198196
2237    2.36482000351
2228    2.3982219696
2235    2.43487596512
2232    2.47803092003
2227    2.51480388641
2229    2.55170297623
2228    2.58357381821
2229    2.61542487144
2225    2.65847086906
2228    2.68785190582
2216    2.73132896423
2229    2.77750897408
2232    2.8111538887
2223    2.8545320034
2240    2.89767193794
2240    2.93454384804
2246    2.97633886337
2248    3.0138027668
2240    3.04561495781
2248    3.07562088966
2247    3.10883498192
2249    3.13982486725
2291    3.18359780312
2248    3.22160577774
2235    3.28596878052
2235    3.32336378098
2253    3.32551288605
2248    3.3576669693
2240    3.39005684853
2240    3.41760897636
2245    3.45249891281
2249    3.48250794411
2243    3.51245093346
2296    3.55730891228
2241    3.59154295921
2255    3.63067984581
2315    3.66062688828
2262    3.70050597191
2254    3.74532985687
2264    3.78024697304
2255    3.81000995636
2259    3.84988093376
2276    3.88273787498
2277    3.92099380493
2268    3.95933794975
2321    3.98790884018
2264    4.02065992355
2274    4.06440591812
2272    4.09129786491
2273    4.12951683998
2281    4.16616392136
2267    4.20145583153
2284    4.23993086815
2279    4.28318977356
2285    4.30991077423
2292    4.34656190872
2284    4.38982486725
2294    4.43119597435
2332    4.47456288338
2293    4.51310586929
2275    4.54134178162
2331    4.57430195808
2303    4.60597085953
2309    4.63693594933
2311    4.66762185097
2303    4.69815087318
2301    4.72882699966
2303    4.75960898399
2301    4.79484581947
2303    4.83571195602
2300    4.87876391411
2303    4.90373182297
2297    4.93883490562
2297    4.98204088211
2318    5.02036499977
2319    5.04841279984
2324    5.08441877365
2366    5.11232280731
2375    5.14728498459
2336    5.18759393692
2338    5.22571992874
2336    5.25813293457
2331    5.28605699539
2330    5.32291889191
2326    5.36026382446
2348    5.39204287529
2408    5.42397594452
2324    5.46725487709
2347    5.51003980637
2346    5.55334997177
2334    5.59676194191
2335    5.63447594643
2329    5.67136383057
2330    5.70821785927
2327    5.75509381294
2361    5.79210996628
2352    5.83540487289
2345    5.87895298004
2350    5.9169960022
2382    5.95153093338
2344    5.99306178093
2334    6.03462982178
2355    6.07138681412
2347    6.10957980156
2350    6.14129781723
2361    6.17235279083
2350    6.21564888954
2353    6.26382684708
2348    6.31076788902
2349    6.3541738987
2356    6.38143086433
2340    6.41487884521
2351    6.44616484642
2352    6.48764777184
2361    6.5182299614
2345    6.54991698265
2353    6.59838986397
2358    6.63591480255
2351    6.67813277245
2360    6.71493291855
2349    6.748721838
2350    6.77785682678
2350    6.80870079994
2356    6.84042286873
2350    6.87172698975
2352    6.91769599915
2350    6.95427298546
2347    6.98696899414
2352    7.03028893471
2354    7.06858992577
2343    7.09699678421
2348    7.1299829483
2349    7.15811181068
2398    7.19142794609
2346    7.2201218605
2348    7.2534430027
2350    7.28613185883
2341    7.3297059536
2359    7.36799192429
2349    7.39968776703
2355    7.43151092529
2349    7.47145199776
2353    7.51416897774
2355    7.55279898643
2363    7.57967090607
2361    7.61621594429
2372    7.64275288582
2366    7.67656898499
2371    7.70702695847
2362    7.75025486946
2363    7.79378700256
2374    7.83120584488
2364    7.87454199791
2372    7.9130089283
2367    7.95055985451
2375    7.98265790939
2364    8.02638077736
2367    8.06460189819
2367    8.0975189209
2360    8.14118599892
2366    8.17800998688
2366    8.20972800255
2370    8.24844789505
2365    8.29203796387
2364    8.31578779221
2373    8.3544819355
2418    8.37813782692
2376    8.41685199738
2376    8.44058680534
2361    8.4794588089
2373    8.50540280342
2358    8.5388379097
2362    8.57638883591
2388    8.61278986931
2424    8.654088974
2370    8.6972990036
2362    8.73148488998
2424    8.76731395721
2384    8.80104589462
2374    8.82626676559
2372    8.86271595955
2367    8.90504384041
2370    8.94383096695
2379    8.98679089546
2385    9.02520680428
2374    9.05367588997
2386    9.08756995201
2377    9.12550997734
2380    9.16449379921
2380    9.20642399788
2379    9.24005079269
2377    9.26827692986
2388    9.30350089073
2432    9.34681677818
2380    9.39034080505
2388    9.42815184593
2377    9.47162294388
2379    9.51508378983
2380    9.55347394943
2386    9.59693694115
2390    9.64006495476
2426    9.67426776886
2387    9.71348285675
2386    9.74785399437
2378    9.78136992455
2378    9.82456994057
2369    9.87315392494
2439    9.89918589592
2432    9.93286776543
2377    9.97199583054
2386    10.0022909641
2374    10.0308148861
2382    10.069742918
2384    10.1078448296
2390    10.138573885
2379    10.1693840027
2380    10.2119028568
2387    10.236648798
2374    10.2697949409
2385    10.3057148457
2379    10.344162941
2438    10.3928198814
2376    10.4313869476
2379    10.46961689
2379    10.5167908669
2387    10.5550558567
2378    10.5814299583
2378    10.6105229855
2378    10.6593229771
2382    10.7025468349
2376    10.7408139706
2377    10.78449893
2371    10.8313729763
2363    10.864055872
2388    10.8936908245
2372    10.9396259785
2371    10.9772479534
2364    11.0207469463
2409    11.0634069443
2360    11.0940377712
2373    11.1247429848
2362    11.1565217972
2359    11.1947908401
2362    11.2227139473
2367    11.2584578991
2416    11.289265871
2371    11.3214459419
2363    11.3642168045
2358    11.4026198387
2358    11.4460439682
2363    11.4795799255
2363    11.5164458752
2360    11.5550858974
2363    11.598222971
2372    11.6284430027
2372    11.6769599915
2379    11.7102890015
2388    11.7429687977
2387    11.7757279873
2384    11.8129379749
2384    11.845263958
2376    11.8890008926
2387    11.9151258469
2381    11.9484159946
2371    11.9920098782
2380    12.0353248119
2434    12.0736680031
2383    12.1171557903
2384    12.1654839516
2379    12.2076327801
2378    12.2353029251
2379    12.2713768482
2357    12.2978069782
2367    12.3360219002
2367    12.3728368282
2363    12.404624939
2365    12.4364819527
2380    12.4686598778
2376    12.5122079849
2375    12.5558059216
2364    12.5943508148
2414    12.637873888
2362    12.6763827801
2364    12.719686985
2357    12.7578349113
2371    12.7875609398
2347    12.8221139908
2344    12.8656859398
2349    12.889718771
2348    12.9330518246
2353    12.9587848186
2353    12.9947018623
2358    13.0209889412
2363    13.0542528629
2355    13.0899817944
2356    13.1305398941
2367    13.1563248634
2364    13.1895329952
2352    13.2332468033
2342    13.2763109207
2348    13.3159229755
2349    13.3542978764
2345    13.3974487782
2348    13.4308869839
2358    13.4566209316
2333    13.4876539707
2390    13.5209908485
2327    13.5535218716
2329    13.5972337723
2326    13.6361289024
2328    13.6790568829
2387    13.7131757736
2330    13.737226963
2340    13.7712569237
2334    13.8053069115
2341    13.8393819332
2333    13.8635029793
2339    13.897895813
2328    13.9310128689
2313    13.9741837978
2323    14.0348329544
2303    14.0631318092
2318    14.1064138412
2325    14.1382308006
2316    14.1815159321
2367    14.2200109959
2303    14.2628588676
2311    14.2952427864
2315    14.3343698978
2299    14.3634967804
2356    14.4025828838
2298    14.4469928741
2301    14.4837129116
2303    14.5145747662
2355    14.5468628407
2300    14.5901548862
2300    14.62855196
2301    14.6586098671
2302    14.6936547756
2301    14.738519907
2303    14.7786438465
2309    14.8139379025
2303    14.8457369804
2311    14.87657094
2299    14.9073867798
2285    14.9399349689
2286    14.9884967804
2283    15.0222029686
2292    15.0658359528
2284    15.0934119225
2291    15.1307687759
2285    15.1675958633
2293    15.2082459927
2290    15.2350099087
2332    15.2684807777
2288    15.3117799759
2285    15.3548979759
2261    15.3912940025
2271    15.4243588448
2273    15.4524698257
2316    15.48594594
2277    15.5178918839
2273    15.5588128567
2317    15.5958778858
2278    15.6276419163
2269    15.6559917927
2279    15.6894187927
2273    15.7424049377
2265    15.7706899643
2282    15.8062889576
2269    15.8419008255
2278    15.8778347969
2278    15.9138109684
2269    15.9546427727
2272    15.9926497936
2314    16.0226588249
2263    16.0589427948
2311    16.0974228382
2303    16.1408658028
2262    16.1659419537
2247    16.1983997822
2300    16.2420938015
2254    16.2801799774
2253    16.3101809025
2259    16.3522388935
2250    16.3897578716
2257    16.4385769367
2303    16.4749279022
2254    16.5182678699
2256    16.561606884
2259    16.6002929211
2254    16.638119936
2255    16.6695029736
2230    16.7002868652
2248    16.742002964
2246    16.7851889133
2243    16.8212189674
2236    16.8545007706
2251    16.8863358498
2237    16.9148077965
2238    16.9489088058
2239    16.9914619923
2240    17.0219688416
2297    17.0640149117
2240    17.107115984
2236    17.1401269436
2240    17.1667208672
2232    17.1981577873
2251    17.2297899723
2297    17.2613999844
2240    17.2932329178
2237    17.32563591
2240    17.357421875
2240    17.3900978565
2243    17.4333758354
2231    17.4752399921
2231    17.5234148502
2240    17.5571398735
2240    17.5870809555
2245    17.6173877716
2252    17.6459589005
2236    17.677823782
2291    17.7168169022
2242    17.7513768673
2240    17.7847409248
2231    17.8282599449
2235    17.8720247746
2238    17.9153008461
2245    17.953417778
2231    17.9887809753
2237    18.0268959999
