2242    0.043053150177
2235    0.0746431350708
2227    0.103003978729
2226    0.136012077332
2225    0.179532051086
2288    0.217792987823
2246    0.274695158005
2236    0.309961080551
2228    0.341222047806
2223    0.38422203064
2228    0.427469015121
2232    0.465135097504
2236    0.495759963989
2221    0.523548126221
2282    0.572929143906
2225    0.616356134415
2228    0.654848098755
2227    0.682475090027
2279    0.716873168945
2280    0.745391130447
2226    0.778959035873
2227    0.807430028915
2225    0.845936059952
2224    0.879493951797
2225    0.917997121811
2223    0.946532011032
2224    0.975098133087
2226    1.00862908363
2228    1.04217004776
2228    1.07068109512
2226    1.10419201851
2227    1.13278007507
2280    1.16622304916
2232    1.19974017143
2230    1.2286131382
2226    1.29334306717
2226    1.32606911659
2225    1.33402299881
2224    1.36451101303
2222    1.4094851017
2222    1.44953799248
2265    1.48928308487
2200    1.52253913879
2200    1.56632113457
2210    1.60417699814
2202    1.63498210907
2194    1.66682314873
2204    1.70155501366
2198    1.74321198463
2194    1.78625416756
2193    1.81480693817
2258    1.85347509384
2213    1.89140510559
2213    1.92426204681
2212    1.95307207108
2209    1.98678708076
2262    2.01378798485
2219    2.05081701279
2264    2.09053897858
2209    2.12781405449
2208    2.1662170887
2218    2.1979470253
2213    2.23010110855
2211    2.27383494377
2228    2.30298495293
2231    2.33732795715
2232    2.36141014099
2227    2.39597702026
2223    2.42176508904
2225    2.46154808998
2232    2.49479603767
2229    2.52608394623
2223    2.55755996704
2224    2.5858271122
2237    2.62253713608
2225    2.66101098061
2225    2.70464611053
2224    2.74801301956
2274    2.79161310196
2248    2.83480000496
2290    2.87322998047
2237    2.91642403603
2245    2.9448800087
2237    2.97721505165
2234    3.00984597206
2240    3.05296397209
2244    3.08037900925
2248    3.11296796799
2256    3.15565896034
2303    3.18353700638
2264    3.21137404442
2251    3.24426102638
2254    3.27716612816
2267    3.31005811691
2251    3.34440994263
2252    3.37991499901
2244    3.4111289978
2234    3.45466995239
2240    3.48333001137
2238    3.52174210548
2240    3.58369112015
2258    3.60800814629
2257    3.64278697968
2262    3.67693400383
2264    3.71639800072
2315    3.74302196503
2268    3.78231215477
2267    3.81906914711
2254    3.87115502357
2332    3.90294599533
2269    3.92978215218
2273    3.96141600609
2266    3.99330210686
2319    4.03876209259
2279    4.08139896393
2272    4.11871695518
2281    4.14570713043
2293    4.18193507195
2340    4.22379803658
2284    4.26224708557
2284    4.30079317093
2278    4.33378005028
2288    4.39018917084
2281    4.42307114601
2291    4.45594215393
2285    4.48372411728
2284    4.5214600563
2283    4.56429815292
2286    4.60211706161
2284    4.62996697426
2303    4.66280007362
2302    4.69066095352
2301    4.73353815079
2299    4.76636815071
2291    4.80429410934
2303    4.84255409241
2291    4.88561797142
2293    4.92378997803
2303    4.95062398911
2303    4.98307394981
2300    5.01683616638
2323    5.06049513817
2319    5.10375714302
2324    5.14050412178
2315    5.17473697662
2367    5.19878602028
2320    5.2376639843
2339    5.26680111885
2337    5.29593396187
2339    5.33008813858
2340    5.35926294327
2329    5.39889717102
2332    5.43713307381
2362    5.46348905563
2352    5.50437712669
2340    5.54020404816
2339    5.57056498528
2384    5.60477805138
2333    5.62896299362
2338    5.65321302414
2338    5.69257307053
2387    5.73171305656
2330    5.77583503723
2386    5.8150100708
2334    5.85421800613
2339    5.87866306305
2389    5.90352606773
2334    5.9380979538
2343    5.96214914322
2337    6.0014090538
2329    6.03048801422
2343    6.06464910507
2358    6.10906410217
2347    6.15687799454
2401    6.18687605858
2408    6.21673107147
2349    6.24668908119
2361    6.27873015404
2350    6.31377005577
2349    6.33836317062
2348    6.37562608719
2344    6.41386508942
2350    6.44577407837
2354    6.48900794983
2348    6.52748894691
2349    6.57100915909
2348    6.60877299309
2339    6.65220403671
2346    6.6831600666
2400    6.71396708488
2348    6.74628305435
2350    6.78948903084
2359    6.81688404083
2352    6.86595511436
2405    6.89791798592
2352    6.93531298637
2356    6.97269415855
2347    7.00546908379
2347    7.04878997803
2358    7.08894014359
2352    7.13238716125
2352    7.17072105408
2362    7.20281505585
2352    7.24635004997
2352    7.28481507301
2359    7.32076501846
2352    7.36452102661
2360    7.39862895012
2367    7.43292999268
2425    7.47241806984
2365    7.50799703598
2367    7.54228806496
2421    7.56849217415
2367    7.6299700737
2367    7.6624519825
2365    7.69479894638
2364    7.72224617004
2361    7.75463008881
2367    7.78706002235
2367    7.81460595131
2360    7.84707999229
2360    7.87956500053
2363    7.90746903419
2363    7.93590116501
2367    7.96926403046
2358    8.00270605087
2370    8.03416109085
2363    8.07732915878
2424    8.10705208778
2370    8.13667201996
2373    8.17639112473
2373    8.21126294136
2416    8.25451517105
2355    8.29777503014
2412    8.33963394165
2354    8.3883690834
2360    8.43173694611
2361    8.47494006157
2366    8.51175498962
2373    8.54347395897
2364    8.57654309273
2378    8.60483002663
2432    8.63813495636
2375    8.66641902924
2390    8.70336198807
2381    8.73963999748
2378    8.76801300049
2380    8.80135893822
2377    8.82962799072
2378    8.86346197128
2378    8.89193201065
2376    8.92530417442
2370    8.95792508125
2380    8.99149298668
2378    9.02999901772
2371    9.06856703758
2387    9.10763216019
2378    9.14106297493
2376    9.17409300804
2382    9.20924901962
2385    9.2342031002
2381    9.26396894455
2384    9.29986095428
2387    9.32999110222
2432    9.37744498253
2433    9.42076516151
2376    9.44751811028
2433    9.48098301888
2378    9.53033995628
2371    9.55844807625
2382    9.59343409538
2388    9.623442173
2388    9.65859413147
2381    9.68855810165
2383    9.71921205521
2432    9.75276112556
2381    9.78586316109
2379    9.82493710518
2434    9.86332798004
2382    9.90698599815
2428    9.95045399666
2377    9.98901200294
2376    10.0323181152
2373    10.0703060627
2378    10.104621172
2376    10.1413841248
2378    10.1696650982
2381    10.201499939
2370    10.2301530838
2371    10.263354063
2425    10.2968790531
2377    10.3352251053
2428    10.3635101318
2390    10.3983409405
2432    10.4317150116
2432    10.4600551128
2375    10.4939379692
2378    10.5372920036
2377    10.5757119656
2377    10.6191780567
2436    10.6578481197
2378    10.7012720108
2387    10.7290511131
2379    10.7620580196
2380    10.8116071224
2370    10.8547589779
2381    10.8817851543
2387    10.9141480923
2411    10.960255146
2371    10.9952521324
2363    11.0283050537
2361    11.0715179443
2364    11.1016819477
2363    11.1453211308
2364    11.183797121
2360    11.2119009495
2375    11.2468709946
2375    11.2905809879
2367    11.334059
2358    11.3671810627
2376    11.4023270607
2358    11.4326550961
2372    11.4636890888
2412    11.5067541599
2363    11.5360181332
2360    11.5701229572
2367    11.6081290245
2371    11.6424200535
2375    11.6766080856
2425    11.7158219814
2391    11.7450251579
2384    11.7792210579
2384    11.8110041618
2378    11.8548150063
2377    11.8933701515
2387    11.9297230244
2376    11.9616129398
2374    12.0048439503
2380    12.0433559418
2376    12.0919361115
2378    12.1249370575
2388    12.1584780216
2441    12.1820340157
2432    12.2055289745
2379    12.23904109
2369    12.2674860954
2360    12.3011381626
2373    12.3427619934
2364    12.3850531578
2362    12.4234969616
2361    12.4669179916
2374    12.5105140209
2377    12.5472819805
2378    12.5794010162
2379    12.6134109497
2364    12.6568291187
2361    12.6951611042
2371    12.7338991165
2373    12.7704889774
2373    12.8015210629
2349    12.8348269463
2361    12.8713870049
2361    12.9082701206
2352    12.9346580505
2345    12.9736540318
2346    13.0087201595
2347    13.051828146
2356    13.0878810883
2420    13.1258311272
2371    13.1670181751
2364    13.2055649757
2401    13.2487411499
2350    13.2931549549
2353    13.3315019608
2361    13.357681036
2349    13.3963811398
2356    13.4220581055
2349    13.4576570988
2337    13.4878971577
2329    13.5314719677
2328    13.570027113
2330    13.6127910614
2329    13.640294075
2342    13.6722400188
2339    13.7072370052
2391    13.742041111
2387    13.7898020744
2334    13.8328461647
2343    13.8595631123
2389    13.8954470158
2327    13.9388599396
2320    13.9657959938
2320    14.0013201237
2317    14.0447349548
2313    14.0828220844
2317    14.1145241261
2316    14.1483640671
2316    14.1720230579
2324    14.2107641697
2373    14.2344610691
2323    14.2734529972
2362    14.3114161491
2303    14.3422939777
2299    14.3803441525
2303    14.428383112
2299    14.4625730515
2309    14.487527132
2312    14.5233011246
2310    14.5535240173
2303    14.5853331089
2299    14.6141149998
2300    14.6530339718
2301    14.6911270618
2294    14.7219150066
2312    14.7638630867
2299    14.8022861481
2279    14.8300559521
2287    14.883409977
2335    14.9118299484
2290    14.9496891499
2342    14.9882559776
2337    15.0317931175
2297    15.0627851486
2292    15.0961019993
2282    15.1194810867
2333    15.1577019691
2281    15.1864449978
2294    15.2184970379
2293    15.2525341511
2284    15.2813220024
2284    15.3102140427
2293    15.3395991325
2285    15.3681781292
2293    15.4043109417
2324    15.4324040413
2269    15.4655170441
2275    15.4987051487
2270    15.5348739624
2277    15.5728850365
2272    15.6141240597
2267    15.6428971291
2275    15.6752080917
2272    15.7086009979
2269    15.7523491383
2270    15.793815136
2269    15.820374012
2278    15.8621029854
2268    15.9003391266
2277    15.9318909645
2255    15.9634051323
2278    15.997148037
2264    16.0239450932
2257    16.0574691296
2317    16.0892269611
2314    16.1192290783
2262    16.1545269489
2246    16.1927211285
2254    16.2209031582
2260    16.2589800358
2267    16.2847349644
2255    16.3180770874
2255    16.3712921143
2258    16.4366309643
2258    16.4735169411
2254    16.4801690578
2253    16.5330851078
2265    16.5401921272
2261    16.5718510151
2262    16.5969531536
2240    16.6102440357
2229    16.6400270462
0    16.6902520657
2251    16.6984610558
2248    16.726113081
2245    16.7546579838
2240    16.7678711414
2240    16.7990629673
2249    16.8064141273
2244    16.8293991089
2249    16.8729889393
2243    16.9164099693
2240    16.9621551037
2235    16.9979579449
2236    17.0315811634
2241    17.0751800537
2230    17.1236341
2240    17.1547310352
2238    17.1858291626
2240    17.2243700027
2242    17.2579541206
2243    17.2897810936
2240    17.325327158
2240    17.3600780964
2230    17.3931050301
2240    17.423951149
2240    17.4723579884
2293    17.5106739998
2236    17.5514850616
2240    17.5892980099
2241    17.6192979813
2246    17.6552989483
2248    17.6941230297
2247    17.7426459789
2248    17.779031992
2247    17.8132231236
2248    17.8373961449
2248    17.8729059696
2241    17.9012341499
2234    17.9344651699
2246    17.9706470966
