2250    0.0484380722046
2225    0.092050075531
2225    0.130692958832
2224    0.174087047577
2231    0.212187051773
2216    0.25576710701
2227    0.303646087646
2224    0.336384057999
2224    0.372260093689
2233    0.413110971451
2230    0.449044942856
2224    0.492264986038
2216    0.535500049591
2217    0.57866692543
2234    0.615195035934
2225    0.651603937149
2228    0.68893289566
2228    0.725968122482
2227    0.756863117218
2215    0.784852981567
2225    0.818120002747
2224    0.850647926331
2228    0.886900901794
2229    0.925704956055
2229    0.96363902092
2227    0.996283054352
2276    1.03015589714
2232    1.05716609955
2220    1.10073494911
2219    1.13925099373
2269    1.18235111237
2232    1.22024703026
2224    1.26368689537
2217    1.29063892365
2232    1.3394908905
2224    1.37984800339
2225    1.41842603683
2224    1.46125292778
2224    1.49458289146
2222    1.53281998634
2214    1.56461906433
2210    1.59630298615
2217    1.62816691399
2201    1.66016197205
2193    1.70819401741
2203    1.74964189529
2196    1.80032205582
2193    1.83100605011
2196    1.86169195175
2218    1.8925640583
2195    1.93579602242
2214    1.96661496162
2220    1.99721503258
2218    2.02796006203
2255    2.07145500183
2210    2.11013293266
2209    2.15340089798
2209    2.19585990906
2211    2.23838210106
2212    2.26724004745
2216    2.30157494545
2214    2.32584095001
2225    2.36006093025
2217    2.39305710793
2277    2.43410801888
2237    2.46562004089
2225    2.51769590378
2272    2.55608201027
2224    2.59943509102
2225    2.63753509521
2230    2.68167710304
2224    2.72504711151
2232    2.74999308586
2217    2.78499698639
2235    2.81173610687
2227    2.8431789875
2222    2.87714195251
2233    2.91809797287
2238    2.96092605591
2232    3.01785492897
2232    3.05105900764
2240    3.05641293526
2250    3.09003090858
2252    3.12479805946
2252    3.15566396713
2300    3.18907499313
2295    3.22253394127
2241    3.25582194328
2264    3.27910494804
2251    3.31754398346
2248    3.35638689995
2234    3.40985608101
2290    3.45277500153
2240    3.4957818985
2240    3.53187990189
2247    3.56292700768
2238    3.59670591354
2241    3.62043499947
2238    3.65924811363
2293    3.68297290802
2263    3.72674894333
2303    3.7679579258
2256    3.83212590218
2256    3.86950802803
2260    3.87172698975
2256    3.90381002426
0    3.93653607368
2279    3.93909406662
2273    3.96650099754
2281    4.00432991982
2270    4.03722500801
2270    4.06507205963
2278    4.10291194916
2265    4.14077401161
2264    4.16855192184
2288    4.20129799843
2287    4.22915291786
2289    4.26241898537
2292    4.30502891541
2343    4.33496689796
2285    4.36497402191
2291    4.40079092979
2285    4.43909192085
2287    4.47113609314
2288    4.49968004227
2329    4.53248906136
2335    4.56605100632
2283    4.60404396057
2284    4.64124798775
2300    4.67931008339
2300    4.72667694092
2298    4.7623898983
2303    4.80046510696
2303    4.84878396988
2303    4.88663697243
2350    4.92923498154
2301    4.97247290611
2311    4.99872899055
2303    5.04225611687
2312    5.08529901505
2319    5.11860704422
2314    5.15257000923
2312    5.17966198921
2322    5.22062397003
2337    5.26154494286
2331    5.28749799728
2341    5.32296609879
2329    5.36132907867
2329    5.40961289406
2382    5.44695091248
2353    5.47858691216
2350    5.52069807053
2326    5.54888296127
2341    5.58575201035
2332    5.62820100784
2342    5.67189502716
2335    5.71531200409
2339    5.75360393524
2333    5.78630399704
2328    5.81429696083
2332    5.84826898575
2340    5.88420200348
2346    5.92503809929
2386    5.9669508934
2344    6.00393891335
2400    6.03645300865
2346    6.0782930851
2355    6.12111496925
2349    6.15988302231
2357    6.19063711166
2353    6.22137594223
2358    6.25197696686
2360    6.28693604469
2362    6.31299090385
2360    6.36160707474
2354    6.40982198715
2341    6.45295596123
2350    6.47864699364
2352    6.51374793053
2361    6.5437400341
2348    6.57684493065
2347    6.60995602608
2349    6.64362096786
2400    6.67711091042
2394    6.70843410492
2348    6.75193309784
2346    6.80291891098
2350    6.83354401588
2358    6.86433911324
2361    6.89505410194
2398    6.92571210861
2347    6.95774102211
2349    7.00122189522
2393    7.04447388649
2348    7.08282399178
2347    7.12526392937
2360    7.17350697517
2346    7.21701312065
2400    7.25539708138
2347    7.28352594376
2353    7.32070803642
2342    7.34943890572
2355    7.38132596016
2349    7.4091091156
2393    7.44230103493
2377    7.4770181179
2361    7.51549506187
2366    7.5589530468
2358    7.60253596306
2364    7.64580512047
2419    7.67859601974
2416    7.70957112312
2367    7.74533891678
2374    7.77175593376
2361    7.8051431179
2364    7.83496904373
2367    7.86740708351
2364    7.90826797485
2372    7.93914198875
2366    7.97098994255
2363    8.00272107124
2363    8.03450894356
2364    8.08143496513
2373    8.10766005516
2363    8.14353203773
2362    8.18162202835
2367    8.2199139595
2356    8.25321698189
2373    8.29173493385
2423    8.34011793137
2367    8.37079596519
2373    8.40199708939
2366    8.44501590729
2363    8.48350691795
2367    8.51698589325
2367    8.56020402908
2364    8.59847998619
2376    8.62567400932
2357    8.65889191628
2417    8.69669389725
2362    8.73983192444
2373    8.7796330452
2364    8.80349993706
2388    8.83701109886
2384    8.87094593048
2370    8.90980505943
2432    8.94296789169
2391    8.97355890274
2387    9.01095795631
2391    9.05950307846
2424    9.09878706932
2382    9.12976789474
2388    9.16092610359
2378    9.1921350956
2379    9.2307240963
2369    9.26405906677
2377    9.30720710754
2385    9.33742189407
2376    9.38089609146
2378    9.40924310684
2373    9.44602489471
2370    9.48350310326
2391    9.51845097542
2382    9.55885696411
2391    9.58590006828
2378    9.61920189857
2367    9.6678340435
2389    9.7062048912
2425    9.73296689987
2424    9.76594209671
2381    9.805519104
2382    9.84529900551
2386    9.88037490845
2387    9.90581011772
2385    9.93921709061
2386    9.97002005577
2387    10.0172119141
2388    10.0547039509
2384    10.0862300396
2388    10.1162729263
2375    10.1550359726
2377    10.1923720837
2372    10.2255721092
2387    10.2562499046
2432    10.2996330261
2370    10.342689991
2377    10.3834950924
2377    10.4290320873
2435    10.4641869068
2382    10.5189929008
2382    10.5636570454
2392    10.5908429623
2373    10.6241970062
2375    10.6706199646
2379    10.7082331181
2381    10.7509920597
2390    10.7943780422
2369    10.8374729156
2380    10.8750801086
2380    10.9028170109
2367    10.9353470802
2364    10.9686670303
2356    11.0061919689
2424    11.0380420685
2356    11.070982933
2367    11.1142520905
2364    11.1564888954
2373    11.1804680824
2367    11.2139160633
2367    11.2469100952
2365    11.2814729214
2356    11.3146190643
2364    11.3430829048
2414    11.3763010502
2412    11.4093580246
2376    11.4461770058
2376    11.4844820499
2371    11.5328938961
2354    11.5762200356
2363    11.6029961109
2375    11.6349000931
2372    11.6757938862
2367    11.7143490314
2387    11.7578239441
2379    11.8013350964
2376    11.8348269463
2371    11.8671629429
2381    11.8994019032
2381    11.9478890896
2390    11.9849450588
2382    12.0105559826
2385    12.0518050194
2439    12.0780379772
2386    12.1080760956
2388    12.1410028934
2382    12.1728971004
2387    12.2211790085
2379    12.2575800419
2383    12.2849669456
2385    12.3228869438
2371    12.3570120335
2376    12.3911020756
2417    12.4303359985
2384    12.4745109081
2440    12.5136721134
2388    12.5428390503
2379    12.5718870163
2379    12.6110301018
2378    12.6451179981
2369    12.6842288971
2384    12.7183630466
2391    12.757543087
2376    12.7967090607
2373    12.8307740688
2367    12.8549499512
2362    12.8941760063
2370    12.9283850193
2416    12.9675240517
2354    12.9948439598
2409    13.0260429382
2362    13.0571849346
2358    13.0992801189
2361    13.1427080631
2353    13.179833889
2362    13.2178969383
2367    13.2613310814
2350    13.2995131016
2341    13.3319048882
2353    13.3702991009
2358    13.4062819481
2360    13.4494640827
2348    13.4917469025
2358    13.5318200588
2341    13.5568799973
2330    13.592359066
2329    13.6355791092
2342    13.6786239147
2342    13.7093570232
2329    13.7400701046
2326    13.7709779739
2326    13.7994089127
2327    13.852973938
2331    13.8863289356
2378    13.9296638966
2329    13.9564039707
2337    13.9884159565
2334    14.0318920612
2316    14.0586390495
2316    14.0920009613
2315    14.1301898956
2367    14.1639869213
2303    14.1976070404
2322    14.2317800522
2313    14.2702579498
2324    14.3021130562
2316    14.3451449871
2309    14.3758718967
2315    14.4095718861
2326    14.4482069016
2312    14.4805569649
2297    14.5230751038
2299    14.5523190498
2297    14.5866580009
2299    14.6159501076
2299    14.6536910534
2298    14.6937890053
2309    14.7287991047
2309    14.7643649578
2301    14.8070781231
2294    14.8354730606
2303    14.8741569519
2303    14.9142010212
2297    14.9441769123
2290    14.9742519855
2291    15.0060620308
2285    15.0377840996
2289    15.0736958981
2285    15.1106479168
2288    15.1535499096
2283    15.1922950745
2282    15.2311079502
2334    15.2639830112
2280    15.3074920177
2283    15.3509531021
2288    15.3883600235
2290    15.423320055
2293    15.4604520798
2285    15.4931390285
2285    15.5352489948
2279    15.5821480751
2269    15.6281449795
2272    15.6715779305
2277    15.7099831104
2314    15.7423849106
2275    15.7815380096
2271    15.8180789948
2277    15.8440010548
2268    15.8759250641
2273    15.9148609638
2270    15.9519410133
2273    15.9953229427
2272    16.033821106
2268    16.0665359497
2280    16.1005079746
2279    16.1273610592
2250    16.170650959
2255    16.1973769665
2264    16.2316191196
2255    16.2751920223
2301    16.3172399998
2254    16.3606181145
2249    16.3914439678
2301    16.4233748913
2252    16.4516060352
2256    16.4869909286
2257    16.5305259228
2258    16.569190979
2258    16.5974678993
2261    16.6344311237
2255    16.6781430244
2265    16.7168309689
2258    16.7653028965
2242    16.8087730408
2240    16.8419969082
2237    16.8753550053
2250    16.9068100452
2299    16.9368219376
2238    16.9682600498
2237    17.0115690231
2235    17.0549650192
2240    17.0931069851
2238    17.1241528988
2238    17.1674809456
2240    17.2109720707
2240    17.2478280067
2231    17.2909739017
2240    17.3177680969
2240    17.3508090973
2240    17.3836569786
2250    17.4207088947
2240    17.4741919041
2236    17.5124669075
2247    17.5432441235
2300    17.5743949413
2240    17.6175060272
2247    17.6482388973
2249    17.6792669296
2244    17.7266640663
2243    17.7640550137
2243    17.796765089
2240    17.8217079639
2246    17.8617858887
2240    17.8951210976
2238    17.9271659851
2279    17.9614360332
2222    17.9857530594
2278    18.0213119984
