2228    0.0378570556641
2276    0.080992937088
2224    0.117318868637
2276    0.155570983887
2247    0.198716878891
2221    0.237994909286
2220    0.266110897064
2228    0.299687862396
2231    0.331346035004
2225    0.375601053238
2232    0.420016050339
2227    0.453306913376
2222    0.485868930817
2224    0.530143976212
2224    0.572903871536
2225    0.610659837723
2232    0.64285993576
2227    0.682025909424
2222    0.720393896103
2224    0.764368057251
2224    0.801858901978
2272    0.845176935196
2226    0.887668848038
2229    0.926077842712
2228    0.970118999481
2231    1.02753901482
2232    1.07095694542
2229    1.09732484818
2234    1.12998890877
2222    1.1591899395
2236    1.19151306152
2227    1.23574495316
2228    1.27217888832
2230    1.30513286591
2281    1.34301185608
2224    1.37594985962
2226    1.41891098022
2231    1.45467400551
2233    1.48385596275
2225    1.5270318985
2209    1.56069302559
2210    1.58468985558
2206    1.63690590858
2217    1.68598794937
2200    1.73011302948
2205    1.76921391487
2197    1.81329584122
2197    1.85713601112
2255    1.89523792267
2244    1.92312002182
2210    1.97158193588
2271    2.01024103165
2272    2.0405459404
2212    2.08112883568
2220    2.12157702446
2220    2.14882183075
2204    2.1930668354
2211    2.23669695854
2214    2.27602100372
2213    2.32012295723
2216    2.35890388489
2227    2.38872885704
2228    2.41697883606
2228    2.45201301575
2220    2.49593901634
2220    2.53723096848
2236    2.57615995407
2232    2.61839699745
2228    2.66221404076
2237    2.69997501373
2236    2.73217892647
2227    2.76433897018
2215    2.8200609684
2225    2.85827589035
2224    2.88590502739
2227    2.93006205559
2219    2.96734404564
2231    3.00140190125
2245    3.04577088356
2252    3.07322597504
2234    3.10632801056
2238    3.13841986656
2240    3.18244695663
2240    3.23150587082
2241    3.27063798904
2299    3.3086810112
2241    3.33667802811
2240    3.36984205246
2295    3.39797496796
2250    3.44590997696
2303    3.47914290428
2256    3.51225996017
2246    3.54545998573
2243    3.57377290726
2240    3.61708593369
2242    3.65520405769
2240    3.69860696793
2249    3.74260497093
2240    3.78111886978
2251    3.81244802475
2257    3.8564350605
2303    3.89532399178
2251    3.93915891647
2253    3.98292994499
2260    4.0246078968
2302    4.04863405228
2267    4.08101391792
2258    4.12395405769
2273    4.16802191734
2263    4.20673394203
2279    4.24592089653
2332    4.28268790245
2280    4.32005786896
2275    4.36633205414
2341    4.40410995483
2294    4.4351708889
2333    4.47930502892
2278    4.52309703827
2291    4.56472682953
2291    4.60376906395
2334    4.64568090439
2290    4.67461395264
2291    4.70715594292
2296    4.73844099045
2288    4.78104805946
2282    4.82486891747
2303    4.87365889549
2299    4.91261506081
2300    4.95625686646
2299    4.98910188675
2302    5.01621484756
2303    5.04902386665
2302    5.0923500061
2301    5.12130403519
2301    5.15525102615
2365    5.18427586555
2323    5.22323989868
2321    5.25220990181
2314    5.2911529541
2314    5.32660794258
2340    5.38166499138
2337    5.42021584511
2338    5.44517183304
2330    5.47734904289
2328    5.52657198906
2401    5.57049489021
2405    5.61442804337
2340    5.65333795547
2346    5.6921889782
2347    5.73700094223
2334    5.77598285675
2333    5.81989502907
2342    5.84610795975
2339    5.87702798843
2347    5.90497303009
2324    5.94484686852
2339    5.97967505455
2353    6.0081820488
2350    6.04218792915
2352    6.0865240097
2352    6.12413191795
2353    6.15641903877
2357    6.18691682816
2356    6.21604394913
2356    6.25185489655
2350    6.28617596626
2340    6.32852292061
2396    6.35728693008
2355    6.39108586311
2397    6.41971898079
2354    6.45254898071
2360    6.51179885864
2353    6.54443383217
2350    6.58480405807
2358    6.61709785461
2349    6.66100382805
2353    6.70051884651
2352    6.74426794052
2353    6.7707028389
2346    6.8097038269
2400    6.84852695465
2342    6.89283204079
2353    6.93218493462
2352    6.97573304176
2347    7.02039599419
2349    7.05822396278
2350    7.10221505165
2349    7.13964891434
2346    7.18147397041
2348    7.22536683083
2340    7.26371502876
2344    7.30725097656
2349    7.35052800179
2367    7.37950396538
2357    7.42354083061
2363    7.46211791039
2373    7.49323701859
2414    7.52324700356
2364    7.55466198921
2376    7.58831596375
2367    7.61847305298
2362    7.66104698181
2364    7.70483994484
2367    7.74759292603
2367    7.78975391388
2409    7.83346986771
2364    7.87262487411
2360    7.89947104454
2376    7.93610882759
2367    7.9751470089
2366    8.01927185059
2359    8.05814599991
2355    8.097012043
2364    8.14019489288
2357    8.17934989929
2357    8.20781183243
2373    8.24369883537
2367    8.27001094818
2365    8.30429506302
2362    8.33699989319
2363    8.38016486168
2414    8.42417001724
2371    8.45033192635
2408    8.49451804161
2362    8.53774285316
2372    8.5813229084
2364    8.62454986572
2372    8.66073703766
2362    8.69315600395
2359    8.72603702545
2361    8.77004504204
2361    8.80808591843
2385    8.83894205093
2376    8.88242387772
2422    8.92608904839
2369    8.96681690216
2369    9.00605893135
2423    9.05018901825
2388    9.08920383453
2382    9.12660193443
2380    9.15536093712
2438    9.194190979
2375    9.23315405846
2375    9.27735590935
2380    9.3164088726
2380    9.35057091713
2426    9.38969683647
2390    9.43278098106
2381    9.47134804726
2385    9.50396203995
2372    9.55043101311
2380    9.58857297897
2381    9.62831783295
2390    9.67199897766
2381    9.70965886116
2381    9.74229383469
2388    9.78147888184
2385    9.80867886543
2378    9.85123896599
2432    9.88317298889
2386    9.91739392281
2437    9.95478391647
2378    9.99900603294
2381    10.0419549942
2374    10.0808830261
2387    10.1171739101
2379    10.1556789875
2385    10.1945848465
2432    10.2332079411
2436    10.2626149654
2378    10.3019208908
2384    10.3367049694
2376    10.3661718369
2378    10.3985109329
2386    10.4325208664
2374    10.4765100479
2388    10.5004079342
2387    10.5394279957
2379    10.5683569908
2384    10.602260828
2380    10.6312589645
2384    10.6752958298
2392    10.7093100548
2390    10.7384839058
2384    10.767567873
2372    10.8017380238
2436    10.8459980488
2387    10.8702290058
2378    10.8943698406
2371    10.9284029007
2374    10.9574480057
2388    10.9914720058
2389    11.0255520344
2375    11.0495610237
2369    11.0836069584
2377    11.1330318451
2383    11.1763010025
2379    11.2151679993
2432    11.2592709064
2407    11.3033978939
2366    11.3412878513
2407    11.3730478287
2361    11.4166069031
2363    11.4606339931
2355    11.4997198582
2414    11.5388278961
2407    11.5731348991
2355    11.6065628529
2367    11.6350040436
2366    11.668364048
2365    11.6965670586
2371    11.7299389839
2357    11.7582230568
2366    11.7916648388
2376    11.8251850605
2386    11.8686518669
2382    11.8974330425
2424    11.941685915
2382    11.979557991
2380    12.0100970268
2370    12.0489869118
2384    12.0777440071
2386    12.1148869991
2432    12.1437489986
2425    12.1771359444
2432    12.2206749916
2378    12.2593669891
2377    12.3030428886
2378    12.352077961
2432    12.3908019066
2422    12.4296188354
2377    12.461894989
2358    12.4943549633
2370    12.5260100365
2426    12.5688278675
2371    12.6126968861
2379    12.6465940475
2370    12.680546999
2371    12.7185690403
2379    12.755384922
2382    12.7871229649
2381    12.8309319019
2367    12.8695459366
2365    12.9119758606
2367    12.9399180412
2367    12.9736979008
2361    13.002532959
2339    13.0501668453
2357    13.0937139988
2358    13.1512570381
2358    13.1897559166
2355    13.2075049877
2348    13.2465958595
0    13.273679018
2349    13.3011310101
2361    13.3133568764
2370    13.3389899731
2407    13.3659470081
2418    13.3912079334
2366    13.4004440308
2367    13.434926033
0    13.4690208435
2396    13.4777989388
2348    13.5027458668
2350    13.5365300179
2349    13.5637249947
2361    13.6009669304
2353    13.6331419945
2354    13.6732180119
2347    13.7061049938
2337    13.7423789501
2328    13.7737159729
2321    13.8066020012
2337    13.8505270481
2339    13.89417696
2338    13.9303898811
2330    13.9793798923
2332    14.0113899708
2326    14.0453169346
2335    14.0899589062
2331    14.128798008
2326    14.1649680138
2331    14.196461916
2311    14.2406039238
2313    14.2835948467
2326    14.3220560551
2322    14.3485758305
2316    14.3848290443
2303    14.4229419231
2315    14.455436945
2370    14.4885809422
2317    14.5325520039
2312    14.5764808655
2299    14.6039469242
2299    14.6427459717
2303    14.6802899837
2301    14.7193808556
2312    14.7545719147
2303    14.79063797
2302    14.8243639469
2299    14.866617918
2303    14.9096579552
2303    14.9520180225
2301    14.9892559052
2303    15.021561861
2302    15.0653760433
2289    15.109680891
2282    15.149119854
2279    15.1885280609
2281    15.2321209908
2283    15.2703249454
2280    15.3047058582
2282    15.3493909836
2286    15.3936018944
2284    15.4311800003
2281    15.4604699612
2285    15.4940750599
2285    15.5259339809
2288    15.569537878
2281    15.607904911
2289    15.6404390335
2288    15.677685976
2272    15.7154819965
2273    15.7644019127
2262    15.8082079887
2279    15.8357179165
2282    15.8669388294
2269    15.8982980251
2327    15.9294910431
2276    15.9604809284
2280    15.991050005
2272    16.023640871
2274    16.0623660088
2281    16.0954978466
2272    16.1346688271
2321    16.1741058826
2261    16.2030739784
2270    16.2347209454
2269    16.263630867
2332    16.2999739647
2282    16.3270049095
2276    16.358134985
2266    16.3860349655
2248    16.4200019836
2247    16.452450037
2259    16.4908828735
2267    16.5211389065
2263    16.5530898571
2255    16.6022689342
2257    16.6313569546
2264    16.6680469513
2262    16.7109069824
2314    16.7386200428
2261    16.7708439827
2303    16.8148179054
2252    16.8529019356
2264    16.8934719563
2303    16.9417779446
2253    16.9873209
2263    17.0201280117
2240    17.0482869148
2247    17.0743448734
2240    17.1124410629
2240    17.149394989
2290    17.193418026
2240    17.2326388359
2238    17.2609620094
2241    17.2904689312
2248    17.323278904
2237    17.3513350487
2243    17.3855860233
2238    17.4192910194
2240    17.446310997
2248    17.4827728271
2240    17.52480793
2237    17.5545108318
2250    17.5976388454
2247    17.6259949207
2237    17.668861866
2241    17.6949169636
2247    17.7312450409
2241    17.7571189404
2250    17.7924170494
2249    17.82345891
2248    17.8540110588
2240    17.8888478279
2237    17.9198570251
2251    17.9509730339
2249    17.9821069241
2248    18.0236020088
