2209    0.0333380699158
2216    0.0636990070343
2220    0.0997681617737
2210    0.141877174377
2221    0.180045127869
2213    0.223559141159
2209    0.266932010651
2210    0.293599128723
2219    0.347218036652
2267    0.39066195488
2260    0.433834075928
2217    0.468149185181
2214    0.506484985352
2214    0.533596038818
2212    0.57209610939
2210    0.605581045151
2211    0.634114027023
2214    0.667526006699
2207    0.700154066086
2258    0.727625131607
2203    0.76044011116
2212    0.792898178101
2218    0.840960025787
2210    0.874350070953
2221    0.909265041351
2212    0.952582120895
2204    0.996039152145
2210    1.0341629982
2269    1.06093215942
2217    1.09636306763
2208    1.12243700027
2219    1.15616798401
2200    1.18236708641
2220    1.24210000038
2220    1.28101015091
2209    1.28878211975
2201    1.3148829937
0    1.35267615318
2217    1.36066007614
2203    1.40044307709
2199    1.43568015099
2202    1.46721196175
2200    1.49731397629
2196    1.53062295914
2241    1.5587310791
2186    1.59174108505
2179    1.62538814545
2179    1.6640920639
2238    1.70750904083
2227    1.7504901886
2187    1.77615714073
2186    1.81203007698
2174    1.85019302368
2174    1.89360308647
2175    1.93702912331
2175    1.98009800911
2225    2.00885605812
2184    2.04012107849
2194    2.07830810547
2189    2.11104416847
2205    2.14274215698
2197    2.1707880497
2247    2.20850014687
2196    2.23750901222
2253    2.26874709129
2195    2.29644608498
2201    2.33229017258
2194    2.36544299126
2196    2.40845608711
2250    2.43670511246
2217    2.46973705292
2189    2.51302909851
2206    2.55149412155
2209    2.59473013878
2207    2.63797211647
2221    2.68125915527
2213    2.71459317207
2206    2.74788713455
2203    2.77606010437
2218    2.81411004066
2253    2.84088897705
2222    2.87285518646
2213    2.90057897568
2218    2.93420910835
2210    2.97299814224
2262    3.00855708122
2259    3.04170417786
2209    3.07963895798
2230    3.11518502235
2224    3.14811396599
2227    3.18947410583
2223    3.23352217674
2223    3.27203512192
2270    3.31557202339
2233    3.35305500031
2225    3.3879430294
2240    3.42870116234
2249    3.45538306236
2243    3.48742413521
2240    3.51853108406
2240    3.5514061451
2296    3.578166008
2231    3.61504817009
2225    3.65272903442
2222    3.68544006348
2227    3.72265505791
2233    3.77143096924
2220    3.80929708481
2285    3.84329199791
2251    3.87412118912
2249    3.90957808495
2241    3.94777703285
2247    3.9788210392
2240    4.02241611481
2254    4.06026005745
2253    4.09328317642
2255    4.12536907196
2254    4.1599881649
2252    4.18603301048
2262    4.23421406746
2303    4.28527116776
2254    4.32355499268
2320    4.35419297218
2275    4.38618516922
2266    4.42935204506
2272    4.45844006538
2273    4.49185609818
2272    4.53449010849
2264    4.57293701172
2272    4.61568498611
2262    4.66068196297
2275    4.69564509392
2286    4.7306060791
2292    4.75550317764
2344    4.79049301147
2290    4.82033395767
2292    4.85515999794
2294    4.88563799858
2294    4.93377804756
2330    4.97682118416
2284    5.01521801949
2284    5.05342102051
2356    5.08542895317
2295    5.11372804642
2312    5.14898014069
2303    5.18721604347
2303    5.21559500694
2294    5.25412201881
2299    5.29741597176
2299    5.32542109489
2313    5.358533144
2310    5.38665795326
2312    5.42503118515
2332    5.4629919529
2334    5.5058259964
2330    5.53901100159
2343    5.56902217865
2339    5.60126805305
2328    5.6444849968
2358    5.6842341423
2322    5.72514796257
2334    5.76311206818
2352    5.80587816238
2353    5.8492231369
2373    5.88780713081
2342    5.91970014572
2401    5.96239900589
2347    6.00601005554
2348    6.04813909531
2340    6.09039497375
2344    6.12850999832
2344    6.16041707993
2347    6.2036550045
2345    6.23058009148
2361    6.26360201836
2357    6.29557514191
2348    6.33755016327
2350    6.36960601807
2343    6.41240215302
2360    6.45473814011
2352    6.48803305626
2347    6.5264480114
2348    6.56976318359
2351    6.61295413971
2353    6.64790797234
2408    6.68278217316
2354    6.71293115616
2344    6.75602602959
2355    6.79924917221
2367    6.83779716492
2364    6.88090896606
2375    6.92082905769
2376    6.94576311111
2364    6.98069810867
2367    7.015884161
2358    7.05938005447
2373    7.09506797791
2370    7.12755298615
2355    7.17079496384
2361    7.20918416977
2367    7.25753808022
2357    7.29586410522
2362    7.33745098114
2369    7.36415410042
2418    7.39586210251
2364    7.42721915245
2412    7.4554400444
2372    7.49115014076
2416    7.52151203156
2362    7.55585718155
2356    7.59444999695
2367    7.63775205612
2387    7.68634915352
2371    7.71677207947
2377    7.74840116501
2377    7.79214000702
2369    7.8205871582
2372    7.85347509384
2373    7.8807079792
2434    7.91258406639
2435    7.94593596458
2376    7.97824811935
2378    8.02157115936
2380    8.06490111351
2387    8.09727096558
2388    8.13562202454
2378    8.1638109684
2375    8.2004430294
2378    8.23848795891
2375    8.27143096924
2380    8.3148059845
2379    8.35822415352
2377    8.39616417885
2379    8.42435407639
2391    8.46245217323
2390    8.49498796463
2380    8.53843402863
2381    8.56695699692
2424    8.60081410408
2390    8.65941309929
2386    8.69768309593
2377    8.74090600014
2384    8.7793431282
2392    8.82310009003
2398    8.8585190773
2390    8.89622712135
2390    8.94374299049
2402    8.97973704338
2441    9.02291607857
2397    9.07122302055
2434    9.11427497864
2388    9.14008712769
2392    9.1760699749
2393    9.20431303978
2401    9.24119901657
2393    9.27883410454
2448    9.30889201164
2404    9.34393405914
2399    9.38893198967
2406    9.42356109619
2404    9.46277403831
2396    9.49189710617
2392    9.52603197098
2448    9.56011915207
2393    9.58417797089
2406    9.61866998672
2401    9.66198301315
2387    9.70017004013
2387    9.72826504707
2400    9.7681760788
2399    9.80206108093
2439    9.84510803223
2389    9.86966013908
2400    9.90481710434
2400    9.93160796165
2442    9.96549105644
2397    10.0101110935
2389    10.0483541489
2394    10.0766551495
2394    10.1128540039
2408    10.1399431229
2392    10.182872057
2393    10.229516983
2420    10.2666101456
2400    10.2956790924
2417    10.3298060894
2417    10.3565089703
2407    10.3890321255
2420    10.427806139
2410    10.4635310173
2418    10.4902961254
2400    10.5280439854
2407    10.5709991455
2393    10.6011571884
2406    10.6339840889
2402    10.6758141518
2406    10.7095701694
2406    10.7434000969
2404    10.7772240639
2417    10.8110921383
2419    10.844987154
2414    10.8738021851
2457    10.9075350761
2398    10.9464399815
2455    10.9752361774
2393    11.0092639923
2405    11.0389940739
2395    11.0824370384
2396    11.1329541206
2403    11.1738259792
2393    11.2108211517
2435    11.2390751839
2406    11.2760131359
2397    11.3040680885
2452    11.3366541862
2387    11.3801050186
2405    11.4234080315
2370    11.4602940083
2381    11.4973950386
2377    11.5375771523
2378    11.5735011101
2451    11.6103739738
2391    11.6587190628
2405    11.6910290718
2393    11.7233350277
2386    11.7516121864
2397    11.7871160507
2392    11.8155441284
2401    11.8636090755
2393    11.9070789814
2402    11.9432389736
2450    11.9746899605
2393    12.0076341629
2405    12.0369491577
2400    12.0692710876
2451    12.0979549885
2398    12.1319651604
2441    12.1636769772
2461    12.1967949867
2396    12.2401881218
2408    12.2832181454
2412    12.3292970657
2388    12.3676609993
2392    12.4113140106
2402    12.4474101067
2385    12.4934930801
2392    12.5306940079
2395    12.5654220581
2386    12.6050679684
2403    12.6348180771
2383    12.6798331738
2401    12.7215790749
2401    12.7640771866
2400    12.7996711731
2386    12.8315019608
2387    12.8622059822
2384    12.8947000504
2384    12.9380781651
2429    12.9757189751
2363    13.0039641857
2366    13.0576281548
2358    13.0897040367
2365    13.1330661774
2413    13.1713900566
2364    13.2172429562
2360    13.2598800659
2372    13.2869319916
2357    13.3210160732
2364    13.3488550186
2372    13.3824131489
2364    13.4138820171
2367    13.4721360207
2367    13.5224020481
2348    13.5549411774
2348    13.5875990391
2353    13.6201870441
2352    13.6630439758
2361    13.6896650791
2348    13.7237150669
2356    13.7582609653
2346    13.8015429974
2405    13.8495399952
2336    13.8817059994
2330    13.9167671204
2376    13.9600310326
2324    14.0032110214
2321    14.0401229858
2328    14.0778419971
2331    14.1140081882
2326    14.1522681713
2327    14.1828551292
2330    14.2184100151
2336    14.2583789825
2315    14.2887220383
2319    14.3371889591
2316    14.370123148
2322    14.4011161327
2326    14.4320640564
2324    14.4667170048
2321    14.497243166
2312    14.5406990051
2316    14.5791721344
2314    14.6222510338
2323    14.6639680862
2302    14.7097840309
2294    14.7579190731
2300    14.800112009
2300    14.838629961
2300    14.8823280334
2298    14.9209880829
2303    14.9531891346
2290    14.9957211018
2299    15.0261859894
2299    15.0693531036
2297    15.0974099636
2284    15.1333310604
2328    15.171957016
2283    15.2194590569
2285    15.2560691833
2293    15.2927470207
2291    15.3293559551
2285    15.3677871227
2285    15.4111430645
2278    15.4542520046
2293    15.4952931404
2268    15.5332071781
2284    15.5813190937
2316    15.614467144
2271    15.6479101181
2270    15.6760411263
2271    15.712939024
2274    15.7520570755
2320    15.7954030037
2265    15.8361241817
2267    15.8648421764
2269    15.9084630013
2269    15.9516870975
2259    15.9782321453
2264    16.0094971657
2264    16.0518569946
2257    16.0867710114
2262    16.1116681099
2263    16.1516830921
2312    16.1865880489
2261    16.2164809704
2252    16.2427830696
2258    16.2766010761
2256    16.3194820881
2258    16.3626461029
2267    16.4028849602
2260    16.4413449764
2248    16.4893181324
2232    16.5261561871
2245    16.5580101013
2252    16.5865421295
2236    16.6200139523
2248    16.6586389542
2247    16.693116188
2240    16.7157590389
2245    16.7533831596
2240    16.7809381485
2235    16.8135380745
2240    16.8461790085
2240    16.8736829758
2240    16.9081411362
2231    16.9463169575
2240    16.9791581631
2243    17.0161039829
2229    17.0538430214
2236    17.0922710896
2232    17.1361041069
2224    17.1743359566
2236    17.205021143
2234    17.2365500927
2222    17.2796030045
2227    17.3230280876
2228    17.3616101742
2228    17.3954210281
2227    17.4342770576
2227    17.4778981209
2229    17.5164661407
2228    17.5488770008
2228    17.5860869884
2235    17.6245110035
2226    17.6631550789
2228    17.6965479851
2268    17.7400660515
2226    17.7783961296
2267    17.8217799664
2227    17.8585700989
2218    17.8904500008
2200    17.934221983
2211    17.972659111
2210    18.0160691738
