2195    0.0282127857208
2193    0.0660707950592
2248    0.092670917511
2202    0.12419295311
2193    0.157312870026
2195    0.194036960602
2203    0.236190795898
2193    0.270114898682
2194    0.302979946136
2197    0.346431970596
2194    0.390085935593
2203    0.43289899826
2202    0.46644282341
2203    0.498409986496
2206    0.529299974442
2194    0.563622951508
2203    0.603324890137
2193    0.629122018814
2200    0.661278963089
2194    0.703820943832
2245    0.747495889664
2199    0.771921873093
2195    0.804444789886
2197    0.832312822342
2202    0.866760015488
2248    0.902858018875
2192    0.945817947388
2194    0.989041805267
2198    1.02631497383
2193    1.06994795799
2201    1.09706282616
2186    1.1282119751
2200    1.15655398369
2206    1.19058585167
2241    1.22670483589
2201    1.24901294708
2192    1.29188394547
2200    1.32781982422
2254    1.36778092384
2201    1.39333081245
2179    1.42710494995
2181    1.4555208683
2181    1.48846578598
2179    1.52216601372
2185    1.55008602142
2175    1.58341693878
2172    1.62045884132
2170    1.66389679909
2164    1.70262098312
2159    1.74788093567
2168    1.7752559185
2170    1.81274485588
2168    1.84058189392
2166    1.88343501091
2175    1.92309379578
2175    1.94812178612
2169    1.98085784912
2157    2.00942778587
2179    2.04790902138
2185    2.08637595177
2179    2.12816095352
2174    2.17406797409
2178    2.20726394653
2171    2.23570990562
2171    2.26926398277
2190    2.30027890205
2175    2.32796502113
2173    2.36128497124
2175    2.39684987068
2175    2.43530392647
2185    2.47867083549
2251    2.50424599648
2207    2.53842401505
2206    2.56451296806
2186    2.59825086594
2205    2.65626382828
2198    2.69968485832
2194    2.73805093765
2195    2.78118991852
2194    2.80688285828
2198    2.83934283257
2194    2.87239694595
2191    2.91107201576
2214    2.94922494888
2257    2.98688697815
2200    3.02055382729
2209    3.06288290024
2204    3.09888482094
2209    3.13041496277
2206    3.16390991211
2207    3.19542789459
2213    3.22384381294
2204    3.26039600372
2217    3.29796099663
2236    3.34122180939
2281    3.3682320118
2224    3.39586496353
2225    3.42898583412
2224    3.46248197556
2237    3.4986269474
2234    3.53485798836
2275    3.5767929554
2228    3.60900402069
2234    3.64847278595
2234    3.68328595161
2268    3.72623085976
2231    3.77244782448
2229    3.81529283524
2232    3.84847593307
2228    3.8810608387
2229    3.91340899467
2240    3.95194792747
2231    3.98465490341
2297    4.02102780342
2248    4.05898880959
2248    4.08871293068
2297    4.12086486816
2248    4.16391301155
2250    4.19064593315
2242    4.23887681961
2261    4.27708292007
2254    4.31996297836
2253    4.36330199242
2248    4.40216398239
2263    4.43119382858
2321    4.46541500092
2272    4.50370287895
2273    4.53200697899
2268    4.55886483192
2323    4.59483599663
2269    4.65247797966
2272    4.68081188202
2270    4.71442484856
2270    4.76331090927
2266    4.79682183266
2282    4.82995986938
2284    4.88356184959
2287    4.92690992355
2294    4.96526479721
2279    5.00856184959
2291    5.04625487328
2284    5.07924580574
2288    5.12254691124
2287    5.16572880745
2303    5.1926279068
2303    5.23644685745
2296    5.28435087204
2292    5.32687592506
2366    5.36499500275
2314    5.40837287903
2315    5.44681501389
2303    5.47510194778
2331    5.50883293152
2342    5.54276800156
2333    5.56656599045
2331    5.60546088219
2327    5.64366698265
2341    5.68673586845
2358    5.73040986061
2353    5.75632596016
2348    5.78962302208
2348    5.82133197784
2348    5.85498380661
2354    5.88407492638
2350    5.92767500877
2350    5.96962881088
2361    5.9971549511
2348    6.02800989151
2343    6.07083392143
2357    6.12412595749
2348    6.16220188141
2361    6.19416689873
2353    6.23768091202
2352    6.27588796616
2352    6.31873989105
2361    6.34976100922
2352    6.38824391365
2375    6.42128682137
2362    6.44941091537
2365    6.49231481552
2363    6.53584480286
2374    6.57410788536
2367    6.60594582558
2372    6.63722491264
2357    6.66894698143
2355    6.69669389725
2373    6.7291560173
2366    6.76553082466
2363    6.80395579338
2365    6.83552384377
2359    6.87718582153
2364    6.92488980293
2371    6.95079398155
2373    6.97920489311
2373    7.01511287689
2364    7.05269479752
2363    7.08080792427
2367    7.11411094666
2362    7.14737796783
2384    7.19073390961
2384    7.22910785675
2377    7.25681591034
2387    7.28905701637
2388    7.32126998901
2379    7.36451101303
2380    7.40786480904
2377    7.45076990128
2380    7.48906183243
2379    7.52785396576
2378    7.56089091301
2385    7.60422992706
2377    7.64755487442
2378    7.69077801704
2367    7.73431682587
2402    7.77136898041
2392    7.80421686172
2392    7.83723092079
2393    7.88092780113
2392    7.92700386047
2396    7.95898485184
2385    7.99485301971
2401    8.02087783813
2397    8.05363798141
2394    8.09533596039
2403    8.12198185921
2397    8.15403389931
2401    8.18673086166
2391    8.23009395599
2393    8.26856589317
2444    8.31205797195
2396    8.35542988777
2405    8.39376878738
2396    8.4218249321
2391    8.46511888504
2392    8.4968957901
2401    8.53052783012
2402    8.56433200836
2390    8.60509800911
2393    8.64847183228
2402    8.68680596352
2406    8.71865487099
2403    8.75456690788
2404    8.78296279907
2411    8.81140494347
2456    8.84975886345
2452    8.87833786011
2401    8.91186594963
2400    8.94536185265
2449    8.98918294907
2406    9.0274720192
2416    9.05822181702
2403    9.10132479668
2400    9.14419293404
2408    9.18252801895
2406    9.21073698997
2414    9.24634599686
2417    9.28010201454
2412    9.31492400169
2410    9.35338497162
2411    9.3917119503
2409    9.45457601547
2409    9.49464392662
2416    9.50260591507
2410    9.54617881775
0    9.57807183266
2409    9.58596897125
2419    9.63024783134
0    9.65720701218
2412    9.67031383514
2412    9.69707393646
2408    9.71722984314
2415    9.73707699776
2406    9.75876688957
2435    9.78217792511
0    9.82050800323
2427    9.82445287704
2422    9.86256098747
0    9.89626479149
2421    9.90702486038
2425    9.94186282158
0    9.97617387772
2432    9.98013281822
2426    10.019356966
0    10.0525949001
2416    10.0602958202
2422    10.1067898273
2432    10.1405589581
2423    10.188918829
2423    10.2220709324
2432    10.2539498806
2429    10.2852678299
2432    10.3174889088
2425    10.3615908623
2434    10.3881778717
2424    10.4170827866
2475    10.4507598877
2425    10.4898989201
2432    10.5231919289
2412    10.5665647984
2418    10.6095359325
2432    10.6330459118
2435    10.674435854
2429    10.7206878662
2414    10.7639729977
2422    10.8068258762
2421    10.8427867889
2420    10.8782968521
2422    10.9213118553
2466    10.9594018459
2414    11.0024158955
2456    11.0456049442
2417    11.0833969116
2423    11.126516819
2411    11.1699647903
2405    11.2083089352
2416    11.2602369785
2406    11.287899971
2459    11.3257789612
2406    11.3640220165
2420    11.3957209587
2396    11.4237439632
2392    11.4573237896
2392    11.4907867908
2406    11.537665844
2400    11.5812327862
2407    11.6198179722
2404    11.6481099129
2414    11.6992299557
2405    11.737074852
2417    11.7824718952
2409    11.8162288666
2398    11.8500819206
2407    11.888961792
2407    11.9332499504
2410    11.9617109299
2409    11.9952459335
2463    12.0262298584
2409    12.0548028946
2419    12.0908429623
2418    12.1163628101
2414    12.1497809887
2408    12.1831519604
2408    12.2112159729
2432    12.269618988
2432    12.3082098961
2414    12.3136568069
2416    12.3457629681
2463    12.3814008236
2406    12.4241569042
2391    12.4511568546
2388    12.4841778278
2403    12.5157368183
2393    12.5591268539
2388    12.6026120186
2393    12.6462140083
2384    12.6851038933
2387    12.7283239365
2389    12.7663588524
2392    12.7994349003
2394    12.8426978588
2391    12.8809728622
2427    12.9132068157
2384    12.9512019157
2377    12.9896259308
2374    13.016879797
2381    13.0427098274
2438    13.0737090111
2386    13.1123609543
2374    13.1456890106
2385    13.1799838543
2388    13.2044169903
2382    13.235863924
2377    13.2697958946
2377    13.2987978458
2378    13.339496851
2380    13.3718419075
2369    13.4134809971
2407    13.4522600174
2355    13.4959969521
2352    13.5378539562
2358    13.5761079788
2348    13.6187708378
2350    13.6567728519
2351    13.689250946
2340    13.7168447971
2340    13.7502169609
2397    13.7777919769
2346    13.815751791
2398    13.8542928696
2353    13.8802678585
2391    13.9151599407
2327    13.9432988167
2328    13.97655797
2333    14.0247888565
2337    14.0705699921
2337    14.1013638973
2338    14.1297359467
2341    14.1730928421
2328    14.2115240097
2314    14.2551720142
2316    14.2936317921
2312    14.3219499588
2317    14.3594470024
2323    14.3849658966
2315    14.4185349941
2319    14.4593458176
2316    14.4962580204
2314    14.5346078873
2303    14.5780379772
2303    14.6185598373
2300    14.6515438557
2295    14.6905648708
2303    14.7256109715
2310    14.7506108284
2311    14.7858479023
2303    14.8243649006
2290    14.8723769188
2339    14.9081699848
2297    14.9483089447
2346    14.975361824
2293    15.0068569183
2322    15.0417490005
2284    15.0669457912
2285    15.103967905
2282    15.1416540146
2335    15.1833939552
2322    15.2147028446
2281    15.2498099804
2319    15.2881159782
2274    15.3214259148
2262    15.3495118618
2264    15.3833568096
2270    15.4211788177
2268    15.4504799843
2269    15.4836130142
2282    15.5187568665
2280    15.549549818
2277    15.595484972
2282    15.6328368187
2272    15.6646180153
2253    15.6999378204
2249    15.7321178913
2252    15.7752759457
2263    15.8053159714
2246    15.8484690189
2311    15.8758869171
2254    15.9093239307
2267    15.9410378933
2257    15.9728238583
2247    16.0079638958
2254    16.051473856
2254    16.0899648666
2240    16.1182508469
2240    16.1514048576
2245    16.1845088005
2240    16.2166678905
2244    16.2492368221
2240    16.2811398506
2240    16.3132348061
2240    16.3562369347
2242    16.3964028358
2231    16.4394760132
2248    16.4701759815
2248    16.5004658699
2225    16.5392179489
2241    16.5786299706
2230    16.6042859554
2228    16.6374127865
2227    16.6659448147
2236    16.7147629261
2228    16.7532088757
2233    16.7965137959
2232    16.8399198055
2217    16.86784482
2228    16.9014389515
2225    16.9304218292
2226    16.9689688683
2222    17.0073029995
2224    17.0499918461
2215    17.0883607864
2259    17.1218969822
2252    17.1601519585
2211    17.2035508156
2217    17.2310199738
2207    17.2646429539
2208    17.3079237938
2210    17.3509299755
2214    17.3892049789
2211    17.4225258827
2256    17.4607689381
2204    17.504103899
2210    17.5359230042
2209    17.5678329468
2200    17.6010868549
2213    17.6394119263
2211    17.6829648018
2222    17.7133708
2211    17.7449028492
2200    17.7874310017
2216    17.8182718754
2209    17.8616888523
2209    17.8998417854
2200    17.9315128326
2199    17.9789509773
2204    18.0226869583
