2240    0.028990983963
2230    0.0603060722351
2236    0.0921950340271
2224    0.120874881744
2225    0.154712915421
2243    0.198786973953
2225    0.242296934128
2224    0.286153078079
2225    0.324276924133
2225    0.352163076401
2216    0.395397901535
2220    0.439691066742
2240    0.481982946396
2224    0.510637998581
2216    0.554986953735
2235    0.592129945755
2247    0.642272949219
2247    0.691919088364
2228    0.700787067413
2240    0.746851921082
2240    0.754729032516
2246    0.78896188736
0    0.829282045364
2248    0.834321022034
2240    0.86403298378
0    0.909358024597
2252    0.914458036423
2248    0.944300889969
0    0.974966049194
2237    0.982393980026
2288    1.02103590965
0    1.05520701408
2237    1.06453704834
2240    1.11381101608
0    1.14329409599
2237    1.15573596954
2242    1.17396092415
0    1.2071890831
2248    1.21021294594
2240    1.23799800873
0    1.28114390373
2240    1.28412294388
2231    1.31699609756
0    1.35528206825
2243    1.35830688477
2241    1.39121103287
0    1.42503905296
2240    1.43433594704
2224    1.47040009499
2232    1.49326491356
2231    1.52698397636
2225    1.53520703316
2233    1.58386707306
0    1.62278699875
2224    1.63112592697
2224    1.66146302223
0    1.69866108894
2213    1.71058487892
2212    1.74231410027
2257    1.75304198265
2210    1.78756594658
0    1.83555698395
2206    1.8397769928
2210    1.86894392967
0    1.90987300873
2218    1.91703987122
2211    1.95108699799
0    1.98833489418
2230    1.99720096588
2229    2.03485989571
2225    2.07716393471
2225    2.11589598656
2274    2.14431190491
2232    2.17791509628
2231    2.21962308884
2228    2.25882387161
2243    2.301831007
2251    2.3389749527
2240    2.38284802437
2240    2.42783999443
2232    2.45556402206
2249    2.49209308624
2242    2.52723789215
2240    2.55823588371
2238    2.59345006943
2232    2.63714694977
2247    2.66329908371
2244    2.6993470192
2245    2.72627496719
2252    2.76244306564
2259    2.80054092407
2250    2.83706998825
2255    2.88888001442
2254    2.9328019619
2264    2.9627289772
2251    2.99412989616
2256    3.03814291954
2256    3.08171796799
2310    3.12561893463
2254    3.16103196144
2263    3.20328402519
2267    3.25065493584
2270    3.29328989983
2268    3.33681702614
2273    3.37535095215
2279    3.41089105606
2272    3.45408201218
2274    3.48808789253
2272    3.53166294098
2282    3.57438898087
2318    3.61326599121
2282    3.64466905594
2272    3.68841290474
2283    3.72463297844
2282    3.7573299408
2270    3.78942489624
2273    3.82205295563
2274    3.84964203835
2287    3.88212394714
2281    3.93308591843
2328    3.97054004669
2284    4.00305891037
2286    4.03051996231
2282    4.06304097176
2279    4.0956890583
2291    4.12010407448
2295    4.15446805954
2277    4.18395209312
2293    4.21831798553
2296    4.2473089695
2299    4.28827500343
2298    4.32714796066
2298    4.35948586464
2299    4.41165494919
2300    4.44407010078
2303    4.47555088997
2294    4.5080010891
2298    4.53568100929
2303    4.56828904152
2298    4.60128307343
2373    4.62884688377
2324    4.66609787941
2322    4.69844007492
2314    4.74109601974
2323    4.78375387192
2314    4.82321596146
2314    4.86226201057
2315    4.89537596703
2374    4.92514896393
2318    4.95672392845
2319    5.0007019043
2315    5.03953194618
2378    5.08346509933
2326    5.12242507935
2329    5.16145086288
2322    5.20441699028
2333    5.23913908005
2338    5.26935195923
2350    5.30821895599
2361    5.34260392189
2353    5.38628602028
2351    5.42538404465
2411    5.46287798882
2411    5.50130701065
2357    5.53299403191
2376    5.57698702812
2376    5.60652494431
2366    5.65011286736
2367    5.69441604614
2363    5.72853899002
2367    5.76115489006
2365    5.78973507881
2357    5.83665990829
2361    5.86444187164
2364    5.91823887825
2366    5.95211386681
2362    5.99464488029
2367    6.03217601776
2366    6.0610229969
2371    6.09742093086
2365    6.13686609268
2364    6.16820693016
2369    6.20007300377
2411    6.24931001663
2372    6.28974199295
2363    6.31509208679
2417    6.35102009773
2363    6.38889503479
2425    6.42325401306
2367    6.46570897102
2364    6.50522494316
2363    6.54901909828
2422    6.58786988258
2359    6.62684488297
2360    6.65942907333
2366    6.68741703033
2367    6.72600793839
2374    6.76093292236
2363    6.80130887032
2364    6.83660197258
2371    6.86672401428
2376    6.89928603172
2381    6.9267950058
2372    6.95936393738
2361    6.99182701111
2373    7.02934789658
2370    7.05687308311
2384    7.09425187111
2377    7.13712191582
2385    7.17410302162
2379    7.20428800583
2423    7.23614788055
2384    7.26871395111
2390    7.30133986473
2379    7.32893610001
2372    7.3614730835
2385    7.40058898926
2433    7.42724490166
2376    7.47061109543
2378    7.49832201004
2380    7.53156900406
2380    7.56753802299
2434    7.60438489914
2377    7.64860796928
2382    7.67528009415
2377    7.70679497719
2432    7.75013208389
2378    7.79422998428
2379    7.83326005936
2380    7.87713003159
2384    7.90401697159
2378    7.94768404961
2378    7.98954606056
2372    8.02845096588
2379    8.06076693535
2423    8.10476303101
2376    8.15155887604
2381    8.1954100132
2377    8.23409891129
2378    8.27820587158
2379    8.31716799736
2370    8.35621905327
2375    8.39918804169
2378    8.44309186935
2376    8.47984695435
2374    8.52091288567
2370    8.5569870472
2377    8.5831360817
2381    8.62425804138
2377    8.66534304619
2386    8.69139194489
2380    8.72263002396
2424    8.75430107117
2387    8.79146194458
2379    8.8345489502
2376    8.87298989296
2392    8.90465688705
2367    8.94843888283
2379    8.9885020256
2376    9.01328396797
2383    9.04813194275
2375    9.07691001892
2382    9.11004400253
2375    9.138671875
2378    9.17169189453
2377    9.20474004745
2388    9.24807095528
2424    9.29189991951
2375    9.3282790184
2372    9.36095404625
2377    9.40444302559
2376    9.44397997856
2377    9.48830103874
2378    9.52212405205
2386    9.560090065
2379    9.60322904587
2384    9.63927698135
2370    9.67032289505
2388    9.70134592056
2388    9.73229908943
2381    9.76850891113
2377    9.80095601082
2378    9.83338594437
2377    9.87167596817
2377    9.90084695816
2378    9.9348590374
2378    9.96369600296
2386    9.99984693527
2385    10.0309870243
2379    10.0749409199
2381    10.1189410686
2382    10.1470410824
2377    10.1910200119
2380    10.2341349125
2383    10.2733230591
2382    10.3173139095
2364    10.3511419296
2408    10.3801739216
2355    10.4140410423
2367    10.4527740479
2371    10.4916129112
2360    10.5378570557
2366    10.5868170261
2357    10.6203448772
2366    10.6493968964
2357    10.6826958656
2419    10.7160658836
2363    10.7607090473
2364    10.799695015
2363    10.8436710835
2355    10.8826808929
2365    10.9318470955
2409    10.9657189846
2371    11.0098040104
2356    11.0459120274
2366    11.07701087
2365    11.1057980061
2406    11.1387228966
2355    11.1717700958
2347    11.2154500484
2343    11.2547419071
2345    11.2988979816
2339    11.3379299641
2343    11.3717970848
2354    11.4108250141
2356    11.4499709606
2394    11.4833250046
2406    11.5130400658
2351    11.5451939106
2406    11.5894429684
2343    11.6285948753
2353    11.6727318764
2351    11.7118139267
2352    11.7510669231
2349    11.7870800495
2357    11.8173708916
2353    11.8525688648
2367    11.882983923
2367    11.9133350849
2360    11.9439589977
2355    11.9762940407
2360    12.0239908695
2370    12.0678489208
2360    12.1020538807
2355    12.1303749084
2354    12.1641669273
2367    12.196201086
2366    12.2425069809
2364    12.2798740864
2362    12.3118650913
2352    12.3555130959
2352    12.3944790363
2361    12.4246220589
2354    12.4549739361
2348    12.5112659931
2354    12.5446610451
2349    12.5730578899
2347    12.6065568924
2345    12.6353030205
2358    12.669246912
2346    12.7035889626
2349    12.7460398674
2350    12.7808470726
2358    12.8163299561
2334    12.8602669239
2335    12.8993110657
2324    12.9280998707
2342    12.972233057
2328    13.0110259056
2382    13.0470900536
2342    13.0781838894
2328    13.1103539467
2338    13.1411719322
2331    13.1697878838
2338    13.2035439014
2335    13.2422759533
2334    13.2711629868
2324    13.3024590015
2387    13.3593480587
2328    13.3920428753
2319    13.4249229431
2314    13.452559948
2312    13.4915509224
2360    13.5354750156
2345    13.5699310303
2359    13.6144399643
2315    13.6395158768
2303    13.6769108772
2299    13.7160658836
2345    13.7550048828
2303    13.7985360622
2359    13.8381819725
2297    13.8654899597
2297    13.9027369022
2352    13.9301199913
2297    13.9624710083
2295    13.9900000095
2298    14.0197188854
2310    14.0592749119
2309    14.0986320972
2299    14.1334140301
2303    14.1726861
2294    14.2032380104
2288    14.2351689339
2285    14.2662410736
2291    14.2980060577
2293    14.3285090923
2288    14.3620929718
2294    14.3900170326
2287    14.4325330257
2288    14.4602248669
2284    14.5017409325
2290    14.5282239914
2278    14.5668540001
2288    14.6211428642
2278    14.6467900276
2276    14.6783058643
2277    14.7095189095
2282    14.7406899929
2281    14.7748410702
2272    14.812828064
2270    14.8502440453
2281    14.8891470432
2267    14.9329440594
2274    14.9761309624
2274    15.0039329529
2270    15.037113905
2270    15.0659868717
2270    15.098995924
2276    15.1318969727
2266    15.1759529114
2265    15.2148430347
2270    15.243103981
2273    15.2768850327
2272    15.3206450939
2274    15.3493289948
2269    15.3803989887
2275    15.4291238785
2265    15.468280077
2252    15.5072789192
2253    15.5508899689
2259    15.5899250507
2263    15.6320118904
2267    15.6580379009
2260    15.6892049313
2252    15.7258820534
2264    15.7737729549
2248    15.8165640831
2257    15.8605749607
2260    15.8995730877
2258    15.941890955
2267    15.9677360058
2262    16.0011460781
2249    16.0440299511
2249    16.0921990871
2258    16.1008000374
2264    16.1413240433
2233    16.1758649349
2240    16.2055249214
2242    16.2351059914
2248    16.2668750286
2240    16.2962999344
2241    16.3301820755
2240    16.3639669418
2251    16.3907549381
2236    16.4238789082
2240    16.4731678963
2244    16.516810894
2252    16.5523579121
2249    16.5905489922
2249    16.6341850758
2252    16.660255909
2237    16.6937580109
2244    16.7374839783
2282    16.7757959366
2236    16.8193049431
2243    16.8622479439
2234    16.9061710835
2240    16.9498429298
2290    16.9765179157
2242    17.0107960701
2243    17.0447909832
2240    17.0714709759
2240    17.1035950184
2225    17.1397800446
2221    17.181000948
2241    17.2178330421
2224    17.246874094
2228    17.2893550396
2237    17.3331868649
2225    17.3622820377
2242    17.4064400196
2225    17.433371067
2232    17.4646570683
2226    17.4964110851
2227    17.5335569382
2240    17.567250967
2218    17.604031086
2232    17.6429588795
2274    17.6701049805
2234    17.7009370327
2224    17.734721899
2224    17.7631590366
2224    17.7970399857
2230    17.8409779072
2222    17.875262022
2220    17.909070015
2230    17.9555599689
2224    17.9891068935
2225    18.0213370323
