2228    0.028128862381
2231    0.0644919872284
2228    0.0926070213318
2233    0.125201940536
2222    0.172040939331
2272    0.209519863129
2224    0.236433982849
2235    0.270185947418
2281    0.313593864441
2226    0.356910943985
2225    0.39576292038
2224    0.439017057419
2269    0.477138996124
2227    0.515810966492
2231    0.549703836441
2225    0.581815958023
2217    0.625594854355
2232    0.658781051636
2224    0.700129985809
2215    0.729120969772
2228    0.761919021606
2228    0.792921066284
2223    0.836138010025
2225    0.865911006927
2280    0.895061969757
2221    0.938113927841
2269    0.966462850571
2227    1.00202894211
2236    1.04225492477
2226    1.08083701134
2225    1.12883901596
2226    1.16605186462
2221    1.1952278614
2227    1.22811985016
2227    1.26190185547
2232    1.29162096977
2225    1.32157301903
2224    1.35016703606
2223    1.3934879303
2225    1.43492698669
2227    1.47322797775
2225    1.50037789345
2236    1.53467583656
2224    1.56379389763
2217    1.59821105003
2207    1.63678693771
2207    1.68019890785
2206    1.70774292946
2208    1.75053501129
2208    1.79919195175
2192    1.83632802963
2252    1.86677789688
2206    1.91007590294
2253    1.95387601852
2201    1.99237990379
2209    2.01924395561
2253    2.05125594139
2218    2.08318305016
2210    2.12644004822
2216    2.17002701759
2274    2.21724486351
2230    2.24994802475
2226    2.2934589386
2281    2.33714795113
2231    2.37546396255
2216    2.40335583687
2216    2.43685007095
2224    2.48011684418
2216    2.51828694344
2249    2.55017399788
2249    2.59230804443
2237    2.63083100319
2237    2.67443990707
2243    2.71608805656
2241    2.75473403931
2231    2.79334688187
2232    2.82164692879
2231    2.85557103157
2232    2.89154005051
2252    2.92820906639
2266    2.95829892159
2254    2.9843878746
2254    3.01617002487
2251    3.05003786087
2264    3.08467102051
2268    3.11073088646
2247    3.1432659626
2258    3.18376803398
2252    3.21698093414
2263    3.25189185143
2261    3.29021000862
2268    3.33349394798
2269    3.37426686287
2278    3.40077900887
2269    3.4341070652
2262    3.46588206291
2280    3.50274300575
2259    3.5407409668
2259    3.5790309906
2258    3.61213588715
2256    3.65958499908
2258    3.69251394272
2264    3.72753500938
2252    3.76044988632
2269    3.79142689705
2278    3.82285189629
2269    3.85136795044
2288    3.88735699654
2293    3.93587398529
2284    3.96973490715
2284    4.00277996063
2296    4.03456902504
2289    4.06658506393
2284    4.09298992157
2295    4.12674093246
2328    4.16828203201
2286    4.20111894608
2288    4.22952985764
2293    4.26300501823
2278    4.29134893417
2293    4.32472896576
2292    4.37936997414
2297    4.42539906502
2303    4.46372389793
2303    4.5063419342
2311    4.54458093643
2300    4.58740901947
2300    4.63099598885
2311    4.66864299774
2303    4.71136593819
2316    4.75458288193
2363    4.78796696663
2324    4.83000302315
2315    4.86794900894
2320    4.89573407173
2361    4.92895483971
2318    4.96381497383
2318    5.00172305107
2324    5.03207588196
2323    5.06943106651
2320    5.10648989677
2339    5.13850092888
2329    5.17038989067
2328    5.19668006897
2334    5.22968792915
2330    5.27238106728
2329    5.30153989792
2336    5.3312728405
2349    5.36962795258
2339    5.42304706573
2358    5.46075892448
2365    5.48782491684
2361    5.52123594284
2354    5.56025004387
2373    5.59472203255
2416    5.62450098991
2375    5.65570998192
2366    5.69905686378
2367    5.74262189865
2372    5.79112386703
2372    5.81953597069
2376    5.85676789284
2363    5.89479804039
2376    5.92478895187
2365    5.9578359127
2355    6.01860785484
2363    6.05645990372
2367    6.09309887886
2414    6.12328505516
2381    6.1665520668
2426    6.20984387398
2363    6.24844193459
2361    6.29185605049
2363    6.33034491539
2363    6.36344790459
2424    6.40199899673
2386    6.43927192688
2376    6.47775387764
2376    6.50574207306
2382    6.53799700737
2432    6.56949591637
2379    6.60333800316
2381    6.64216995239
2382    6.66972589493
2387    6.70204496384
2379    6.72984290123
2386    6.76919984818
2420    6.80731892586
2379    6.83656597137
2375    6.86940789223
2379    6.90434789658
2384    6.9306230545
2374    6.97895503044
2385    7.01721191406
2379    7.04721403122
2390    7.07803702354
2378    7.11110496521
2371    7.15427303314
2376    7.19719290733
2389    7.23531699181
2382    7.27353692055
2381    7.30676484108
2378    7.34975385666
2379    7.38474988937
2371    7.42977690697
2386    7.46497297287
2379    7.50340199471
2378    7.54036307335
2377    7.58388495445
2387    7.62748789787
2384    7.67051291466
2379    7.70475506783
2389    7.73897504807
2389    7.7731859684
2385    7.79952788353
2379    7.83671593666
2385    7.87331485748
2380    7.90965485573
2393    7.94618296623
2402    7.98134994507
2388    8.01456999779
2393    8.05722784996
2393    8.10009789467
2393    8.1438639164
2391    8.17727088928
2388    8.20581793785
2391    8.23817205429
2396    8.27702999115
2400    8.30206799507
2435    8.34203886986
2376    8.38631391525
2450    8.42569184303
2376    8.4678299427
2380    8.50569605827
2393    8.53693199158
2384    8.56752705574
2384    8.60164093971
2389    8.64439105988
2376    8.67626595497
2393    8.72376084328
2438    8.75566196442
2400    8.78653502464
2395    8.81707596779
2396    8.84931206703
2392    8.89226603508
2445    8.9212448597
2402    8.95438694954
2381    9.00218892097
2448    9.03944993019
2394    9.07934999466
2402    9.10431003571
2390    9.13988804817
2392    9.18299102783
2393    9.22656202316
2377    9.26397204399
2395    9.31152391434
2442    9.34831094742
2402    9.37530899048
2434    9.41160798073
2389    9.43565201759
2397    9.47877407074
2403    9.50907301903
2396    9.53724503517
2387    9.57052493095
2393    9.61368894577
2392    9.6571700573
2400    9.69441103935
2398    9.7262430191
2400    9.75657200813
2380    9.78741788864
2424    9.81539392471
2374    9.85567593575
2379    9.8985478878
2381    9.92638301849
2372    9.95970988274
2376    9.99807786942
2376    10.0413470268
2437    10.0799739361
2383    10.1078338623
2379    10.1364109516
2383    10.1783678532
2371    10.2167320251
2369    10.24061203
2386    10.2794630527
2376    10.3187189102
2376    10.3498249054
2377    10.3812038898
2378    10.4210469723
2383    10.4543938637
2369    10.4981739521
2375    10.5410029888
2379    10.5794799328
2381    10.627851963
2381    10.6711349487
2379    10.7142629623
2385    10.7410509586
2379    10.7773349285
2377    10.814209938
2382    10.8450789452
2376    10.886811018
2386    10.9185209274
2377    10.950371027
2375    10.993888855
2358    11.0426959991
2372    11.0863239765
2363    11.1247160435
2371    11.1728489399
2365    11.2055540085
2374    11.2372899055
2364    11.2656638622
2362    11.3041129112
2362    11.3425009251
2350    11.3752658367
2422    11.4113440514
2372    11.4473378658
2374    11.4729089737
2363    11.5061249733
2411    11.5394170284
2364    11.5772750378
2359    11.6240520477
2355    11.6607038975
2366    11.6958789825
2366    11.7225859165
2372    11.7538318634
2366    11.7919750214
2363    11.8200640678
2373    11.8581960201
2372    11.8947410583
2365    11.939483881
2367    11.9768588543
2366    12.0361959934
2366    12.0715909004
2413    12.076832056
2371    12.0953018665
0    12.1366789341
2367    12.1397030354
2366    12.172618866
0    12.2114150524
2416    12.2194550037
2367    12.2408089638
0    12.2860279083
2365    12.2887718678
2366    12.3214058876
2376    12.3564059734
2373    12.3932318687
2369    12.4409179688
2352    12.4867699146
2349    12.5250279903
2348    12.5622839928
2349    12.5955729485
2367    12.6340098381
2352    12.6624760628
2349    12.6959018707
2347    12.7243988514
2356    12.758908987
2349    12.7974739075
2390    12.8358409405
2335    12.8796079159
2326    12.913066864
2321    12.9460380077
2388    12.9742400646
2332    13.0075809956
2379    13.0395278931
2337    13.0828030109
2330    13.1212978363
2328    13.1497290134
2328    13.1876409054
2388    13.2292480469
2337    13.2824530602
2338    13.3200230598
2334    13.3515110016
2330    13.3948960304
2316    13.4333689213
2303    13.4617390633
2319    13.4984309673
2324    13.5273430347
2316    13.5708038807
2315    13.600703001
2303    13.6421239376
2303    13.682366848
2297    13.7108018398
2303    13.748062849
2312    13.7864508629
2302    13.8298430443
2346    13.8684520721
2301    13.9108910561
2348    13.9538629055
2351    13.9915189743
2303    14.0331120491
2295    14.071739912
2296    14.1152489185
2299    14.1533670425
2285    14.184224844
2283    14.2165908813
2334    14.2597570419
2290    14.2975559235
2276    14.3313958645
2332    14.3596699238
2328    14.3957459927
2284    14.4444029331
2297    14.4725039005
2284    14.5059099197
2285    14.5441930294
2288    14.5760879517
2283    14.619353056
2275    14.6459870338
2279    14.6787400246
2270    14.7066478729
2277    14.740447998
2326    14.774657011
2266    14.8167359829
2266    14.8542430401
2271    14.8834488392
2270    14.9226510525
2270    14.9555408955
2273    14.9874050617
2272    15.0191979408
2257    15.062420845
2252    15.1005618572
2268    15.1298809052
2251    15.1731128693
2258    15.2005360126
2249    15.2330539227
2247    15.2660570145
2251    15.2927119732
2265    15.3278028965
2258    15.3663179874
2255    15.4096989632
2259    15.4477758408
2258    15.4844019413
2300    15.5278408527
2251    15.5705180168
2248    15.5978589058
2259    15.6311688423
2255    15.6748239994
2258    15.7166068554
2240    15.7548298836
2238    15.7828090191
2236    15.8174550533
2248    15.8443109989
2240    15.8779020309
2240    15.9112980366
2240    15.9542269707
2244    15.9882049561
2235    16.0251429081
2243    16.055325985
2247    16.0913078785
2251    16.1341440678
2242    16.1725840569
2236    16.2138600349
2249    16.2473039627
2232    16.2794618607
2240    16.3178169727
2248    16.3485789299
2240    16.3796179295
2240    16.4233419895
2240    16.4671869278
2238    16.5052080154
2232    16.5357029438
2240    16.5654330254
2233    16.5982599258
2232    16.6290819645
2226    16.6599700451
2216    16.7035930157
2218    16.7417428493
2280    16.7831270695
2224    16.8150508404
2225    16.8431248665
2220    16.8835020065
2224    16.9169430733
2222    16.9500179291
2228    16.9783349037
2274    17.0113918781
2232    17.0445449352
2224    17.0856468678
2230    17.1238410473
2225    17.1549458504
2232    17.1893370152
2223    17.2277538776
2221    17.2560648918
2228    17.2884759903
2222    17.3211989403
2224    17.3647098541
2228    17.4031770229
2220    17.4330639839
2227    17.4645750523
2216    17.5078349113
2226    17.5454099178
2231    17.5785059929
2234    17.61729002
2219    17.6453900337
2230    17.682060957
2237    17.7127599716
2232    17.7435598373
2224    17.7741799355
2224    17.8099398613
2233    17.8407249451
2235    17.8724620342
2228    17.8996958733
2224    17.9348790646
2225    17.9678649902
2231    18.0137450695
