2224    0.0274941921234
2224    0.0600399971008
2225    0.0876331329346
2225    0.120121002197
2224    0.152708053589
2222    0.185240983963
2224    0.227800130844
2218    0.260334014893
2219    0.292807102203
2272    0.325335979462
2224    0.362982988358
2228    0.396710157394
2229    0.430446147919
2230    0.459143161774
2226    0.492784976959
2227    0.524434089661
2225    0.552675008774
2223    0.596558094025
2224    0.640163183212
2219    0.677673101425
2225    0.722164154053
2225    0.761080026627
2272    0.806734085083
2281    0.855666160583
2227    0.898081064224
2229    0.92520904541
2267    0.969278097153
2232    1.0132291317
2228    1.05726599693
2224    1.09614109993
2225    1.13961410522
2226    1.16744709015
2227    1.19393110275
2224    1.22783899307
2227    1.26155805588
2226    1.30024218559
2217    1.33399701118
2218    1.36272406578
2227    1.39165711403
2227    1.43083405495
2226    1.47534203529
2224    1.51430606842
2225    1.55809307098
2210    1.5985159874
2209    1.63790607452
2207    1.68195199966
2207    1.721129179
2216    1.76003408432
2210    1.78845906258
2194    1.83238816261
2189    1.8708012104
2206    1.91434216499
2268    1.94832420349
2265    1.98419904709
2204    2.03046107292
2207    2.07908511162
2216    2.11580014229
2200    2.15344119072
2224    2.18241405487
2225    2.21630811691
2275    2.24815106392
2237    2.28245902061
2229    2.32054901123
2229    2.36462807655
2228    2.39301013947
2225    2.4315931797
2225    2.47039699554
2240    2.49875211716
2240    2.53690218925
2246    2.5731780529
2240    2.61251211166
2289    2.64294910431
2237    2.6721060276
2238    2.71095204353
2252    2.73495912552
2246    2.76907420158
2248    2.80819511414
2234    2.83726501465
2249    2.86642313004
2245    2.9005150795
2251    2.92966413498
2248    2.96251106262
2253    2.99392819405
2303    3.02292513847
2302    3.06205701828
2262    3.10148501396
2254    3.14072418213
2262    3.18912220001
2253    3.23189616203
2264    3.26236319542
2248    3.29243612289
2265    3.33150815964
2269    3.36477804184
2267    3.39397406578
2257    3.44166517258
2258    3.46898818016
2252    3.49814319611
2252    3.52547717094
2258    3.55790114403
2249    3.58711218834
2258    3.62940311432
2257    3.67537403107
2274    3.70321917534
2276    3.733741045
2264    3.76465702057
2278    3.79644298553
2273    3.83315515518
2291    3.87085199356
2288    3.90480804443
2287    3.94870901108
2284    3.99132204056
2294    4.01736402512
2297    4.06450200081
2286    4.095277071
2297    4.13462519646
2288    4.17906618118
2311    4.21563816071
2294    4.25960612297
2299    4.29872298241
2298    4.34271216393
2291    4.38073301315
2290    4.42839717865
2300    4.45445919037
2302    4.48384904861
2293    4.51713204384
2302    4.54672503471
2300    4.58454918861
2321    4.61914205551
2316    4.65241718292
2323    4.69641017914
2315    4.73030304909
2314    4.77403497696
2320    4.8109190464
2369    4.85921502113
2328    4.89852619171
2317    4.94242811203
2334    4.98111605644
2342    5.00737309456
2339    5.04147410393
2323    5.07412815094
2328    5.116492033
2329    5.16054320335
2330    5.19448113441
2377    5.23760008812
2346    5.27652311325
2349    5.31070208549
2346    5.35482120514
2346    5.39913105965
2371    5.43572998047
2366    5.46718120575
2360    5.51079916954
2363    5.55459403992
2362    5.59073615074
2364    5.63139510155
2366    5.66045999527
2362    5.69343400002
2369    5.73205304146
2364    5.76553797722
2361    5.79478311539
2364    5.82809710503
2376    5.86069202423
2372    5.89481019974
2372    5.91882705688
2366    5.95318102837
2370    5.98725199699
2360    6.03136014938
2360    6.06024217606
2373    6.08927106857
2363    6.12831521034
2356    6.16744399071
2371    6.19154620171
2365    6.22562599182
2361    6.25748705864
2366    6.30092406273
2359    6.34470319748
2364    6.38803315163
2357    6.42739009857
2367    6.47561407089
2364    6.51298213005
2376    6.55713009834
2390    6.59599018097
2387    6.62761521339
2369    6.6753590107
2383    6.70966506004
2386    6.75855112076
2380    6.79559016228
2392    6.83172917366
2383    6.86481809616
2380    6.90881919861
2391    6.93543505669
2376    6.97947311401
2380    7.02305603027
2375    7.07202720642
2370    7.11079621315
2386    7.14198517799
2392    7.17317700386
2385    7.20431804657
2388    7.23554515839
2374    7.27665519714
2388    7.3079791069
2373    7.34936714172
2385    7.38072299957
2387    7.43202805519
2435    7.46847701073
2376    7.51274609566
2385    7.55191302299
2386    7.58932709694
2377    7.6235101223
2377    7.6574921608
2376    7.70100617409
2424    7.7398121357
2373    7.76935219765
2373    7.8038020134
2376    7.83834505081
2379    7.87280917168
2390    7.90735220909
2390    7.93718600273
2382    7.97127699852
2377    8.01067304611
2376    8.05451512337
2376    8.09335398674
2387    8.1237590313
2379    8.15414404869
2383    8.1846780777
2371    8.22860908508
2376    8.26761198044
2378    8.29666209221
2380    8.32555508614
2378    8.36284208298
2379    8.40029215813
2375    8.43265604973
2404    8.47531104088
2400    8.5193669796
2398    8.55871415138
2394    8.58779716492
2394    8.621489048
2384    8.6654381752
2393    8.6917090416
2398    8.72315907478
2395    8.75614714622
2403    8.78875517845
2395    8.83264112473
2384    8.87531614304
2405    8.9025220871
2394    8.94645810127
2402    8.9900970459
2396    9.02351117134
2403    9.04696202278
2392    9.07533311844
2401    9.1036760807
2397    9.13736820221
2385    9.16647601128
2385    9.19539904594
2436    9.22906899452
2393    9.27332901955
2401    9.32284498215
2401    9.35921812057
2393    9.38952112198
2390    9.42485308647
2394    9.4628341198
2393    9.50623106956
2392    9.5454761982
2394    9.57785820961
2367    9.62029409409
2390    9.65936398506
2372    9.68850302696
2391    9.73102116585
2378    9.77397608757
2376    9.81630206108
2385    9.85423707962
2382    9.89823317528
2387    9.92449116707
2388    9.95795202255
2376    9.98636698723
2381    10.0302321911
2429    10.0746190548
2377    10.1273910999
2376    10.1702940464
2388    10.2066299915
2377    10.234249115
2435    10.2692201138
2379    10.2995021343
2376    10.3434929848
2373    10.3825910091
2378    10.4114570618
2424    10.4601931572
2387    10.49893713
2388    10.5297031403
2382    10.5725960732
2371    10.6109600067
2377    10.6550891399
2380    10.6891520023
2372    10.7182769775
2374    10.7671461105
2429    10.7934081554
2381    10.8274381161
2382    10.8716351986
2382    10.9156701565
2375    10.9591720104
2378    10.9987881184
2378    11.0275540352
2363    11.0898292065
2372    11.1288640499
2365    11.1578230858
2413    11.1922991276
2356    11.2304081917
2355    11.2607631683
2366    11.2962591648
2375    11.3217492104
2371    11.3622050285
2347    11.3996992111
2369    11.4307050705
2364    11.46529603
2361    11.507032156
2369    11.5335981846
2364    11.5773952007
2370    11.6047949791
2367    11.6384060383
2375    11.6870779991
2375    11.7195990086
2367    11.7529370785
2364    11.7917480469
2361    11.8249981403
2363    11.8685460091
2367    11.9070441723
2360    11.9480540752
2363    11.9810349941
2364    12.010212183
2416    12.046279192
2366    12.0897111893
2362    12.1251261234
2370    12.1604931355
2412    12.2009501457
2367    12.2317550182
2362    12.2758550644
2372    12.3149261475
2363    12.359028101
2360    12.3979921341
2348    12.4245409966
2348    12.4577469826
2358    12.4862160683
2356    12.5250761509
2356    12.5622591972
2349    12.5916140079
2408    12.6311321259
2363    12.6751961708
2364    12.7089800835
2347    12.7426230907
2345    12.7701840401
2350    12.8067071438
2348    12.8491921425
2349    12.8918061256
2323    12.9361000061
2331    12.9697291851
2340    13.0042800903
2331    13.0395281315
2339    13.0781190395
2330    13.1213731766
2328    13.1600930691
2330    13.2040171623
2330    13.2429161072
2330    13.286490202
2338    13.3253850937
2324    13.3542861938
2337    13.3906040192
2303    13.4295041561
2312    13.4736261368
2325    13.5002100468
2324    13.5352971554
2317    13.5740840435
2315    13.6017501354
2323    13.6381080151
2322    13.6768682003
2316    13.7106070518
2303    13.7430791855
2290    13.7749810219
2298    13.8033411503
2312    13.8422181606
2303    13.8910810947
2303    13.9349050522
2356    13.9739341736
2300    14.0179531574
2300    14.0566182137
2300    14.0893740654
2298    14.1337862015
2298    14.1704452038
2284    14.2118690014
2293    14.2504651546
2277    14.2943341732
2288    14.3380641937
2292    14.3742311001
2295    14.4055581093
2276    14.436961174
2293    14.4680800438
2286    14.4993860722
2289    14.5483851433
2261    14.5822851658
2319    14.6110291481
2273    14.6442890167
2270    14.6831600666
2273    14.7224690914
2269    14.7539920807
2269    14.7874159813
2260    14.8258070946
2324    14.859333992
2272    14.8877971172
2277    14.9213089943
2274    14.9634871483
2316    14.9984459877
2272    15.0317981243
2278    15.0747280121
2259    15.1123549938
2258    15.1552901268
2254    15.1990251541
2300    15.2374219894
2313    15.2735590935
2256    15.3101110458
2257    15.3414950371
2258    15.3689751625
2254    15.4003870487
2255    15.4435501099
2255    15.4811041355
2248    15.5243840218
2252    15.5681262016
2256    15.6069521904
2264    15.6509079933
2262    15.6985161304
2240    15.7427501678
2248    15.7685821056
2243    15.8020231724
2240    15.8304581642
2240    15.8742690086
2286    15.9008920193
2290    15.9399921894
2285    15.9749150276
2240    16.0039651394
2289    16.0474870205
2236    16.0893700123
2240    16.1284430027
2238    16.1731221676
2232    16.2171001434
2240    16.2531909943
2284    16.2814199924
2241    16.3149521351
2248    16.3540761471
2236    16.3879652023
2237    16.416711092
2223    16.4409451485
2290    16.480681181
2267    16.5245060921
2217    16.5726521015
2234    16.6122310162
2228    16.6552209854
2234    16.6857721806
2226    16.7298960686
2224    16.7684161663
2228    16.8013041019
2231    16.8278400898
2222    16.8567111492
2230    16.9011411667
2232    16.9501922131
2224    16.9894640446
2224    17.0329041481
2228    17.0703570843
2224    17.0985171795
2225    17.129155159
2224    17.1607060432
2224    17.1897420883
2227    17.2233660221
2218    17.2560811043
2234    17.3039879799
2226    17.3350970745
2228    17.3662500381
2224    17.4109430313
2232    17.43740201
2225    17.5010991096
2225    17.5339159966
2228    17.5424389839
2233    17.5856552124
0    17.6161360741
2230    17.6222610474
2227    17.6411931515
0    17.6756269932
2224    17.685737133
2225    17.7108960152
0    17.7527961731
2231    17.7612810135
2217    17.7907981873
0    17.8278911114
2232    17.833725214
2225    17.8743011951
0    17.9005861282
2225    17.9119269848
2281    17.9354851246
0    17.9740521908
2278    17.9822189808
2232    18.0212111473
