2206    0.0333840847015
2209    0.0767350196838
2257    0.119653940201
2214    0.16806101799
2226    0.211543083191
2221    0.23733496666
2207    0.27570104599
2221    0.308043956757
2206    0.345502853394
2209    0.372883081436
2212    0.405636072159
2236    0.436208963394
2225    0.479568004608
2216    0.522892951965
2228    0.558697938919
2228    0.59657907486
2227    0.625185012817
2217    0.658597946167
2275    0.691920042038
2224    0.723891973495
2276    0.752048015594
2229    0.800733089447
2220    0.844111919403
2225    0.885917901993
2229    0.929347038269
2225    0.967036008835
2233    0.998720884323
2220    1.03065991402
2273    1.06298899651
2229    1.09401488304
2229    1.12744307518
2224    1.17738699913
2237    1.22160100937
2226    1.25439691544
2237    1.29024600983
2234    1.32625699043
2222    1.35916900635
2270    1.40243196487
2226    1.42914605141
2232    1.46470499039
2224    1.49210906029
2225    1.52622509003
2255    1.56477308273
2211    1.60826897621
2209    1.64689302444
2209    1.68994307518
2207    1.72738099098
2241    1.77031993866
2196    1.80838489532
2194    1.847219944
2199    1.88562202454
2192    1.92908906937
2193    1.97203207016
2212    1.99780988693
2210    2.03367304802
2210    2.06470108032
2257    2.10864806175
2209    2.14711999893
2210    2.19569587708
2262    2.24382305145
2210    2.27838802338
2229    2.30616188049
2230    2.33846092224
2233    2.37014293671
2228    2.40167689323
2233    2.43292593956
2225    2.46306586266
2225    2.4956009388
2277    2.52501487732
2275    2.55835294724
2229    2.59643006325
2227    2.63214707375
2247    2.6581568718
2242    2.69518303871
2240    2.73774504662
2248    2.76498603821
2234    2.79649496078
2287    2.8291079998
2242    2.87301301956
2248    2.9165968895
2231    2.96002101898
2238    2.9991209507
2253    3.02731895447
2258    3.05914902687
2257    3.08792304993
2248    3.12093305588
2246    3.15688991547
2261    3.21021699905
2257    3.24265503883
2258    3.27865290642
2254    3.30454802513
2251    3.3382499218
2267    3.39178705215
2254    3.43515205383
2248    3.47352290154
2261    3.50036096573
2252    3.53446388245
2249    3.57785892487
2260    3.61605501175
2251    3.66777896881
2250    3.70102405548
2277    3.73319292068
2267    3.76639795303
2270    3.79452991486
2273    3.82767701149
2276    3.8557870388
2332    3.88946485519
2285    3.93310904503
2292    3.97676897049
2293    4.02008295059
2285    4.05840992928
2286    4.10194802284
2288    4.14006090164
2294    4.17070198059
2291    4.20758390427
2298    4.2443189621
2300    4.27595186234
2292    4.32235693932
2300    4.34972405434
2309    4.38864588737
2298    4.42892885208
2358    4.46558785439
2303    4.50130987167
2303    4.53231501579
2295    4.57571291924
2309    4.60233807564
2319    4.64853096008
2322    4.67556095123
2317    4.70882701874
2367    4.74952292442
2323    4.77985787392
2317    4.81835985184
2312    4.84651398659
2365    4.88047885895
2310    4.92384600639
2325    4.95403599739
2316    4.99681591988
2316    5.03035092354
2343    5.05388498306
2324    5.09230208397
2321    5.1357960701
2330    5.16440987587
2334    5.19832706451
2321    5.23672294617
2330    5.26892805099
2398    5.30315804482
2399    5.33243203163
2350    5.36179804802
2393    5.3900270462
2349    5.42475199699
2371    5.4589369297
2360    5.50844597816
2362    5.54680585861
2369    5.58378696442
2363    5.62719297409
2364    5.66558003426
2360    5.70876407623
2361    5.75138306618
2373    5.79448103905
2366    5.82780408859
2408    5.86086606979
2363    5.8887090683
2419    5.92573785782
2363    5.96753406525
2373    5.99172091484
2376    6.02590203285
2374    6.06037902832
2375    6.09854698181
2363    6.12632203102
2371    6.16194796562
2364    6.19269108772
2386    6.22471499443
2376    6.26098799706
2383    6.2988948822
2390    6.33714699745
2367    6.38045096397
2386    6.42022490501
2378    6.46199393272
2388    6.4891910553
2382    6.52224206924
2379    6.55302906036
2383    6.58470392227
2378    6.61674904823
2375    6.65351986885
2385    6.68621897697
2379    6.72995400429
2376    6.76841902733
2372    6.81175708771
2387    6.85506486893
2375    6.89185285568
2378    6.93941307068
2373    6.97249698639
2383    7.00413298607
2424    7.04673194885
2420    7.08510088921
2377    7.12864899635
2377    7.16663789749
2377    7.20441603661
2380    7.26024389267
2385    7.28600502014
2378    7.3190100193
2378    7.36332201958
2377    7.40018391609
2382    7.44707393646
2378    7.47985291481
2428    7.51290988922
2383    7.54627299309
2378    7.59242796898
2378    7.64058089256
2378    7.67920708656
2380    7.71769094467
2380    7.7611489296
2382    7.7997469902
2396    7.8516690731
2392    7.8798789978
2376    7.91316008568
2396    7.9458489418
2393    7.97646594048
2393    8.0084810257
2378    8.03600096703
2397    8.06903386116
2405    8.10372185707
2401    8.14257693291
2400    8.1787109375
2405    8.22098994255
2396    8.25934886932
2404    8.29766392708
2395    8.32977390289
2390    8.37334394455
2394    8.41174387932
2396    8.4552090168
2397    8.49780893326
2394    8.5361020565
2393    8.57946300507
2393    8.61779403687
2387    8.6611289978
2390    8.69985508919
2393    8.73304605484
2400    8.77172899246
2450    8.80620789528
2394    8.83449602127
2387    8.86772799492
2394    8.91118192673
2400    8.94735908508
2393    8.98677396774
2390    9.0198700428
2440    9.05205607414
2394    9.08216500282
2397    9.11818695068
2395    9.16520094872
2384    9.20237708092
2403    9.24704694748
2402    9.28393888474
2386    9.32226586342
2440    9.36530303955
2397    9.39594388008
2403    9.42689800262
2396    9.45863986015
2397    9.48670387268
2385    9.51849889755
2397    9.55143499374
2450    9.58328604698
2400    9.62384700775
2400    9.65256500244
2391    9.68551588058
2396    9.71368694305
2402    9.75378894806
2387    9.79191207886
2396    9.82797908783
2392    9.8558139801
2393    9.89382004738
2400    9.92167305946
2400    9.96444702148
2387    10.0024540424
2389    10.0357789993
2391    10.069149971
2395    10.1015710831
2394    10.1373169422
2402    10.1621909142
2400    10.197136879
2394    10.2291550636
2385    10.2574238777
2390    10.3045349121
2391    10.3457798958
2386    10.3839409351
2397    10.4111480713
2393    10.4440059662
2379    10.4873900414
2377    10.5307109356
2390    10.5727899075
2382    10.6112759113
2381    10.654720068
2379    10.6929399967
2382    10.724711895
2386    10.7613339424
2384    10.7996330261
2382    10.848170042
2384    10.8753960133
2371    10.9071829319
2388    10.94322896
2378    10.9811940193
2388    11.0130150318
2384    11.0435869694
2372    11.0799078941
2364    11.1226270199
2414    11.1508889198
2367    11.184212923
2364    11.2276439667
2423    11.2704129219
2370    11.3186650276
2362    11.3518979549
2365    11.3830740452
2367    11.4264950752
2361    11.4698600769
2364    11.5133709908
2364    11.5504698753
2371    11.58456707
2362    11.6221709251
2372    11.6538729668
2366    11.6871700287
2372    11.7354400158
2356    11.778742075
2354    11.8169229031
2362    11.8597540855
2364    11.9021089077
2363    11.9275119305
2377    11.9653229713
2367    11.9934260845
2365    12.0352840424
2373    12.0669739246
2370    12.1087350845
2361    12.1355500221
2378    12.1687240601
2380    12.2010419369
2384    12.2319290638
2391    12.2631418705
2380    12.3065788746
2366    12.3448359966
2372    12.3755450249
2411    12.4164159298
2363    12.4496409893
2358    12.486782074
2391    12.5137190819
2391    12.5473649502
2409    12.5834040642
2362    12.6210150719
2357    12.6494169235
2366    12.6827869415
2351    12.7311680317
2353    12.7693300247
2353    12.8019299507
2347    12.8275609016
2408    12.8592309952
2343    12.8902840614
2348    12.9336469173
2340    12.9644830227
2332    13.0002739429
2332    13.0360870361
2340    13.0721480846
2328    13.0977070332
2323    13.1344020367
2339    13.1605780125
2326    13.1868648529
2324    13.2232179642
2375    13.2668089867
2342    13.3046770096
2335    13.347784996
2334    13.3911218643
2332    13.434486866
2322    13.4725279808
2322    13.5017108917
2327    13.538394928
2326    13.5724089146
2319    13.6072790623
2325    13.6380829811
2303    13.670290947
2321    13.7175159454
2360    13.7511870861
2299    13.7831959724
2303    13.8191230297
2303    13.8476629257
2302    13.8909010887
2302    13.9342970848
2310    13.9722828865
2311    14.0034840107
2302    14.0312950611
2300    14.0792138577
2303    14.1168959141
2302    14.151376009
2303    14.1758899689
2298    14.2127449512
2296    14.2556610107
2277    14.2940979004
2286    14.3322708607
2282    14.3591279984
2292    14.392688036
2289    14.4223098755
2287    14.4662349224
2288    14.503371954
2297    14.5399260521
2296    14.5672140121
2268    14.5974578857
2285    14.6293609142
2275    14.6631429195
2265    14.6918690205
2270    14.7307300568
2272    14.7746119499
2282    14.7983820438
2268    14.8321049213
2267    14.8708610535
2264    14.9048418999
2266    14.9375679493
2268    14.9701070786
2272    15.008343935
2258    15.0467169285
2256    15.0919070244
2302    15.1196269989
2259    15.1482229233
2258    15.1808340549
2255    15.2155189514
2251    15.253690958
2250    15.2879929543
2261    15.3117370605
2259    15.3447289467
2257    15.3770129681
2249    15.4155249596
2263    15.453963995
2263    15.4959368706
2266    15.5340158939
2303    15.5637609959
2255    15.5978069305
2259    15.6238460541
2251    15.6596519947
2242    15.702507019
2240    15.7440350056
2236    15.782378912
2236    15.814221859
2252    15.8514728546
2243    15.8946549892
2240    15.9383649826
2234    15.9767320156
2236    16.0175120831
2240    16.0452549458
2251    16.084332943
2247    16.1197810173
2242    16.1480638981
2240    16.1965658665
2250    16.232270956
2237    16.2628750801
2297    16.2986199856
2246    16.3244509697
2233    16.3563079834
2253    16.3955900669
2221    16.4288849831
2228    16.4606878757
2233    16.4918210506
2229    16.5274040699
2277    16.5706489086
2226    16.6086990833
2225    16.6369330883
2225    16.6689100266
2222    16.7122929096
2222    16.7389290333
2235    16.7764489651
2236    16.8004589081
2225    16.8396949768
2233    16.8780529499
2220    16.9214820862
2224    16.9649019241
2228    17.0132460594
2233    17.0462579727
2238    17.0793430805
2227    17.1228160858
2229    17.1662578583
2216    17.2051289082
2219    17.2485530376
2224    17.2865290642
2234    17.3186769485
2280    17.3466320038
2237    17.3886840343
2236    17.4271080494
2235    17.4655759335
2226    17.4974498749
2225    17.5282590389
2223    17.5634419918
2224    17.6018149853
2223    17.6450428963
2224    17.6890530586
2224    17.7222440243
2224    17.766849041
2273    17.7952480316
2225    17.8322958946
2224    17.8706140518
2224    17.9135479927
2233    17.9458909035
2210    17.9867210388
2260    18.0250990391
