2149    0.0362710952759
2148    0.0843930244446
2151    0.116105079651
2156    0.147975921631
2149    0.19145488739
2156    0.222835063934
2149    0.266279935837
2160    0.299740076065
2159    0.330801963806
2259    0.363722085953
2192    0.407126903534
2203    0.433825016022
2229    0.466216087341
2227    0.498224973679
2243    0.531153917313
2246    0.573194980621
2278    0.616338014603
2285    0.659439086914
2303    0.690325975418
2395    0.722244024277
2303    0.760934114456
2330    0.792542934418
2349    0.820426940918
2362    0.854531049728
2360    0.888680934906
2432    0.917913913727
2418    0.952111959457
2351    0.996288061142
2342    1.03554296494
2350    1.05958104134
2359    1.09864592552
2366    1.12263393402
2355    1.16010499001
2359    1.18757510185
2379    1.22039699554
2379    1.2633368969
2393    1.29075503349
2394    1.32320809364
2405    1.35049009323
2483    1.39380598068
2425    1.42227697372
2423    1.45526599884
2420    1.48705911636
2509    1.52029705048
2436    1.56381511688
2453    1.60718798637
2471    1.63310408592
2480    1.66168808937
2485    1.69411206245
2499    1.73157191277
2496    1.75921010971
2501    1.79202699661
2490    1.81973409653
2484    1.85730004311
2470    1.89970111847
2455    1.942248106
2424    1.97014594078
2422    1.99762010574
2392    2.03032708168
2381    2.0576980114
2363    2.0950319767
2349    2.12747192383
2352    2.15497708321
2332    2.18736004829
2339    2.21971392632
2382    2.27208399773
2314    2.29934692383
2311    2.33154606819
2300    2.35858798027
2302    2.39584088326
2311    2.43449401855
2296    2.46702289581
2281    2.49430298805
2272    2.52670097351
2274    2.56403398514
2269    2.60139989853
2255    2.62878203392
2254    2.66609191895
2262    2.70395493507
2229    2.74216508865
2236    2.77266311646
2225    2.80939698219
2217    2.83989596367
2207    2.87294793129
2268    2.91157197952
2194    2.95376396179
2175    2.99708008766
2185    3.03286790848
2181    3.07529592514
2179    3.11081600189
2157    3.1539580822
2171    3.18583607674
2159    3.23430204391
2163    3.26737093925
2172    3.30327510834
2170    3.32969903946
2150    3.36335110664
2156    3.40725803375
2146    3.44053602219
2151    3.47392106056
2137    3.5021340847
2134    3.53573989868
2127    3.57902002335
2142    3.61726403236
2184    3.66070199013
2105    3.69863295555
2099    3.73600411415
2102    3.77832889557
2097    3.8057179451
2100    3.83811211586
2103    3.86541008949
2107    3.89773511887
2107    3.93007707596
2116    3.95904111862
2119    3.99666500092
2132    4.02924799919
2149    4.08448600769
2172    4.12356901169
2188    4.1528339386
2254    4.18470191956
2267    4.21743607521
2188    4.25357508659
2195    4.27990794182
2197    4.30813193321
2187    4.34151291847
2265    4.37631011009
2200    4.40536808968
2204    4.44603300095
2198    4.47308707237
2196    4.50514602661
2194    4.54870295525
2216    4.58704400063
2211    4.61519694328
2206    4.648416996
2220    4.68162894249
2220    4.74309110641
2238    4.77050590515
2233    4.80294489861
2240    4.83535408974
2259    4.86293101311
2256    4.89677405357
2262    4.93401098251
2296    4.97095894814
2290    4.99817609787
2285    5.03167104721
2293    5.07031488419
2303    5.10396194458
2317    5.13625693321
2315    5.17994308472
2330    5.22319793701
2401    5.26142597198
2347    5.29965996742
2348    5.32787799835
2376    5.36206007004
2376    5.39508795738
2363    5.42720508575
2371    5.45607304573
2371    5.49200797081
2391    5.53007507324
2394    5.56498408318
2399    5.60831904411
2424    5.6464099884
2423    5.6845510006
2447    5.71985197067
2445    5.7629609108
2460    5.79817509651
2528    5.82986688614
2481    5.8667280674
2493    5.89838290215
2492    5.93004608154
2496    5.96185398102
2590    5.99453997612
2525    6.0378510952
2540    6.07627391815
2537    6.10812091827
2553    6.13903689384
2587    6.17295789719
2608    6.22010302544
2610    6.26362800598
2625    6.28999900818
2628    6.32391500473
2630    6.35512208939
2629    6.38920402527
2614    6.42740392685
2599    6.47070598602
2558    6.50930094719
2559    6.54272007942
2522    6.58591008186
2528    6.63273000717
2529    6.67541003227
2524    6.70429491997
2518    6.73901605606
2506    6.77728199959
2559    6.80487704277
2487    6.83997702599
2476    6.87567591667
2474    6.91159796715
2461    6.9424700737
2441    6.97382807732
2446    7.01250600815
2417    7.0448820591
2422    7.07229995728
2407    7.10539197922
2398    7.14860010147
2393    7.1818010807
2380    7.20992493629
2391    7.24338889122
2373    7.26709008217
2348    7.2908949852
2361    7.32964706421
2352    7.35853290558
2355    7.39233803749
2337    7.42639708519
2329    7.46347093582
2314    7.49685907364
2391    7.52527809143
2316    7.56374597549
2321    7.60712790489
2303    7.64051103592
2299    7.66894006729
2373    7.69766306877
2300    7.72607207298
2363    7.767111063
2281    7.79517388344
2289    7.8325009346
2289    7.86003899574
2288    7.90685892105
2282    7.9504199028
2285    7.97855091095
2288    8.01078701019
2288    8.04101490974
2277    8.07300591469
2268    8.11540794373
2269    8.15373492241
2270    8.18230199814
2270    8.2206530571
2350    8.27428507805
2274    8.31257009506
2264    8.34431600571
2276    8.3755440712
2267    8.40732002258
2346    8.4391849041
2278    8.47076392174
2256    8.50470590591
2264    8.53146100044
2328    8.57846903801
2248    8.62522292137
2254    8.66892290115
2264    8.70231699944
2261    8.73428201675
2250    8.7766931057
2251    8.81997108459
2246    8.86110091209
2257    8.899310112
2262    8.92919588089
2274    8.97607398033
2344    9.01491189003
2279    9.04899311066
2263    9.08232593536
2286    9.11412596703
2289    9.1449379921
2285    9.17694711685
2298    9.22051000595
2299    9.25804901123
2296    9.28592801094
2302    9.32340502739
2320    9.35065698624
2326    9.38745307922
2352    9.43119907379
2350    9.46810603142
2443    9.49804091454
2380    9.53440403938
2404    9.57032608986
2408    9.59852194786
2435    9.63490796089
2440    9.66839599609
2437    9.71207499504
2457    9.7502720356
2470    9.79303789139
2480    9.82085990906
2467    9.85426688194
2480    9.89227199554
2559    9.92822599411
2484    9.96647810936
2481    10.0097150803
2482    10.0526909828
2504    10.0901908875
2498    10.1227209568
2594    10.1658780575
2525    10.2091469765
2534    10.2470009327
2531    10.2747690678
2546    10.3083660603
2566    10.3553678989
2577    10.393723011
2597    10.4368779659
2596    10.4747769833
2681    10.5177159309
2601    10.5605409145
2568    10.5986640453
2544    10.6365919113
2524    10.6674060822
2511    10.6953730583
2472    10.733287096
2461    10.7663700581
2422    10.8044900894
2491    10.8358340263
2389    10.8792319298
2379    10.9179749489
2433    10.9649479389
2369    11.0079391003
2349    11.0462489128
2417    11.0745019913
2401    11.1069660187
2313    11.1386909485
2327    11.1691830158
2325    11.2007820606
2303    11.2307260036
2294    11.2656140327
2284    11.3096010685
2262    11.3383290768
2257    11.3671960831
2265    11.4061338902
2244    11.4422800541
2240    11.4732179642
2300    11.5047359467
2225    11.5360279083
2206    11.5990049839
2206    11.6315159798
2210    11.6360170841
2206    11.6853880882
0    11.7303769588
2264    11.7350080013
2203    11.7644729614
2179    11.7993741035
2179    11.8341860771
2191    11.8640971184
2256    11.8990910053
2172    11.9370601177
2156    11.9839930534
2153    12.022012949
2160    12.0593879223
2142    12.0914099216
2133    12.1345829964
2142    12.165512085
2132    12.2078790665
2148    12.2510380745
2175    12.289452076
2167    12.3329439163
2168    12.3712389469
2182    12.4092190266
2182    12.4486548901
2178    12.492221117
2188    12.5232748985
2183    12.5667040348
2183    12.6090009212
2184    12.6468749046
2161    12.6898078918
2246    12.7134399414
2152    12.7467420101
2148    12.7944779396
2153    12.8328580856
2159    12.8643419743
2153    12.9154028893
2151    12.9411718845
2152    12.977519989
2149    13.0165610313
2165    13.0596148968
2168    13.0855050087
2187    13.1164679527
2179    13.1488649845
2188    13.1841850281
2196    13.2226541042
2203    13.265114069
2192    13.3122429848
2195    13.3494451046
2267    13.3823449612
2194    13.4257910252
2268    13.4633860588
2194    13.4951350689
2174    13.5466749668
2186    13.5768840313
2204    13.6116659641
2194    13.6546890736
2279    13.6960699558
2298    13.7239010334
2234    13.756772995
2228    13.7845671177
2241    13.8224151134
2257    13.865555048
2268    13.9002580643
2352    13.9321939945
2294    13.9628388882
2286    13.9931070805
2290    14.0287361145
2303    14.0642240047
2312    14.0998699665
2328    14.1414990425
2327    14.1782460213
2326    14.2113409042
2318    14.2432529926
2340    14.2738039494
2343    14.3045721054
2357    14.3347680569
2372    14.3736739159
2367    14.4150540829
2379    14.4589951038
2377    14.4855060577
2385    14.51887393
2386    14.5505309105
2476    14.5786480904
2394    14.6148090363
2414    14.6411590576
2409    14.6743650436
2406    14.7028911114
2432    14.7360730171
2419    14.761122942
2440    14.7944641113
2442    14.8280420303
2438    14.8711969852
2470    14.909334898
2500    14.9531929493
2507    14.991437912
2500    15.022769928
2506    15.0568819046
2496    15.0860309601
2573    15.1150960922
2490    15.152837038
2447    15.1844410896
2435    15.2143781185
2432    15.2495911121
2475    15.2880299091
2375    15.3364679813
2361    15.3732841015
2361    15.4005439281
2432    15.4440009594
2348    15.4748399258
2359    15.513299942
2350    15.5473721027
2353    15.5731699467
2331    15.6215848923
2337    15.6590518951
2324    15.6887218952
2311    15.723279953
2297    15.7528569698
2291    15.7875161171
2277    15.8122079372
2345    15.8468298912
2265    15.8865399361
2256    15.9314510822
2255    15.9647018909
2238    15.9979319572
2322    16.032378912
2226    16.0706560612
2234    16.0988509655
2224    16.135725975
2294    16.1738419533
2218    16.2059099674
2201    16.2393069267
2189    16.2768158913
2200    16.3085439205
2175    16.3444979191
2172    16.3848218918
2259    16.4115400314
2182    16.4483389854
2163    16.4849979877
2168    16.5165989399
2163    16.5482559204
2156    16.5802481174
2145    16.6082289219
2218    16.6422479153
2151    16.6726438999
2147    16.7033660412
2154    16.7467739582
2144    16.7901320457
2142    16.8170208931
2200    16.8602600098
2142    16.8872339725
2133    16.9205050468
2133    16.9478518963
2126    16.9766020775
2136    17.0059509277
2126    17.0496709347
2141    17.091176033
2215    17.1266191006
2215    17.1610291004
2139    17.1916360855
2142    17.2224009037
2137    17.2531919479
2131    17.2840259075
2207    17.3147699833
2207    17.3566179276
2131    17.3918039799
2134    17.4252429008
2124    17.4572560787
2136    17.4850969315
2215    17.5216240883
2126    17.5490150452
2123    17.5826029778
2118    17.6259219646
2191    17.6679639816
2110    17.7113440037
2124    17.7482440472
2117    17.7966179848
2122    17.8391160965
2122    17.8837499619
2118    17.9223279953
2134    17.9610390663
2134    17.9894530773
2142    18.0371611118
