2262    0.0381588935852
2261    0.0812320709229
2277    0.107156038284
2267    0.140697956085
2289    0.183734893799
2289    0.211050033569
2284    0.248444080353
2282    0.302622079849
2292    0.341645956039
2325    0.372395992279
2318    0.415896892548
2315    0.459213018417
2337    0.484997987747
2339    0.514783859253
2321    0.549882888794
2394    0.578809976578
2343    0.619908094406
2345    0.663312911987
2364    0.696310043335
2416    0.725831985474
2380    0.756671905518
2380    0.790107965469
2377    0.818537950516
2378    0.85232591629
2432    0.890678882599
2393    0.931459903717
2378    0.963689088821
2410    0.999504089355
2400    1.04136395454
2323    1.0845708847
2299    1.1298789978
2255    1.16713309288
2207    1.19452595711
2179    1.22735691071
2147    1.26486992836
2128    1.30284905434
2119    1.34173607826
2165    1.38036108017
2105    1.41907596588
2101    1.44825291634
2104    1.49160504341
2084    1.53466105461
2087    1.57218289375
2114    1.61927008629
2057    1.65196204185
2062    1.67804288864
2061    1.713752985
2060    1.73939490318
2042    1.77499294281
2068    1.8057808876
2019    1.84922003746
2067    1.87938594818
2056    1.91156005859
2017    1.94351291656
2009    1.98271608353
1997    2.00681591034
2037    2.03088092804
1992    2.06511092186
1976    2.11474299431
1974    2.14812088013
1973    2.18641591072
2017    2.21897888184
1960    2.25495004654
1960    2.29310107231
1959    2.33687090874
1946    2.36533403397
1940    2.39853692055
1942    2.43513393402
1947    2.46779298782
1986    2.50560903549
1927    2.53344798088
1930    2.56627202034
1927    2.59409093857
1971    2.62688398361
1927    2.65476489067
1931    2.68748998642
1932    2.7302839756
1924    2.76313400269
1928    2.79602789879
1927    2.82894706726
1926    2.85677289963
1925    2.88907408714
1925    2.93806791306
1931    2.97491908073
1920    3.00683689117
1926    3.05084204674
1924    3.09867286682
1934    3.13567304611
1966    3.16885399818
1948    3.20699501038
1941    3.24204397202
1937    3.28534889221
1949    3.31120586395
1942    3.33925008774
1951    3.37607002258
1950    3.42317485809
1935    3.46593999863
1957    3.4937620163
1961    3.54787302017
1963    3.58669805527
1958    3.6251180172
1994    3.65684604645
1964    3.68858599663
1972    3.72065186501
1976    3.76413989067
1976    3.80718588829
1981    3.83306598663
1973    3.86448788643
2017    3.90787696838
1980    3.95073103905
1992    3.9936709404
1992    4.03731298447
1987    4.07852506638
2033    4.11716794968
1981    4.16080403328
1983    4.20449304581
2003    4.24302101135
2004    4.28596687317
1997    4.32062101364
2011    4.35534000397
2003    4.39731287956
2021    4.43569397926
2022    4.46714997292
2019    4.51026892662
2019    4.55356788635
2036    4.57974696159
2078    4.60836195946
2049    4.64844298363
2048    4.6854789257
2057    4.71200704575
2053    4.74646496773
2048    4.79577493668
2054    4.83032798767
2065    4.87390995026
2076    4.90099596977
2062    4.9325978756
2081    4.9660680294
2085    5.00321006775
2078    5.0363779068
2102    5.07432508469
2097    5.10318398476
2101    5.14695286751
2106    5.1907658577
2104    5.22810196877
2119    5.27064800262
2119    5.3137550354
2114    5.35235691071
2125    5.39581298828
2131    5.43382096291
2149    5.47573590279
2143    5.51782894135
2172    5.55167508125
2205    5.59039187431
2160    5.61964392662
2187    5.64970993996
2181    5.68409490585
2198    5.73137593269
2217    5.77462506294
2212    5.80639004707
2225    5.83977890015
2233    5.87819600105
2242    5.92133188248
2242    5.96450304985
2263    6.00548696518
2269    6.05711889267
2269    6.09777808189
2284    6.12774586678
2303    6.16333389282
2299    6.19841694832
2324    6.23067307472
2343    6.26252698898
2337    6.29245686531
2347    6.32016396523
2347    6.36213707924
2363    6.39922308922
2420    6.42996096611
2398    6.46079802513
2411    6.49248099327
2411    6.52237200737
2397    6.55512189865
2432    6.59313201904
2457    6.62634992599
2449    6.67305397987
2463    6.71153092384
2481    6.75428986549
2534    6.79263401031
2480    6.83674502373
2483    6.87555408478
2482    6.91899991035
2470    6.95689606667
2470    6.98996186256
2473    7.03283786774
2470    7.07633590698
2534    7.11504387856
2485    7.14322400093
2524    7.18506288528
2465    7.21220993996
2468    7.248513937
2474    7.2753238678
2462    7.30707287788
2464    7.33843994141
2462    7.36978888512
2474    7.39807605743
2438    7.43448591232
2481    7.46220898628
2426    7.5004119873
2419    7.5437579155
2414    7.58699989319
2454    7.61386990547
2419    7.64434504509
2409    7.67668604851
2432    7.70909905434
2386    7.74147200584
2391    7.76873207092
2381    7.80093288422
2378    7.82828497887
2415    7.86559891701
2410    7.89790487289
2414    7.93021702766
2362    7.95756196976
2355    7.98986291885
2342    8.01707196236
2386    8.04919600487
2350    8.08149886131
2353    8.11384892464
2391    8.14608407021
2324    8.18370199203
2322    8.22611093521
2329    8.25779104233
2339    8.28851294518
2334    8.3184030056
2321    8.34965491295
2329    8.39296603203
2321    8.41915607452
2333    8.45778489113
2339    8.49585294724
2337    8.53387188911
2332    8.58734989166
2349    8.63056087494
2390    8.66817593575
2347    8.71168804169
2347    8.75004291534
2360    8.78158593178
2356    8.8150510788
2361    8.85342502594
2363    8.88686108589
2380    8.9206430912
2420    8.94727087021
2386    8.98525905609
2383    9.02922606468
2402    9.05523586273
2402    9.08861303329
2406    9.11704897881
2409    9.15091586113
2417    9.18022298813
2420    9.22002506256
2422    9.2549738884
2446    9.28684902191
2437    9.3302230835
2444    9.37356185913
2476    9.40020895004
2473    9.43231606483
2481    9.4673500061
2494    9.50378489494
2483    9.5378780365
2492    9.5720140934
2498    9.59653902054
2505    9.63491106033
2496    9.67317485809
2508    9.70045995712
2496    9.7329158783
2471    9.76627087593
2443    9.80981206894
2419    9.84609794617
2331    9.8876979351
2281    9.92015790939
2272    9.9534599781
2214    9.98953986168
2162    10.0280249119
2111    10.0556800365
2111    10.0968279839
2092    10.1373000145
2097    10.1755440235
2099    10.2046740055
2085    10.2375400066
2083    10.2713489532
2094    10.3021969795
2089    10.3384180069
2068    10.3730900288
2061    10.4080910683
2060    10.438436985
2035    10.4817819595
2036    10.5080749989
2037    10.5411379337
2028    10.579171896
2028    10.627546072
1999    10.65564394
2008    10.6887729168
2048    10.716796875
1992    10.7501139641
1989    10.7834000587
1988    10.811784029
1977    10.8452289104
1974    10.8902330399
1976    10.9231469631
1976    10.9658770561
1960    10.9996168613
1968    11.0383379459
1960    11.0669360161
1963    11.1040999889
1951    11.1475799084
1941    11.1859650612
1948    11.2170119286
1942    11.2457180023
1943    11.2792320251
1934    11.3225810528
1927    11.366024971
1964    11.4041550159
1934    11.435092926
1927    11.4636719227
1914    11.4965720177
1911    11.5400590897
1913    11.5836069584
1914    11.6207060814
1913    11.664206028
1912    11.6926579475
1916    11.7240898609
1917    11.7751090527
1914    11.8083810806
1957    11.8442158699
1916    11.8749520779
1934    11.9056198597
1927    11.9486119747
1922    11.9821178913
1932    12.0057299137
1928    12.0538370609
1927    12.0805940628
1937    12.13134408
1934    12.1671118736
1934    12.1978459358
1934    12.2285709381
1925    12.2594509125
1933    12.2901189327
1927    12.3207960129
1926    12.3565568924
1934    12.3824970722
1925    12.4281668663
1929    12.4698200226
1927    12.5183210373
1925    12.5565059185
1942    12.5946550369
1940    12.6378378868
1940    12.6785979271
1947    12.7092990875
1941    12.7398629189
1951    12.7706949711
1948    12.8017129898
1942    12.8651549816
1942    12.9002048969
1962    12.9124810696
1960    12.9541790485
0    12.9811708927
1957    12.9879229069
1958    13.0205829144
0    13.0553090572
1981    13.0598540306
2019    13.1002929211
0    13.1271469593
1974    13.1351978779
2020    13.1727628708
1974    13.2112500668
1985    13.2571570873
1996    13.2938480377
1992    13.3313908577
1985    13.3645949364
1989    13.3963520527
1997    13.4394650459
2004    13.4681880474
2014    13.5001940727
1999    13.5432639122
2011    13.5787849426
2005    13.6099119186
2042    13.6420009136
2003    13.6758909225
2026    13.7186310291
2028    13.7546100616
2019    13.7957649231
2042    13.826458931
2028    13.8572540283
2046    13.8884320259
2043    13.9195408821
2045    13.96094203
2096    13.9992699623
2060    14.0473220348
2075    14.0888650417
2072    14.1220459938
2072    14.1543018818
2121    14.1862580776
2083    14.2297120094
2101    14.2678990364
2105    14.3216540813
2114    14.3600850105
2150    14.3982760906
2118    14.4269008636
2118    14.4595110416
2117    14.4901809692
2122    14.5265889168
2135    14.5645949841
2142    14.5983829498
2148    14.6277248859
2160    14.6593210697
2155    14.6950969696
2160    14.730864048
2172    14.757723093
2224    14.7893259525
2202    14.8210799694
2206    14.8528730869
2212    14.8961429596
2228    14.9380528927
2252    14.9686188698
2240    15.0245828629
2253    15.0679838657
2254    15.1062979698
2278    15.1370739937
2321    15.1803889275
2280    15.2236139774
2291    15.2605550289
2324    15.2924289703
2313    15.3241589069
2385    15.3553009033
2341    15.3913998604
2349    15.4227349758
2352    15.4709150791
2367    15.5084650517
2364    15.5405259132
2370    15.5722808838
2400    15.6033239365
2348    15.635602951
2334    15.6667470932
2342    15.6988530159
2335    15.7315359116
2314    15.7751529217
2325    15.8136019707
2303    15.8496570587
2303    15.8980979919
2303    15.9304320812
2295    15.9609239101
2320    15.9914810658
2315    16.0219938755
2301    16.0532140732
2300    16.0963869095
2298    16.1386640072
2303    16.1827580929
2290    16.2161989212
2279    16.2687540054
2285    16.3044340611
2294    16.3404500484
2272    16.3723089695
2269    16.4046630859
2261    16.4478340149
2256    16.4891119003
2261    16.5186738968
2261    16.5545499325
2254    16.5918369293
2243    16.6198298931
2247    16.6606528759
2249    16.698775053
2248    16.7310428619
2240    16.77490592
2282    16.8131718636
2223    16.8561720848
2268    16.8834590912
2225    16.9164609909
2206    16.9509880543
2214    16.9894859791
2207    17.0329499245
2211    17.0814580917
2203    17.1072659492
2192    17.14103508
2195    17.1684200764
2203    17.2021858692
2196    17.2303409576
2194    17.2638430595
2195    17.292746067
2195    17.3272058964
2195    17.355340004
2203    17.3958730698
2202    17.4344069958
2196    17.4782760143
2197    17.5152258873
2221    17.5485360622
2211    17.5794789791
2254    17.6079170704
2208    17.645457983
2215    17.6811320782
2210    17.7090520859
2206    17.7570700645
2225    17.790104866
2229    17.8184299469
2226    17.8618469238
2227    17.898473978
2242    17.9317128658
2240    17.9750790596
2248    18.0183548927
