2255    0.0326638221741
2250    0.076269865036
2261    0.109590053558
2268    0.142819881439
2268    0.181534051895
2268    0.220430850983
2338    0.259603023529
2330    0.288831949234
2291    0.342929840088
2300    0.375841856003
2303    0.412057876587
2321    0.438138961792
2363    0.474583864212
2326    0.51389503479
2328    0.557904958725
2327    0.593938827515
2348    0.627423048019
2397    0.662556886673
2390    0.701586961746
2376    0.742825031281
2367    0.771512031555
2374    0.80459690094
2379    0.848495006561
2387    0.887208938599
2396    0.931462049484
2437    0.970502853394
2391    1.0013730526
2379    1.03190994263
2426    1.07559490204
2361    1.11968803406
2326    1.16208004951
2278    1.20591902733
2250    1.23465585709
2246    1.26403284073
2192    1.29879999161
2156    1.32689404488
2137    1.36220192909
2186    1.38793587685
2172    1.42191195488
2110    1.45304989815
2145    1.48652100563
2103    1.52470183372
2153    1.54919600487
2088    1.58438205719
2088    1.62828588486
2070    1.67226600647
2068    1.71019291878
2054    1.74126601219
2065    1.77244186401
2055    1.80883002281
2045    1.84551692009
2028    1.88925790787
2027    1.92983794212
2008    1.96876382828
2008    2.01281285286
1990    2.04658603668
1992    2.08400392532
1997    2.11015295982
1980    2.15435886383
2014    2.1956808567
1980    2.2270720005
2014    2.26503491402
1971    2.30681586266
1951    2.34557795525
1959    2.38913702965
1960    2.42826986313
1944    2.47139286995
1951    2.50245189667
1948    2.53365802765
1942    2.56481790543
1964    2.59480786324
1978    2.62482404709
1929    2.66016983986
1937    2.70456886292
1936    2.73062586784
1926    2.76328396797
1926    2.79590296745
1921    2.82896304131
1927    2.85686588287
1929    2.88893699646
1918    2.92202186584
1933    2.95290184021
1926    2.9862408638
1928    3.01960301399
1927    3.05309987068
1936    3.08657383919
1931    3.11545586586
1926    3.15906786919
1929    3.20217585564
1930    3.24108982086
1945    3.28559303284
1989    3.32787299156
1948    3.36508798599
1940    3.40884995461
1942    3.43620204926
1938    3.47020483017
1944    3.50759983063
1944    3.54571390152
1937    3.58187198639
2003    3.61309599876
1953    3.65728092194
1957    3.70491504669
1969    3.74147701263
1984    3.77373886108
1970    3.82782292366
1977    3.86854887009
1980    3.90552783012
1981    3.93545794487
1984    3.97425103188
1976    4.01348900795
1999    4.04040789604
2033    4.07949590683
1993    4.13247084618
2028    4.17179584503
1982    4.21560883522
1989    4.25272989273
2004    4.29179191589
2046    4.32092094421
2008    4.35524487495
2007    4.38388395309
2005    4.4163608551
2066    4.45095586777
2022    4.50199484825
2021    4.53555893898
2018    4.56902885437
2037    4.59748482704
2077    4.64112687111
2042    4.66988301277
2052    4.70351195335
2056    4.74714994431
2055    4.79123091698
2094    4.8275270462
2067    4.87125587463
2066    4.91057991982
2119    4.9642059803
2082    4.99838685989
2092    5.02966403961
2084    5.07846784592
2093    5.11850905418
2099    5.15349602699
2095    5.19359993935
2138    5.22873783112
2111    5.25874090195
2111    5.28864502907
2120    5.31890583038
2120    5.36166405678
2111    5.40098285675
2137    5.43957495689
2145    5.4746029377
2144    5.49880194664
2154    5.54194498062
2157    5.58097290993
2145    5.62012791634
2161    5.66368198395
2166    5.697275877
2184    5.73750591278
2175    5.77622485161
2194    5.81418085098
2242    5.84597492218
2216    5.8806989193
2217    5.91558790207
2216    5.9492650032
2225    5.98322987556
2281    6.01350498199
2250    6.04380393028
2264    6.08381605148
2254    6.11873888969
2278    6.1486120224
2294    6.18372893333
2300    6.2256269455
2313    6.2698829174
2323    6.3273499012
2361    6.36040902138
2358    6.39505004883
2363    6.42115402222
2376    6.45465898514
2394    6.49222493172
2399    6.52836799622
2429    6.55947089195
2434    6.59235286713
2464    6.62957692146
2465    6.6661658287
2454    6.69286990166
2485    6.7285399437
2491    6.7547018528
2482    6.78902888298
2490    6.83242988586
2483    6.86982893944
2476    6.90308785439
2485    6.9328379631
2491    6.96438097954
2467    6.99666190147
2466    7.04110884666
2461    7.08528590202
2468    7.1123290062
2465    7.15688490868
2520    7.18389296532
2461    7.21292090416
2463    7.24820303917
2470    7.30758905411
2472    7.35184597969
2451    7.39005303383
2462    7.42060685158
2437    7.4644818306
2437    7.50898885727
2425    7.54338502884
2421    7.57283902168
2473    7.60679388046
2410    7.63610291481
2413    7.6735599041
2409    7.71793794632
2393    7.74585795403
2398    7.77699995041
2396    7.81644392014
2391    7.84999799728
2380    7.87837791443
2376    7.91222286224
2427    7.9597568512
2370    7.99774098396
2370    8.02374196053
2367    8.05703997612
2361    8.09549093246
2361    8.12450504303
2356    8.15358185768
2358    8.18993186951
2399    8.21967792511
2374    8.26399087906
2331    8.30294203758
2331    8.34050798416
2320    8.3899140358
2331    8.42898893356
2334    8.46118187904
2338    8.50174283981
2337    8.52716088295
2340    8.56247901917
2333    8.59423685074
2334    8.63846802711
2355    8.68230485916
2349    8.71984195709
2344    8.76397395134
2397    8.79099702835
2359    8.82409596443
2349    8.85624790192
2358    8.88737797737
2362    8.91941094398
2364    8.9630279541
2416    9.0060749054
2379    9.04641795158
2380    9.07454586029
2432    9.10773396492
2402    9.13589501381
2396    9.16913485527
2432    9.20791101456
2410    9.24210095406
2404    9.274766922
2420    9.31887698174
2466    9.35742282867
2429    9.40180182457
2452    9.4277908802
2506    9.4612839222
2467    9.48987293243
2467    9.53389382362
2473    9.56464385986
2496    9.59674787521
2489    9.6450278759
2497    9.68692398071
2488    9.71965885162
2493    9.76264405251
2496    9.80568099022
2472    9.84935998917
2450    9.88372182846
2465    9.93424987793
2379    9.97020101547
2310    9.99985384941
2254    10.0397479534
2187    10.0778779984
2154    10.1103448868
2117    10.1545219421
2098    10.192718029
2100    10.2208590508
2102    10.2491469383
2103    10.2824778557
2100    10.3106410503
2121    10.3443248272
2082    10.3833508492
2077    10.4219448566
2069    10.4672949314
2048    10.4954140186
2038    10.5267939568
2034    10.5596339703
2023    10.5889298916
2018    10.6213810444
2018    10.6501278877
2049    10.6835689545
2001    10.717345953
1987    10.7562248707
1987    10.8083438873
1988    10.8375048637
1967    10.9035589695
1977    10.9380638599
1972    10.9748408794
1965    11.0007798672
1956    11.0355288982
1949    11.0744178295
1947    11.1056799889
1937    11.1379568577
1951    11.1853568554
1994    11.2291409969
1933    11.252851963
1928    11.2917919159
1930    11.3306808472
1929    11.3738088608
1926    11.4174480438
1927    11.4436948299
1921    11.4873719215
1961    11.5298838615
1905    11.567139864
1950    11.5944900513
1904    11.6267828941
1916    11.6752789021
1914    11.7145040035
1914    11.7525508404
1910    11.7807860374
1924    11.8140509129
1933    11.8426299095
1909    11.871614933
1927    11.9051280022
1928    11.9387209415
1921    11.9701299667
1926    12.0133728981
1926    12.052216053
1932    12.0911948681
1968    12.1197478771
1933    12.1586079597
1924    12.1971290112
1926    12.2403619289
1969    12.2829480171
1926    12.3230209351
1926    12.3652050495
1921    12.4068729877
1934    12.44500494
1926    12.4889829159
1931    12.5280220509
1927    12.5719459057
1943    12.6157200336
1942    12.6511089802
1948    12.686426878
1951    12.7109799385
1985    12.7435350418
1938    12.7860980034
1942    12.8185739517
1943    12.8511118889
1959    12.883671999
1951    12.9162559509
1949    12.9618139267
1964    12.995923996
1951    13.0253129005
1961    13.0616409779
1958    13.0920538902
1973    13.1226069927
1981    13.1630008221
1978    13.1934359074
1981    13.2188220024
1982    13.2542159557
1973    13.2802958488
1990    13.3167178631
1988    13.3607399464
1988    13.4028339386
1990    13.4418280125
1989    13.4807319641
1990    13.5225608349
2009    13.5657408237
2015    13.6040220261
2006    13.6322128773
2004    13.6654849052
2004    13.7087769508
2023    13.7320318222
2063    13.7653019428
2023    13.7984929085
2040    13.826625824
2034    13.8598749638
2031    13.8929598331
2036    13.9211440086
2056    13.9543628693
2057    13.9824800491
2056    14.0156290531
2047    14.0489208698
2067    14.0921669006
2060    14.1254370213
2075    14.1587090492
2083    14.1919808388
2087    14.2201750278
2087    14.2584118843
2088    14.2865169048
2150    14.3196630478
2100    14.347730875
2109    14.3809640408
2109    14.4090349674
2103    14.4421188831
2104    14.4702880383
2119    14.5083138943
2117    14.5465500355
2130    14.574753046
2134    14.6179549694
2147    14.6512498856
2153    14.6844830513
2168    14.7127740383
2158    14.7460799217
2162    14.7793149948
2207    14.8075418472
2185    14.8409059048
2198    14.8742008209
2199    14.8975379467
2207    14.9258480072
2217    14.9590408802
2228    14.9871530533
2224    15.0252919197
2240    15.0584478378
2243    15.0916588306
2260    15.1248559952
2255    15.153031826
2276    15.1862609386
2284    15.2244868279
2287    15.2577819824
2277    15.2959959507
2296    15.324131012
2318    15.3576798439
2322    15.3881118298
2328    15.4320719242
2344    15.4708230495
2352    15.499984026
2344    15.5324978828
2365    15.5798888206
2339    15.6127278805
2392    15.6416208744
2349    15.6953809261
2329    15.734172821
2328    15.7775428295
2313    15.8164098263
2299    15.8610980511
2302    15.8848628998
2310    15.9185838699
2293    15.9523248672
2322    15.9960639477
2317    16.024684906
2319    16.0632300377
2339    16.0919978619
2303    16.1307799816
2303    16.1644799709
2302    16.1933219433
2344    16.226941824
2324    16.2756018639
2291    16.3107759953
2282    16.3369548321
2272    16.3708469868
2267    16.3995599747
2269    16.4428288937
2278    16.4712049961
2279    16.5074388981
2248    16.5481648445
2264    16.600869894
2252    16.6361849308
2256    16.6679809093
2240    16.7003788948
2246    16.7323799133
2240    16.7798008919
2240    16.812306881
2229    16.8449699879
2231    16.8914749622
2224    16.920979023
2221    16.9608278275
2221    16.9877979755
2209    17.0322589874
2213    17.0704638958
2220    17.1048429012
2195    17.1419768333
2194    17.1702208519
2200    17.2076039314
2238    17.2466359138
2234    17.2901148796
2240    17.3292019367
2186    17.3732960224
2197    17.4126980305
2204    17.4464869499
2203    17.4714798927
2203    17.5059819221
2234    17.5411748886
2214    17.5902938843
2189    17.6395008564
2207    17.678704977
2204    17.7167508602
2207    17.7502379417
2202    17.7785949707
2212    17.8120980263
2211    17.8406538963
2219    17.8746340275
2227    17.9124689102
2224    17.946051836
2272    17.9821200371
2238    18.0164449215
