2255    0.0338070392609
2276    0.0641348361969
2280    0.0961358547211
2273    0.139344930649
2288    0.183293819427
2289    0.221520900726
2278    0.274340867996
2292    0.328562021255
2298    0.362529993057
2303    0.393561840057
2292    0.425114870071
2314    0.469206809998
2314    0.512001991272
2327    0.551389932632
2330    0.590540885925
2330    0.634577035904
2350    0.673769950867
2349    0.706430912018
2350    0.755671024323
2364    0.794174909592
2361    0.828817844391
2424    0.858805894852
2372    0.92080283165
2393    0.948901891708
2396    0.992488861084
2394    1.03534603119
2370    1.07415890694
2363    1.12303781509
2348    1.1558380127
2325    1.18840193748
2303    1.22094392776
2310    1.25061988831
2270    1.28865885735
2224    1.31659388542
2193    1.34959387779
2165    1.37763190269
2145    1.4110429287
2137    1.43899202347
2133    1.47192192078
2119    1.50001096725
2104    1.54803681374
2104    1.57610082626
2104    1.60907697678
2087    1.63716888428
2092    1.67022490501
2085    1.69817495346
2068    1.73627281189
2069    1.77428197861
2054    1.80227804184
2065    1.83394789696
2041    1.87801289558
2039    1.92202401161
2020    1.95594096184
2023    1.99327898026
2052    2.04737591743
2006    2.08629584312
2002    2.12528085709
2028    2.15658688545
1988    2.18952798843
2033    2.23320698738
1982    2.26088786125
1976    2.29087591171
1980    2.32126688957
1972    2.35664081573
1967    2.40569996834
1955    2.44454193115
1960    2.48405885696
1953    2.52235889435
1959    2.555768013
1936    2.59881687164
1939    2.64259290695
1992    2.66804790497
1941    2.70248484612
1933    2.72938704491
1927    2.76406788826
1929    2.80857491493
1929    2.84777998924
1931    2.88017702103
1927    2.92372083664
1928    2.96334195137
1976    3.00219392776
1927    3.04289793968
1920    3.07707095146
1927    3.11619496346
1927    3.14528203011
1929    3.17725801468
1935    3.22776889801
1937    3.26411795616
1935    3.30753684044
1927    3.34649991989
1941    3.38882803917
1942    3.42094397545
1941    3.46425795555
1943    3.50766181946
1949    3.55020403862
1942    3.58432292938
1938    3.61347794533
1940    3.64592194557
1943    3.68277597427
1942    3.71231794357
1963    3.73973298073
1957    3.78384780884
1958    3.83288693428
1961    3.88040399551
1966    3.9109609127
1963    3.94062900543
1980    3.979804039
1973    4.01234292984
1981    4.04446291924
1968    4.08060383797
2023    4.11692881584
1984    4.16042494774
1987    4.20462203026
2033    4.24813485146
1989    4.2859480381
1988    4.31694984436
1990    4.3482530117
1987    4.39088988304
2013    4.42225289345
2008    4.45362401009
2050    4.484623909
2051    4.51880097389
2005    4.55773687363
2018    4.6019308567
2029    4.65404391289
2023    4.69443488121
2039    4.72116398811
2037    4.76555585861
2038    4.8081548214
2046    4.84625887871
2092    4.89053082466
2054    4.92905402184
2061    4.97311401367
2069    5.01202988625
2073    5.05598688126
2085    5.09916687012
2079    5.12818598747
2085    5.16065502167
2092    5.20356202126
2107    5.23326301575
2099    5.27571082115
2100    5.3052148819
2114    5.33470892906
2105    5.37416291237
2121    5.422508955
2145    5.45291495323
2175    5.48324489594
2136    5.51851296425
2156    5.54887104034
2192    5.59203886986
2163    5.6252219677
2166    5.65117096901
2186    5.67969083786
2179    5.7181789875
2222    5.75834584236
2190    5.80230283737
2213    5.84110784531
2212    5.8833990097
2233    5.92069196701
2227    5.949395895
2220    5.98356580734
2245    6.02763795853
2295    6.06561803818
2254    6.09463191032
2260    6.12832593918
2284    6.16089701653
2279    6.19962191582
2300    6.23360490799
2315    6.27774095535
2330    6.31655883789
2348    6.34483981133
2351    6.37826395035
2371    6.4116590023
2362    6.4555079937
2390    6.48935294151
2392    6.51814603806
2418    6.55354690552
2415    6.58529686928
2432    6.61562991142
2449    6.64647388458
2442    6.68055701256
2450    6.70956397057
2463    6.74595689774
2487    6.78355193138
2475    6.81573486328
2483    6.84800195694
2494    6.89179587364
2481    6.91973686218
2484    6.96373391151
2534    7.00685381889
2463    7.04610896111
2467    7.07306194305
2469    7.10223793983
2511    7.13592100143
2484    7.17307901382
2470    7.2156329155
2476    7.24992203712
2466    7.27806186676
2467    7.31693696976
2465    7.35432696342
2491    7.40223789215
2456    7.43634295464
2448    7.47042393684
2434    7.51437401772
2434    7.54092597961
2421    7.5866458416
2425    7.61170983315
2465    7.64531087875
2416    7.68481397629
2448    7.72518396378
2412    7.75570297241
2402    7.78629899025
2396    7.81681394577
2386    7.85230898857
2394    7.88695597649
2385    7.92223286629
2389    7.95760297775
2428    7.98792695999
2381    8.02323198318
2372    8.05357503891
2418    8.08854985237
2367    8.1187479496
2343    8.15915298462
2350    8.2000169754
2361    8.233907938
2352    8.27293086052
2339    8.31690001488
2337    8.34313201904
2330    8.37938785553
2328    8.41855287552
2328    8.46456193924
2335    8.49968099594
2340    8.53599500656
2330    8.56218290329
2367    8.59355783463
2338    8.6296069622
2379    8.66285395622
2329    8.70194792747
2336    8.73219680786
2341    8.76259994507
2347    8.80800890923
2360    8.8514778614
2393    8.88505387306
2351    8.92446684837
2353    8.95850586891
2348    8.98774003983
2362    9.02136301994
2360    9.06553196907
2371    9.1047129631
2377    9.14857196808
2388    9.20119380951
2434    9.24533390999
2393    9.28455686569
2392    9.32881093025
2413    9.36795091629
2465    9.41375088692
2421    9.44774198532
2437    9.47836184502
2432    9.51741194725
2444    9.55088686943
2465    9.58436083794
2471    9.62334990501
2467    9.66656684875
2472    9.70514082909
2487    9.74906492233
2496    9.79312491417
2491    9.82590293884
2497    9.87006187439
2502    9.91383099556
2497    9.95022797585
2491    9.98195099831
2443    10.0253918171
2421    10.0638859272
2359    10.0973029137
2281    10.1310839653
2225    10.1598148346
2182    10.1934289932
2174    10.2222218513
2128    10.2610208988
2101    10.2947239876
2103    10.3438220024
2099    10.3771898746
2093    10.4065849781
2099    10.4478359222
2091    10.4812729359
2090    10.5176959038
2069    10.5616140366
2092    10.6056578159
2046    10.6396558285
2042    10.6784558296
2040    10.7134408951
2028    10.7433028221
2022    10.7783219814
2016    10.8181300163
2008    10.8462388515
2006    10.8813109398
1995    10.9103028774
1996    10.9441928864
1973    10.968130827
1975    11.0088748932
1976    11.0478048325
1971    11.0867009163
1969    11.1181030273
1960    11.1617679596
1969    11.2021658421
1944    11.240623951
1935    11.2847819328
1942    11.3234410286
1941    11.3699469566
1928    11.4065518379
1927    11.4507138729
1923    11.4888868332
1924    11.5322170258
1933    11.5637989044
1922    11.6078238487
1933    11.6517510414
1902    11.6949849129
1913    11.7338459492
1961    11.7662990093
1910    11.7980458736
1948    11.8410468102
1920    11.8852388859
1912    11.9192039967
1926    11.9559979439
1930    11.9952669144
1932    12.0395259857
1975    12.0661149025
1969    12.0962219238
1924    12.1302568913
1927    12.1694090366
1929    12.2025339603
1937    12.2306900024
1923    12.2639029026
1968    12.3070499897
1926    12.3452708721
1934    12.3813288212
1922    12.4257938862
1927    12.4651248455
1927    12.4981629848
1969    12.5373518467
1968    12.5812430382
1945    12.6201570034
1978    12.6513659954
1948    12.6880128384
1949    12.7269029617
1938    12.7711658478
1951    12.8125169277
1949    12.8510479927
1966    12.8897659779
1960    12.9333469868
1959    12.97230196
1960    13.0151488781
1961    13.0454649925
1966    13.0808010101
1965    13.1061689854
1973    13.1514408588
1973    13.1777260303
1979    13.2165079117
1968    13.2462458611
1981    13.2853028774
1982    13.3224949837
1986    13.3663709164
1989    13.405892849
1996    13.4446530342
1984    13.4728460312
1992    13.5091559887
1993    13.5531408787
2006    13.5922369957
2002    13.6210958958
2007    13.6550989151
2001    13.6824979782
2005    13.7152388096
2007    13.7470109463
2003    13.77552104
2023    13.8137009144
2062    13.8417129517
2027    13.8731360435
2024    13.9014518261
2033    13.9557349682
2035    13.9895699024
2041    14.0232770443
2047    14.0523588657
2049    14.0961868763
2103    14.1235558987
2079    14.1676478386
2070    14.2118668556
2068    14.2510459423
2085    14.2971749306
2082    14.3447318077
2089    14.376999855
2099    14.4194319248
2092    14.4466018677
2103    14.4806740284
2101    14.5112910271
2107    14.5554699898
2118    14.5991539955
2111    14.6343560219
2133    14.6661310196
2146    14.7054870129
2145    14.7331550121
2134    14.7774548531
2157    14.8163559437
2156    14.8459949493
2172    14.8776028156
2166    14.9135389328
2187    14.951225996
2175    14.9956119061
2194    15.0351519585
2260    15.0741369724
2201    15.1015219688
2219    15.1336050034
2219    15.1777420044
2234    15.2219719887
2252    15.2560219765
2290    15.2889568806
2276    15.3207519054
2281    15.3541498184
2272    15.3978619576
2296    15.4249629974
2303    15.4725699425
2296    15.5054168701
2358    15.5374999046
2329    15.5721838474
2322    15.6109030247
2349    15.6420228481
2340    15.6809148788
2360    15.7147479057
2358    15.7435069084
2366    15.7788929939
2352    15.8175468445
2360    15.8641879559
2329    15.9024000168
2328    15.9261808395
2318    15.9650559425
2322    15.989128828
2298    16.023501873
2300    16.0545070171
2299    16.0937058926
2297    16.1307649612
2303    16.1730399132
2311    16.2121179104
2300    16.2548668385
2343    16.2830138206
2303    16.3268139362
2312    16.3579668999
2303    16.3905189037
2283    16.4345228672
2288    16.474105835
2288    16.5180640221
2311    16.5618228912
2267    16.6066219807
2279    16.6396119595
2303    16.6776340008
2265    16.705739975
2258    16.738822937
2262    16.766824007
2247    16.7997858524
2240    16.8328619003
2244    16.8608520031
2241    16.9098980427
2240    16.9577848911
2240    16.9968748093
2221    17.0411939621
2234    17.0776019096
2223    17.1158709526
2216    17.1471889019
2208    17.1760280132
2221    17.2120690346
2206    17.2570288181
2199    17.2909419537
2188    17.3194048405
2194    17.3545279503
2200    17.385766983
2233    17.4130828381
2202    17.4452419281
2197    17.4786739349
2202    17.5071558952
2194    17.5406520367
2192    17.5693478584
2193    17.6088368893
2238    17.6432979107
2216    17.6777360439
2218    17.7048749924
2212    17.7484529018
2213    17.7875490189
2220    17.8198318481
2210    17.8633198738
2227    17.9057769775
2230    17.9447798729
2225    17.9720058441
2226    18.0097019672
