2294    0.0383369922638
2268    0.0661430358887
2279    0.0979859828949
2275    0.133073091507
2284    0.160192966461
2295    0.195580005646
2288    0.24397110939
2300    0.282048940659
2303    0.322957038879
2311    0.366342067719
2359    0.404342889786
2313    0.432661056519
2334    0.464716911316
2331    0.508527040482
2360    0.535257101059
2348    0.567193031311
2348    0.600297927856
2342    0.638909101486
2367    0.6710729599
2361    0.718141078949
2387    0.774597883224
2387    0.812099933624
2383    0.814625024796
2377    0.851994037628
0    0.885134935379
2403    0.893119096756
2388    0.924331903458
0    0.959222078323
2385    0.969770908356
2372    0.999895095825
0    1.04227495193
2339    1.04999303818
2329    1.07653307915
0    1.11769604683
2303    1.12446808815
2272    1.17604899406
0    1.2189309597
2234    1.22614908218
2162    1.26891803741
2158    1.2769780159
2145    1.30480194092
0    1.34357190132
2174    1.34712290764
2115    1.37546801567
2118    1.40933299065
2111    1.43305492401
2111    1.47180104256
2103    1.50565004349
2106    1.5294380188
2083    1.56354999542
2090    1.59562110901
2070    1.64387011528
2076    1.67698693275
2060    1.70804595947
2109    1.73924088478
2062    1.77111196518
2076    1.80343604088
2039    1.84645009041
2026    1.87943196297
2028    1.9118180275
2024    1.94437289238
2006    1.987803936
2008    2.02604389191
2011    2.05791401863
1983    2.10359311104
1994    2.13952589035
1989    2.18285989761
1971    2.21104288101
1970    2.26452207565
1965    2.3025290966
2016    2.3259499073
1960    2.36499905586
1963    2.40185499191
1958    2.42922902107
1964    2.46728301048
1944    2.51843595505
1987    2.5563390255
1942    2.5872220993
1944    2.6179060936
1949    2.64392089844
1943    2.69216799736
1926    2.71816110611
1926    2.75126290321
1932    2.7944688797
1927    2.83292603493
1926    2.86486506462
1922    2.90831804276
1924    2.9395699501
1927    2.9778380394
1929    3.00440192223
1926    3.03548407555
1927    3.06909990311
1976    3.09745788574
1921    3.13635897636
1923    3.17256593704
1937    3.19936800003
1931    3.23136806488
1933    3.26313710213
1932    3.30643606186
1924    3.35358595848
1948    3.39377808571
1944    3.42186307907
1946    3.45858311653
1981    3.490432024
1938    3.53387308121
1934    3.56603908539
1945    3.5985660553
1942    3.63550901413
1954    3.67092299461
1957    3.70345807076
1961    3.74803590775
1949    3.79689693451
1953    3.83985209465
1965    3.86591100693
1973    3.8935918808
1975    3.92661809921
1974    3.95997095108
1979    3.98839902878
1968    4.02157902718
1968    4.05733299255
1974    4.09523391724
1980    4.13435697556
1982    4.1777908802
1988    4.22561097145
1987    4.2691628933
2037    4.30746793747
1980    4.35084891319
1984    4.39427304268
2006    4.43193006516
2010    4.47587895393
2008    4.51922488213
2017    4.55754208565
2016    4.58490204811
2012    4.62823796272
2023    4.66665291786
2038    4.69553089142
2035    4.72867798805
2033    4.75674104691
2079    4.79036903381
2030    4.81794500351
2036    4.85456800461
2051    4.89856290817
2056    4.94200205803
2062    4.98779606819
2075    5.02405405045
2076    5.05496788025
2088    5.08703994751
2086    5.13016891479
2111    5.16876101494
2104    5.20143294334
2107    5.23866796494
2106    5.27638196945
2098    5.31973409653
2104    5.36300301552
2118    5.40149307251
2137    5.44388103485
2126    5.48227000237
2129    5.52568387985
2193    5.56370592117
2147    5.60709190369
2165    5.65032196045
2164    5.68855309486
2175    5.72046899796
2247    5.75039696693
2195    5.77797198296
2247    5.81449890137
2202    5.84125590324
2207    5.874958992
2224    5.90653705597
2217    5.94898509979
2245    5.99098801613
2254    6.01789402962
2267    6.05027699471
2256    6.08233189583
2269    6.1105260849
2288    6.14264893532
2300    6.17141103745
2310    6.20772099495
2325    6.23476791382
2367    6.2670071125
2333    6.31293606758
2354    6.35914993286
2364    6.40236496925
2390    6.43889594078
2389    6.47010207176
2393    6.50193095207
2404    6.54007196426
2422    6.57327198982
2432    6.60164809227
2463    6.63990592957
2516    6.67866110802
2483    6.72178506851
2490    6.76496195793
2497    6.80286502838
2496    6.83093595505
2499    6.86668395996
2509    6.89661288261
2538    6.92646002769
2491    6.96153903008
2472    6.99302697182
2462    7.03913998604
2473    7.07766389847
2467    7.11464905739
2520    7.1514570713
2480    7.1863451004
2478    7.22496008873
2477    7.26323604584
2467    7.30064201355
2475    7.34119391441
2473    7.3749229908
2452    7.41329097748
2448    7.44170188904
2463    7.47703099251
2455    7.51029610634
2451    7.53699207306
2437    7.56944203377
2436    7.6088039875
2465    7.64235401154
2419    7.67461204529
2435    7.70630908012
2421    7.73478198051
2415    7.76573395729
2410    7.81361699104
2408    7.85162711143
2395    7.89066791534
2387    7.91694688797
2385    7.95223402977
2377    7.99571108818
2380    8.03925204277
2362    8.07268810272
2362    8.1062810421
2370    8.14478492737
2348    8.17751193047
2361    8.21460199356
2352    8.25332999229
2351    8.29197502136
2349    8.33549809456
2331    8.38145899773
2322    8.41407799721
2330    8.45264005661
2332    8.4782679081
2330    8.51258897781
2328    8.53826498985
2327    8.57116007805
2328    8.60346293449
2335    8.64164090157
2343    8.67164897919
2337    8.70661401749
2352    8.74746990204
2349    8.79111099243
2360    8.81709289551
2349    8.8496530056
2347    8.88766789436
2358    8.92357897758
2356    8.95469594002
2373    8.99658703804
2361    9.03831100464
2373    9.06984591484
2367    9.10185694695
2380    9.14501309395
2376    9.17187190056
2380    9.20403289795
2386    9.23973608017
2403    9.26554608345
2392    9.29611706734
2406    9.32677698135
2401    9.36254501343
2413    9.39351606369
2401    9.42164587975
2428    9.46996188164
2422    9.50776910782
2448    9.54500889778
2450    9.58337903023
2451    9.62641406059
2465    9.65283703804
2474    9.68428993225
2492    9.71928906441
2486    9.75488901138
2482    9.78547692299
2491    9.8210439682
2501    9.86659193039
2502    9.90227293968
2506    9.93796896935
2502    9.96373796463
2505    9.99925589561
2535    10.0297939777
2454    10.0599019527
2463    10.090419054
2432    10.1358969212
2380    10.1715331078
2299    10.2123939991
2247    10.2380430698
2187    10.2737929821
2155    10.2998380661
2127    10.3357539177
2115    10.3666100502
2110    10.3974890709
2108    10.4278860092
2138    10.4636390209
2093    10.4992630482
2085    10.5299899578
2083    10.561549902
2078    10.6083369255
2074    10.6470119953
2052    10.6799008846
2041    10.7228798866
2034    10.7498500347
2085    10.7868289948
2030    10.813560009
2021    10.8504788876
2012    10.8826849461
2003    10.9265840054
2010    10.9554219246
1998    10.989315033
2000    11.0232470036
1991    11.0621869564
1972    11.0911560059
2019    11.1253199577
1973    11.168104887
1964    11.1930439472
1957    11.2334361076
1961    11.2588069439
1945    11.2923018932
1945    11.3355848789
1945    11.3745000362
1951    11.4136788845
1927    11.4515531063
1928    11.4887070656
1937    11.5239100456
1926    11.5503959656
1934    11.5911579132
1926    11.6177608967
1932    11.6494429111
1911    11.6931650639
1912    11.7313480377
1929    11.7800159454
1927    11.8180770874
1932    11.8449940681
1923    11.8783679008
1925    11.922082901
1925    11.965471983
1920    12.008699894
1925    12.0469579697
1925    12.0903670788
1926    12.1338150501
1932    12.1719429493
1927    12.1998200417
1932    12.2380158901
1927    12.2751789093
1930    12.3036210537
1930    12.336507082
1930    12.3652238846
1925    12.4091188908
1928    12.4474630356
1929    12.4909529686
1930    12.5341219902
1950    12.5723240376
1942    12.6302700043
1954    12.662997961
1936    12.6907820702
1949    12.7320969105
1937    12.7706940174
1938    12.808868885
1947    12.8439280987
1964    12.8821980953
1957    12.9099719524
1964    12.9450581074
1963    12.9927120209
1958    13.0419631004
1958    13.0850989819
1975    13.1107230186
1971    13.1422328949
1977    13.1703379154
1980    13.2076420784
1970    13.2510199547
1976    13.2881700993
1997    13.3172490597
1987    13.3513429165
1990    13.3906300068
1997    13.4198310375
2040    13.4539849758
1982    13.5032820702
2047    13.5373249054
2006    13.5664200783
2007    13.6004719734
2004    13.6295518875
2051    13.6585459709
2006    13.692565918
2006    13.721570015
2030    13.7607240677
2027    13.8051950932
2013    13.8439331055
2026    13.8693029881
2021    13.9031391144
2036    13.935295105
2081    13.9662520885
2038    13.9947841167
2029    14.0282540321
2054    14.0724649429
2100    14.1108279228
2054    14.1538789272
2071    14.180891037
2072    14.2143731117
2105    14.2428650856
2113    14.2762639523
2085    14.3189001083
2092    14.3556249142
2078    14.3924028873
2108    14.424161911
2092    14.4710938931
2098    14.5095160007
2144    14.5424349308
2099    14.5856919289
2105    14.6139109135
2119    14.6456580162
2121    14.6785519123
2117    14.7214028835
2136    14.7657148838
2158    14.803524971
2152    14.8305110931
2195    14.8648359776
2140    14.9028139114
2161    14.9357259274
2163    14.96814394
2175    15.0004758835
2194    15.032777071
2198    15.0601360798
2188    15.0930259228
2209    15.1314051151
2209    15.1648271084
2228    15.2006030083
2241    15.2255969048
2251    15.2661070824
2251    15.3143610954
2258    15.3573589325
2261    15.4013860226
2275    15.439522028
2276    15.482640028
2297    15.5248301029
2321    15.5535628796
2315    15.5875198841
2340    15.6149129868
2374    15.6657719612
2341    15.6997430325
2354    15.731137991
2363    15.7741680145
2407    15.8083839417
2349    15.8446619511
2348    15.8763740063
2351    15.9073228836
2328    15.9507761002
2329    15.9988949299
2323    16.0362789631
2312    16.077078104
2303    16.1056261063
2303    16.1371510029
2296    16.1777920723
2313    16.2095649242
2315    16.2392990589
2315    16.2677299976
2314    16.3162829876
2291    16.3543419838
2348    16.3867890835
2302    16.4198050499
2288    16.4631180763
2281    16.5070400238
2284    16.5452160835
2268    16.5909218788
2261    16.631606102
2320    16.6681690216
2273    16.7029919624
2263    16.7336990833
2255    16.7652680874
2267    16.7960889339
2252    16.8243310452
2252    16.8574678898
2258    16.8932259083
2231    16.9307370186
2240    16.9736850262
2236    17.0006029606
2224    17.0489079952
2222    17.0871539116
2268    17.1259040833
2225    17.1689560413
2249    17.2072019577
2205    17.2355549335
2206    17.2686359882
2222    17.3045330048
2213    17.3424210548
2212    17.3758230209
2203    17.399228096
2200    17.4362199306
2184    17.4720230103
2192    17.510379076
2190    17.5381469727
2197    17.5746569633
2206    17.6138510704
2206    17.6382770538
2191    17.6715610027
2194    17.7045850754
2196    17.7357070446
2207    17.7789530754
2208    17.8224110603
2209    17.8758869171
2209    17.9194040298
2225    17.9736809731
2234    18.007805109
