2258    0.0290770530701
2303    0.0580821037292
2256    0.0915579795837
2263    0.124768018723
2268    0.168944120407
2268    0.207941055298
2311    0.256994962692
2290    0.290838003159
2286    0.337598085403
2299    0.374163150787
2290    0.403012037277
2303    0.444404125214
2313    0.483153104782
2320    0.510437965393
2330    0.548139095306
2330    0.582254171371
2397    0.614792108536
2353    0.653552055359
2352    0.689033985138
2350    0.723680019379
2362    0.760735988617
2358    0.795582056046
2374    0.829393148422
2373    0.857961177826
2386    0.89337015152
2380    0.93243098259
2379    0.965011119843
2372    1.00831413269
2353    1.05199503899
2340    1.07941317558
2303    1.12356209755
2269    1.1636531353
2217    1.19711709023
2189    1.22053003311
2170    1.25388908386
2157    1.29227304459
2182    1.31566405296
2124    1.36414408684
2118    1.39749407768
2108    1.43590402603
2101    1.4693570137
2105    1.50270009041
2102    1.53610110283
2084    1.56451797485
2068    1.59826898575
2070    1.63745117188
2097    1.66629004478
2051    1.69864201546
2039    1.72693800926
2035    1.77151298523
2023    1.79914402962
2019    1.83908295631
2065    1.87398695946
2016    1.90506601334
1996    1.9371240139
2002    1.9698240757
2001    2.01394510269
1989    2.05211997032
2027    2.09620213509
1989    2.13529896736
1972    2.17943096161
1972    2.21844601631
1972    2.25032114983
1979    2.2897400856
1956    2.34366798401
1959    2.38257098198
1957    2.41004514694
1958    2.44320106506
1943    2.47135996819
1950    2.50436711311
1950    2.53249812126
1939    2.5657081604
1940    2.59928011894
1926    2.64239501953
1933    2.67928910255
1924    2.72347903252
1926    2.76762294769
1934    2.80483317375
1932    2.83644795418
1925    2.87563896179
1926    2.9083609581
1923    2.94092106819
1926    2.98531794548
1933    3.01146817207
1931    3.04554796219
1936    3.08760094643
1926    3.12163805962
1936    3.15575098991
1934    3.18611717224
1931    3.22139215469
1979    3.25666117668
1920    3.30526900291
1924    3.34922504425
1930    3.38808012009
1927    3.41472315788
1942    3.44844412804
1939    3.48780107498
1941    3.52058196068
1943    3.5507171154
1948    3.58549714088
1939    3.63068604469
1935    3.66606807709
1944    3.70150303841
1968    3.72679710388
1951    3.76230311394
1965    3.792979002
1957    3.83369612694
1956    3.87497997284
1965    3.91345906258
1956    3.95765209198
1979    3.98509001732
1972    4.02156400681
1978    4.07005000114
1966    4.10057497025
1979    4.13237214088
1972    4.17725110054
1988    4.21862411499
1986    4.25675106049
1990    4.28840899467
1989    4.33233094215
1982    4.37470912933
1989    4.41299510002
2003    4.44449400902
2053    4.4934630394
2006    4.53699994087
2002    4.57539105415
2001    4.61793398857
2027    4.6568441391
2028    4.68920707703
2019    4.73380303383
2029    4.77270102501
2041    4.81639814377
2046    4.84176397324
2034    4.87921309471
2051    4.91175794601
2053    4.95608496666
2045    4.99482607841
2066    5.02197599411
2076    5.05757594109
2076    5.10137295723
2085    5.13769197464
2086    5.1707341671
2088    5.19867014885
2083    5.2321369648
2094    5.27411913872
2098    5.30250906944
2108    5.33590507507
2111    5.36258506775
2108    5.39912605286
2126    5.43792104721
2118    5.4821460247
2142    5.52121114731
2148    5.56515097618
2150    5.60272312164
2149    5.63115000725
2165    5.66886615753
2164    5.71124911308
2231    5.75235104561
2175    5.7913069725
2197    5.81974005699
2206    5.8581840992
2213    5.88169503212
2220    5.93777513504
2226    5.98174905777
2248    6.03061199188
2302    6.06820511818
2303    6.09758400917
2263    6.12892007828
2289    6.17248415947
2300    6.21675395966
2315    6.25560498238
2315    6.29874706268
2373    6.32509899139
2349    6.36901497841
2372    6.40016698837
2384    6.45259809494
2392    6.48638701439
2461    6.52172708511
2429    6.55205607414
2440    6.583081007
2448    6.64312601089
2473    6.67244315147
2490    6.71178007126
2498    6.73653411865
2496    6.76509213448
2505    6.81409811974
2506    6.84044694901
2503    6.87166404724
2506    6.90294098854
2483    6.94429898262
2481    6.98644304276
2481    7.03043413162
2477    7.06960916519
2478    7.11353802681
2525    7.14655709267
2480    7.18478417397
2489    7.22196316719
2485    7.25723695755
2476    7.28818511963
2520    7.32564496994
2453    7.36983108521
2448    7.4088101387
2432    7.43789696693
2436    7.47097706795
2441    7.50892901421
2434    7.54554414749
2424    7.57945799828
2429    7.60616207123
2426    7.64003705978
2404    7.68305110931
2414    7.72706103325
2390    7.76570606232
2392    7.80966901779
2392    7.8536131382
2387    7.89060115814
2378    7.91867303848
2379    7.95259809494
2363    7.98045396805
2364    8.0145471096
2367    8.04665017128
2367    8.08988809586
2352    8.13009905815
2362    8.16043615341
2340    8.19382810593
2357    8.2276160717
2402    8.26753497124
2349    8.30660605431
2323    8.33561205864
2331    8.37842106819
2329    8.41737294197
2329    8.45106816292
2335    8.47756004333
2352    8.51141405106
2352    8.55487298965
2353    8.58383202553
2358    8.61621904373
2353    8.6600830555
2352    8.68601608276
2346    8.7148270607
2352    8.74491596222
2367    8.78752017021
2403    8.83009600639
2361    8.87332201004
2405    8.91580796242
2377    8.94971513748
2376    8.97893500328
2381    9.01299309731
2380    9.05748200417
2392    9.09535312653
2388    9.13806295395
2389    9.1803920269
2407    9.22207713127
2451    9.26074099541
2432    9.30745100975
2427    9.33527398109
2441    9.37345099449
2463    9.40843915939
2497    9.45180296898
2475    9.48906111717
2466    9.53321814537
2481    9.58219599724
2475    9.61625599861
2491    9.64437699318
2496    9.67708706856
2542    9.72108316422
2507    9.74855899811
2515    9.78219294548
2516    9.81174111366
2516    9.84314894676
2550    9.87578296661
2492    9.90449595451
2478    9.93801307678
2481    9.97096014023
2468    9.9990401268
2436    10.0320429802
2391    10.0703861713
2376    10.1043920517
2268    10.1327669621
2220    10.1721391678
2159    10.2111091614
2127    10.2553231716
2097    10.2927930355
2108    10.3214459419
2110    10.3557939529
2103    10.3997559547
2102    10.4439680576
2087    10.4829201698
2096    10.5097720623
2079    10.5433130264
2068    10.5774731636
2069    10.616508007
2053    10.6602680683
2049    10.7074890137
2040    10.7448680401
2023    10.7839701176
2021    10.8155939579
2002    10.859388113
2006    10.9016139507
1993    10.9399759769
1997    10.9714319706
1996    11.0030989647
1978    11.0345971584
1971    11.063119173
1972    11.0965180397
1961    11.1291680336
1960    11.1730520725
1961    11.2107641697
1950    11.2434329987
1949    11.2901360989
1950    11.3284101486
1951    11.3584010601
1936    11.3936359882
1932    11.4277210236
1920    11.4716491699
1979    11.4990561008
1923    11.543184042
1925    11.5852081776
1927    11.6239211559
1979    11.6707890034
1929    11.7087349892
1912    11.7507300377
1936    11.7885279655
1929    11.8313100338
1930    11.8585541248
1924    11.9009010792
1928    11.927834034
1934    11.9625210762
1931    11.9997210503
1925    12.043749094
1924    12.0810339451
1928    12.119562149
1926    12.1584880352
1924    12.1980121136
1924    12.2412660122
1926    12.2697591782
1931    12.2973430157
1933    12.3293411732
1976    12.373221159
1926    12.4119369984
1974    12.4431920052
1929    12.4759361744
1927    12.519133091
1944    12.5630600452
1945    12.6070139408
1947    12.6554090977
1941    12.6993751526
1935    12.7375659943
1938    12.7812640667
1957    12.8201880455
1956    12.8470880985
1951    12.8806710243
1964    12.9148139954
1958    12.9590289593
1971    13.003608942
1973    13.041809082
1973    13.0725190639
1971    13.1059000492
1975    13.1342120171
1977    13.1679871082
1974    13.211771965
1999    13.2508189678
1992    13.2941510677
1985    13.3326079845
1985    13.3738689423
2005    13.4170970917
2012    13.4703650475
2009    13.4990680218
2012    13.5294010639
2011    13.5592930317
2014    13.5913031101
2020    13.6194050312
2019    13.6537480354
2020    13.6976311207
2013    13.7363750935
2029    13.7839369774
2035    13.8166880608
2035    13.8611960411
2050    13.9003660679
2062    13.9298651218
2121    13.960214138
2070    14.000095129
2074    14.0383541584
2107    14.079875946
2085    14.1226270199
2092    14.1750280857
2111    14.2139201164
2103    14.242401123
2099    14.2778179646
2101    14.3064191341
2098    14.3404011726
2096    14.3701910973
2106    14.4034450054
2103    14.4362001419
2109    14.4726221561
2117    14.5087561607
2142    14.5449421406
2130    14.5770471096
2188    14.6089200974
2152    14.6483051777
2157    14.6793980598
2156    14.7125120163
2155    14.7485201359
2160    14.7872309685
2163    14.8363859653
2175    14.8654260635
2185    14.9015700817
2201    14.9323840141
2207    14.9709889889
2207    15.0150470734
2224    15.0543370247
2223    15.0908279419
2240    15.1189520359
2240    15.1489629745
2303    15.18475914
2262    15.227684021
2261    15.2671611309
2277    15.3111891747
2284    15.3487970829
2303    15.3929359913
2299    15.4197490215
2312    15.4527821541
2326    15.4848489761
2341    15.5240700245
2341    15.5768470764
2347    15.6203639507
2345    15.6524651051
2408    15.6858091354
2348    15.7181341648
2352    15.7618041039
2343    15.7922480106
2338    15.8348059654
2317    15.8690080643
2303    15.9081571102
2303    15.9542970657
2297    15.9956541061
2345    16.0323300362
2298    16.0614731312
2302    16.0941510201
2293    16.1281700134
2290    16.1710369587
2297    16.1991810799
2293    16.228372097
2299    16.2607829571
2282    16.3088159561
2283    16.346446991
2285    16.3905620575
2284    16.436371088
2279    16.4752030373
2267    16.5195541382
2261    16.5576250553
2278    16.588643074
2257    16.6271181107
2262    16.6659750938
2255    16.7033929825
2248    16.7474851608
2255    16.7850520611
2289    16.8147730827
2232    16.845678091
2244    16.8833501339
2241    16.9107701778
2240    16.9433121681
2222    16.9717841148
2230    17.0469429493
2216    17.0864260197
2209    17.1257150173
2207    17.1696951389
2205    17.2060351372
2206    17.2498309612
2193    17.2854499817
2201    17.3258600235
2194    17.3708300591
2202    17.4067749977
2191    17.4471280575
2188    17.4894931316
2198    17.5282981396
2204    17.5603721142
2194    17.6043980122
2199    17.6537201405
2188    17.6975431442
2194    17.7393710613
2193    17.778149128
2207    17.8213951588
2207    17.8605339527
2204    17.8993799686
2206    17.9305131435
2225    17.9746110439
2224    18.0186569691
