2319    0.0361659526825
2327    0.0656709671021
2315    0.0989010334015
2327    0.131546020508
2329    0.160656929016
2346    0.199600934982
2349    0.243483066559
2371    0.282359838486
2378    0.326155900955
2377    0.351300001144
2387    0.384626865387
2426    0.418659925461
2427    0.462375879288
2451    0.498839855194
2447    0.53163599968
2456    0.570488929749
2454    0.598022937775
2453    0.641541957855
2478    0.68475985527
2472    0.710011005402
2481    0.742264032364
2481    0.775042057037
2490    0.819063901901
2543    0.855272054672
2520    0.891345977783
2523    0.917330026627
2519    0.953332901001
2523    0.994708061218
2544    1.03857684135
2567    1.06414794922
2601    1.09792494774
2555    1.13142800331
2569    1.16033291817
2559    1.20441794395
2578    1.2352669239
2546    1.26336693764
2548    1.29653191566
2523    1.33017301559
2497    1.37274885178
2455    1.42746901512
2422    1.46037483215
2411    1.49398684502
2407    1.52493286133
2433    1.55571889877
2367    1.5995118618
2345    1.64328789711
2356    1.68098497391
2315    1.72528290749
2303    1.76392006874
2293    1.80506491661
2286    1.85235595703
2254    1.89636588097
2240    1.93526887894
2224    1.97428488731
2209    2.00333404541
2198    2.04022693634
2198    2.07221484184
2196    2.11608695984
2167    2.15962004662
2160    2.20039200783
2160    2.23840403557
2134    2.26446199417
2132    2.30049800873
2125    2.33148694038
2119    2.36287283897
2099    2.40622591972
2105    2.45472002029
2109    2.49093699455
2111    2.53834795952
2088    2.56726384163
2089    2.60855793953
2087    2.63185286522
2135    2.66593790054
2084    2.6950340271
2072    2.72905087471
2072    2.76336193085
2069    2.80747485161
2072    2.84195184708
2070    2.87615203857
2069    2.91434383392
2069    2.94647693634
2045    2.98883700371
2051    3.02724599838
2052    3.060765028
2052    3.09924793243
2053    3.13332605362
2096    3.17757296562
2108    3.20571994781
2054    3.23832988739
2058    3.28138899803
2095    3.31532406807
2055    3.36950206757
2052    3.40313506126
2058    3.43442201614
2054    3.47361087799
2059    3.50983905792
2053    3.55358505249
2050    3.59211683273
2066    3.63598394394
2123    3.66219997406
2063    3.70904803276
2061    3.74576091766
2062    3.78988385201
2125    3.81772303581
2064    3.86144804955
2067    3.90397000313
2069    3.93419694901
2073    3.9642829895
2079    3.99527001381
2084    4.02705192566
2086    4.06154704094
2081    4.09315896034
2138    4.13450098038
2127    4.17246294022
2083    4.2160589695
2100    4.26019191742
2097    4.30144906044
2111    4.34050583839
2098    4.37298488617
2096    4.41193389893
2111    4.44035100937
2098    4.47803997993
2099    4.50581097603
2114    4.54412198067
2121    4.57277202606
2118    4.60413503647
2170    4.64766001701
2133    4.68649888039
2180    4.7160179615
2131    4.74700498581
2128    4.78085684776
2148    4.8201110363
2148    4.86353802681
2158    4.89292693138
2174    4.92731189728
2174    4.96171593666
2164    4.99621391296
2184    5.03147888184
2185    5.0552740097
2224    5.09018206596
2192    5.12886095047
2191    5.15655493736
2196    5.19003605843
2198    5.2249789238
2208    5.26896500587
2209    5.3132288456
2228    5.36117696762
2240    5.40499901772
2247    5.44394803047
2253    5.48775887489
2247    5.52627491951
2278    5.55567193031
2293    5.58999085426
2284    5.61923789978
2294    5.65406084061
2300    5.69362592697
2303    5.73322987556
2322    5.76275706291
2324    5.79767584801
2377    5.83205890656
2354    5.86778306961
2363    5.89595890045
2367    5.92955303192
2373    5.9593629837
2376    6.00334596634
2395    6.04728984833
2427    6.08421206474
2432    6.13111305237
2485    6.16968798637
2452    6.20782995224
2450    6.23703384399
2456    6.27049899101
2448    6.29951095581
2460    6.3342590332
2453    6.36178398132
2433    6.39070105553
2450    6.43317484856
2425    6.46575784683
2423    6.50832295418
2416    6.54698300362
2411    6.57573890686
2416    6.61200499535
2411    6.63790798187
2409    6.67638087273
2400    6.70107102394
2396    6.73477196693
2392    6.76713204384
2387    6.8136639595
2389    6.85608005524
2345    6.89519286156
2353    6.92258787155
2354    6.95455503464
2332    7.00131988525
2331    7.04067492485
2327    7.08315706253
2317    7.11209392548
2300    7.1557199955
2296    7.19447588921
2300    7.23322296143
2288    7.27053284645
2284    7.3138449192
2292    7.33904695511
2267    7.37433600426
2268    7.4178249836
2295    7.4545609951
2245    7.48697686195
2263    7.53043889999
2259    7.57419800758
2232    7.61315703392
2248    7.65601205826
2247    7.69761586189
2231    7.73629903793
2233    7.76739287376
2230    7.79723596573
2216    7.8299908638
2217    7.86476898193
2205    7.90263390541
2206    7.94604802132
2216    7.98765802383
2213    8.02647995949
2202    8.06060695648
2206    8.09884190559
2217    8.13087296486
2209    8.17473506927
2253    8.21867990494
2262    8.25794792175
2209    8.28888702393
2233    8.31976294518
2227    8.35156583786
2225    8.38345789909
2269    8.42670893669
2230    8.4729590416
2236    8.50826096535
2228    8.53669905663
2272    8.57390403748
2235    8.61441802979
2238    8.64187693596
2248    8.67678284645
2243    8.7132589817
2240    8.76238489151
2253    8.80114793777
2259    8.83350396156
2248    8.87654185295
2262    8.90696501732
2262    8.93954491615
2283    8.97016096115
2325    9.00124883652
2276    9.04422187805
2303    9.0803399086
2280    9.12750291824
2288    9.17160391808
2285    9.20567297935
2295    9.23355698586
2300    9.26796197891
2316    9.296656847
2310    9.33459591866
2325    9.36092686653
2334    9.39426088333
2339    9.43019199371
2330    9.46915984154
2331    9.5131778717
2347    9.56203794479
2364    9.60110902786
2355    9.6301419735
2383    9.66412687302
2379    9.69812202454
2387    9.72199296951
2393    9.75637102127
2451    9.79027891159
2418    9.81995105743
2409    9.86029887199
2425    9.90269804001
2479    9.94186997414
2450    9.97238087654
2446    10.0027508736
2442    10.0335378647
2428    10.0621109009
2432    10.0973930359
2422    10.127601862
2432    10.1581158638
2448    10.187155962
2432    10.2238109112
2345    10.2547888756
2328    10.2923550606
2303    10.3463799953
2299    10.3837869167
2331    10.4111309052
2269    10.455518961
2268    10.4946138859
2268    10.5270960331
2252    10.5564289093
2252    10.595872879
2252    10.6304068565
2228    10.6791460514
2225    10.7177209854
2214    10.7488348484
2198    10.7808768749
2196    10.8130159378
2193    10.8554780483
2179    10.8980998993
2166    10.9357378483
2151    10.9980239868
2151    11.0361759663
2153    11.0429599285
2156    11.0743460655
0    11.1182029247
2134    11.1271679401
2141    11.1521229744
2162    11.1734910011
2122    11.2010948658
2165    11.2251670361
2124    11.2377619743
2114    11.2584578991
0    11.3040509224
2101    11.310642004
2111    11.3455760479
0    11.3827319145
2101    11.3904628754
2108    11.4213309288
2105    11.4532420635
2096    11.4867830276
2086    11.5256299973
2083    11.5581328869
2085    11.6022298336
2067    11.6397109032
2066    11.6726930141
2070    11.701417923
2068    11.7352888584
2068    11.7678048611
2075    11.8117489815
2073    11.8505630493
2054    11.8794088364
2057    11.9132008553
2059    11.9469559193
2061    11.9707980156
2053    12.0045590401
2054    12.0383579731
2052    12.0771808624
2047    12.1214389801
2090    12.1682629585
2056    12.2121870518
2049    12.2555668354
2054    12.2896549702
2054    12.318048954
2047    12.3559348583
2060    12.389950037
2054    12.4304029942
2060    12.4575119019
2060    12.5009820461
2049    12.5441908836
2046    12.5830619335
2067    12.6220228672
2045    12.6550879478
2071    12.6908040047
2068    12.7269718647
2072    12.7595219612
2064    12.7873189449
2073    12.8201110363
2070    12.8588988781
2076    12.8938119411
2070    12.9324669838
2069    12.9760849476
2091    13.0235669613
2084    13.0562250614
2095    13.0868020058
2084    13.1181550026
2084    13.1508920193
2086    13.2071020603
2103    13.2510490417
2104    13.2944669724
2098    13.3356919289
2106    13.3720698357
2105    13.4030818939
2114    13.4351818562
2115    13.479184866
2114    13.5181620121
2121    13.5627830029
2118    13.6068990231
2159    13.645293951
2111    13.6756360531
2145    13.7109649181
2130    13.7564108372
2145    13.7920198441
2136    13.8324348927
2160    13.8627009392
2148    13.8967978954
2191    13.9357919693
2139    13.9656889439
2204    14.0092740059
2156    14.0471279621
2179    14.0906870365
2175    14.1336939335
2206    14.1776199341
2199    14.2112989426
2204    14.2476429939
2215    14.273722887
2259    14.3101098537
2206    14.3482489586
2233    14.3778550625
2234    14.4206368923
2238    14.4594609737
2238    14.4914410114
2255    14.5304839611
2310    14.5580079556
2257    14.5933580399
2278    14.6303930283
2289    14.6643738747
2284    14.6982240677
2297    14.7422268391
2297    14.7862570286
2317    14.8253059387
2332    14.85394907
2405    14.8893709183
2357    14.9197969437
2361    14.9601750374
2378    14.9954679012
2449    15.02571702
2405    15.0572638512
2419    15.100466013
2434    15.1277689934
2432    15.1651718616
2447    15.1982409954
2436    15.242112875
2458    15.2859840393
2471    15.3234610558
2491    15.3546850681
2496    15.3865399361
2512    15.4165279865
2568    15.4527659416
2525    15.491339922
2512    15.5235290527
2514    15.5657968521
2487    15.609197855
2468    15.6427679062
2465    15.6792719364
2454    15.7183740139
2453    15.7625360489
2459    15.8164548874
2499    15.8545789719
2460    15.8886198997
2450    15.9325509071
2446    15.9695498943
2438    15.9964170456
2436    16.0298168659
2442    16.0632309914
2435    16.0866000652
2420    16.1099328995
2428    16.148239851
2450    16.1765990257
2410    16.2150330544
2408    16.253485918
2404    16.2833809853
2394    16.3161919117
2385    16.359842062
2370    16.3986389637
2378    16.4424529076
2387    16.4698519707
2366    16.5044300556
2364    16.5421030521
2352    16.5845680237
2396    16.618653059
2342    16.6511249542
2338    16.6869399548
2328    16.7256350517
2341    16.754983902
2317    16.7994658947
2328    16.8238098621
2320    16.8569860458
2322    16.890871048
2293    16.9196548462
2300    16.9486680031
2303    16.9779939651
2303    17.0107159615
2303    17.057751894
2283    17.1012020111
2288    17.1404368877
2288    17.1844649315
2284    17.2377429008
2269    17.2813580036
2303    17.3245449066
2269    17.3583528996
2267    17.3879549503
2266    17.4217090607
2270    17.4656319618
2270    17.5095570087
2269    17.54874897
2313    17.5875608921
2270    17.6311209202
2313    17.6700210571
2264    17.7146730423
2256    17.758754015
2314    17.7978060246
2264    17.8414208889
2271    17.8787689209
2283    17.9080359936
2271    17.9401490688
2261    17.970913887
2332    18.0033638477
