2318    0.0270450115204
2360    0.0555739402771
2315    0.0900340080261
2377    0.124670028687
2327    0.162834882736
2354    0.209539890289
2406    0.251163005829
2353    0.28377199173
2376    0.31600189209
2448    0.346961975098
2396    0.376470804214
2435    0.412771940231
2410    0.439762830734
2418    0.47899889946
2443    0.515033960342
2451    0.553480863571
2461    0.585011005402
2467    0.614022016525
2471    0.646461963654
2477    0.685326814651
2464    0.713042020798
2476    0.750787973404
2497    0.793519020081
2487    0.826295852661
2494    0.869031906128
2519    0.902105808258
2532    0.940774917603
2536    0.971508979797
2547    1.01293683052
2533    1.05113482475
2600    1.09524083138
2559    1.12250781059
2574    1.15603494644
2579    1.18364882469
2568    1.21589493752
2608    1.25303983688
2534    1.28894495964
2559    1.32472991943
2488    1.36006689072
2452    1.39430689812
2473    1.42354798317
2434    1.45420193672
2414    1.4899289608
2402    1.53642296791
2386    1.57130599022
2370    1.60618901253
2346    1.64627480507
2332    1.67635989189
2360    1.71720290184
2299    1.75044894218
2277    1.78296899796
2269    1.81502795219
2254    1.84696483612
2265    1.87835288048
2259    1.91409802437
2234    1.96238994598
2220    2.00532197952
2206    2.04212093353
2204    2.07386493683
2241    2.10548901558
2184    2.1473698616
2164    2.17555499077
2150    2.21175980568
2141    2.24245500565
2133    2.28242182732
2126    2.32486391068
2118    2.35941886902
2101    2.3885269165
2150    2.42237591743
2106    2.4607758522
2103    2.49356389046
2100    2.53212285042
2131    2.56789183617
2085    2.60615181923
2082    2.6337249279
2130    2.67212486267
2091    2.70879101753
2111    2.74726295471
2067    2.7807328701
2076    2.81968998909
2068    2.85312795639
2081    2.8919878006
2081    2.93108797073
2097    2.96911096573
2065    2.99844098091
2051    3.03058195114
2058    3.07392597198
2053    3.11717891693
2062    3.15508198738
2061    3.18530893326
2062    3.2161719799
2052    3.2441008091
2062    3.28128600121
2056    3.306828022
2050    3.34246587753
2053    3.37318086624
2061    3.40401983261
2105    3.4601919651
2062    3.49851489067
2052    3.52572083473
2052    3.55894494057
2061    3.593998909
2055    3.63456487656
2052    3.67139792442
2076    3.70217990875
2122    3.7497549057
2076    3.77567887306
2074    3.80963683128
2072    3.85327792168
2073    3.91553497314
2073    3.95361590385
2119    3.96165800095
2059    4.00747489929
2091    4.01594591141
2088    4.0720448494
2087    4.07425093651
2083    4.12620687485
0    4.16854190826
2085    4.17073202133
2085    4.20323801041
0    4.24092197418
2086    4.24920082092
2108    4.28669095039
2100    4.31397080421
2092    4.32410597801
2102    4.36277484894
0    4.38855481148
2105    4.42193388939
2106    4.42927598953
2102    4.4600789547
2129    4.5142428875
2124    4.54742288589
2130    4.58317494392
2121    4.60897684097
2118    4.64187884331
2133    4.68056201935
2133    4.73381996155
2160    4.78223395348
2154    4.82080888748
2148    4.85802292824
2155    4.90137600899
2170    4.94464588165
2164    4.98336482048
2179    5.0101339817
2181    5.05879187584
2179    5.09677386284
2197    5.13346385956
2199    5.16508793831
2197    5.19838881493
2212    5.24130487442
2209    5.28475093842
2219    5.31055498123
2209    5.34901499748
2227    5.39263987541
2248    5.4284260273
2240    5.46907401085
2251    5.49468684196
2258    5.5367898941
2246    5.57474398613
2269    5.60572290421
2277    5.63654494286
2284    5.67990899086
2295    5.70699381828
2295    5.74053382874
2318    5.77184891701
2316    5.81539988518
2384    5.85883998871
2349    5.89591002464
2376    5.93461585045
2381    5.96106290817
2380    6.0144598484
2385    6.04693579674
2411    6.09004592896
2434    6.11885499954
2421    6.15258288383
2481    6.18074798584
2429    6.21404981613
2450    6.26595592499
2461    6.30272603035
2461    6.33476686478
2489    6.36426591873
2459    6.39508891106
2460    6.42827391624
2439    6.4716219902
2426    6.50988888741
2411    6.55328798294
2418    6.58014893532
2417    6.61616683006
2406    6.64440488815
2407    6.68801283836
2393    6.71551084518
2389    6.74821400642
2388    6.77911901474
2391    6.81303787231
2370    6.84691286087
2367    6.87295293808
2363    6.90660190582
2346    6.9382379055
2329    6.97047781944
2332    7.00477385521
2374    7.04672789574
2316    7.08380484581
2317    7.12697291374
2302    7.17290186882
2301    7.20936799049
2295    7.23936390877
2294    7.26974391937
2283    7.30306696892
2283    7.34612679482
2268    7.388890028
2270    7.41687893867
2261    7.44759702682
2254    7.48381495476
2256    7.52226400375
2256    7.5655798912
2262    7.60297989845
2235    7.64596796036
2284    7.67819786072
2217    7.72147798538
2222    7.76493287086
2225    7.80294179916
2225    7.84311699867
2232    7.8810608387
2216    7.91670203209
2217    7.9749519825
2220    8.01331782341
2204    8.05171179771
2206    8.09491682053
2207    8.13856983185
2209    8.17644882202
2211    8.20826983452
2212    8.24029994011
2216    8.27607584
2217    8.3019759655
2213    8.34534096718
2217    8.38363790512
2225    8.41193580627
2232    8.44523191452
2227    8.4891679287
2224    8.52757000923
2220    8.56926989555
2232    8.61528491974
2224    8.65853786469
2240    8.69422483444
2247    8.72505402565
2293    8.76655197144
2240    8.80446600914
2248    8.83455491066
2254    8.86647796631
2263    8.91336584091
2254    8.95695090294
2255    8.99404883385
2274    9.03122091293
2279    9.06342887878
2264    9.10628890991
2281    9.15018987656
2287    9.19839501381
2291    9.22424483299
2303    9.25980901718
2291    9.29741597176
2315    9.33087491989
2360    9.37474799156
2314    9.41335988045
2339    9.4392118454
2343    9.47466397285
2333    9.50683498383
2335    9.54455780983
2387    9.58014202118
2362    9.61066102982
2363    9.65641188622
2372    9.68682789803
2425    9.71728396416
2379    9.74995684624
2404    9.78153085709
2395    9.80933690071
2410    9.85431790352
2405    9.89720082283
2425    9.92581486702
2417    9.96356892586
2422    10.0048398972
2438    10.0467529297
2438    10.0852489471
2435    10.1290960312
2439    10.1656298637
2429    10.1962590218
2432    10.2320888042
2402    10.2741189003
2392    10.3110179901
2413    10.3529679775
2339    10.376655817
2314    10.4147508144
2300    10.4518668652
2323    10.4954819679
2279    10.5389618874
2278    10.5644898415
2264    10.596143961
2262    10.6392538548
2247    10.6818249226
2240    10.7187879086
2240    10.7512898445
2224    10.7948019505
2225    10.8329808712
2254    10.8765048981
2241    10.9094638824
2186    10.9496188164
2179    10.9993419647
2169    11.0349159241
2160    11.0713148117
2148    11.1078689098
2149    11.1555559635
2140    11.1929848194
2142    11.2247889042
2111    11.2648589611
2119    11.297107935
2117    11.3244450092
2119    11.3569049835
2101    11.3991839886
2097    11.4315140247
2104    11.4638009071
2096    11.496078968
2099    11.5283389091
2088    11.5656158924
2082    11.6029779911
2081    11.6304368973
2135    11.6628279686
2078    11.6902008057
2114    11.7225608826
2107    11.7548999786
2073    11.7823169231
2068    11.8146979809
2071    11.842206955
2066    11.8799378872
2049    11.9273469448
2054    11.96053195
2061    11.9927668571
2060    12.0235998631
2053    12.0664279461
2093    12.0929319859
2057    12.1361839771
2054    12.1789429188
2054    12.2123959064
2057    12.2756998539
2057    12.3145678043
2062    12.3175358772
2053    12.3608658314
0    12.3994109631
2062    12.4290208817
2054    12.4386148453
2097    12.4582519531
0    12.4882128239
2049    12.4927158356
2054    12.522028923
0    12.5670838356
2058    12.5750629902
2069    12.6075940132
0    12.6390488148
2069    12.6456899643
2070    12.6805098057
0    12.7184619904
2069    12.7247838974
2065    12.7663888931
0    12.7993648052
2068    12.806401968
2065    12.8478050232
2108    12.8760228157
2078    12.9102118015
2074    12.945515871
2093    12.9832270145
2088    13.0161969662
2087    13.0592048168
2087    13.1017458439
2088    13.137501955
2096    13.1744608879
2092    13.2228989601
2092    13.266242981
2142    13.3048479557
2099    13.3332388401
2101    13.3664498329
2106    13.4100790024
2104    13.4477069378
2111    13.4831290245
2106    13.521312952
2122    13.5546269417
2125    13.5910320282
2118    13.6211049557
2125    13.6661479473
2117    13.6966209412
2134    13.729749918
2125    13.7730019093
2130    13.8163998127
2157    13.8423969746
2148    13.8757038116
2150    13.9094219208
2217    13.9476909637
2175    13.9844348431
2156    14.0320649147
2183    14.0754048824
2179    14.108645916
2193    14.1441438198
2198    14.1746389866
2204    14.2054479122
2261    14.2487308979
2211    14.2913208008
2274    14.3396248817
2216    14.3728349209
2238    14.416121006
2244    14.4431688786
2251    14.4791200161
2257    14.5174210072
2262    14.5491318703
2270    14.5818898678
2292    14.6185879707
2280    14.6556370258
2297    14.684445858
2301    14.7200779915
2317    14.7619738579
2331    14.7997918129
2391    14.8431220055
2342    14.8864519596
2363    14.9297959805
2367    14.9826118946
2401    15.0358829498
2416    15.0625669956
2435    15.0944199562
2423    15.137983799
2440    15.1817188263
2491    15.2198848724
2470    15.2497878075
2469    15.2931919098
2500    15.3317220211
2514    15.3645470142
2520    15.405684948
2528    15.4442248344
2528    15.4718940258
2517    15.5052239895
2548    15.5481688976
2557    15.5739338398
2496    15.6079277992
2479    15.6373720169
2492    15.6727437973
2452    15.7155189514
2463    15.7536768913
2454    15.7971959114
2499    15.8353719711
2444    15.8735439777
2454    15.9165959358
2445    15.9595518112
2490    16.0004689693
2444    16.0270698071
2449    16.0551888943
2437    16.0917108059
2441    16.1255118847
2418    16.1610078812
2432    16.2045049667
2403    16.2402307987
2414    16.275908947
2392    16.3060498238
2396    16.337282896
2376    16.3654639721
2386    16.4002449512
2388    16.4267828465
2377    16.4624869823
2372    16.4944930077
2364    16.522952795
2352    16.5560638905
2358    16.591988802
2361    16.639966011
2333    16.681896925
2340    16.7134900093
2334    16.74522686
2316    16.7885529995
2303    16.8266818523
2303    16.8607299328
2303    16.8988888264
2300    16.9316878319
2303    16.9634928703
2296    17.0117359161
2284    17.0494208336
2291    17.0803599358
2284    17.1236708164
2270    17.1669168472
2267    17.2051479816
2278    17.2359290123
2303    17.2733478546
2273    17.3215248585
2269    17.3646378517
2278    17.3901188374
2267    17.4219059944
2271    17.456938982
2271    17.4892659187
2273    17.5267558098
2280    17.5685608387
2273    17.6013298035
2269    17.6349849701
2273    17.6741259098
2267    17.7125029564
2269    17.7404668331
2266    17.7788558006
2279    17.8160748482
2269    17.8592598438
2270    17.9012520313
2264    17.9395098686
2260    17.9778139591
2279    18.0146698952
