2132    0.0357549190521
2134    0.0740008354187
2138    0.111207962036
2127    0.14864897728
2133    0.176784992218
2160    0.204416036606
2141    0.238194942474
2170    0.284559965134
2185    0.307747840881
2194    0.364493846893
2210    0.40242099762
2227    0.440458059311
2258    0.47386598587
2256    0.506600856781
2276    0.536108016968
2281    0.566966056824
2301    0.599071979523
2312    0.635632038116
2325    0.674166917801
2319    0.717450857162
2343    0.758949041367
2330    0.792237997055
2331    0.830389022827
2334    0.862611055374
2330    0.895015001297
2329    0.927474975586
2334    0.954973936081
2349    0.987545967102
2353    1.01499295235
2359    1.05291485786
2350    1.09168791771
2364    1.12458086014
2435    1.15820288658
2381    1.19415187836
2375    1.22743296623
2392    1.25826191902
2481    1.29005289078
2411    1.32104301453
2405    1.34939098358
2421    1.3836479187
2488    1.42036390305
2432    1.45728993416
2450    1.49898791313
2474    1.52559185028
2481    1.57561302185
2480    1.60890984535
2506    1.64075899124
2510    1.67207384109
2499    1.7158100605
2464    1.75659990311
2456    1.78312897682
2460    1.8198928833
2512    1.86186885834
2417    1.88865399361
2387    1.92058491707
2355    1.95319604874
2359    1.98403096199
2432    2.03088784218
2328    2.05885696411
2334    2.09169197083
2333    2.14005994797
2324    2.17824888229
2315    2.21657800674
2303    2.2442278862
2303    2.27600002289
2296    2.30976200104
2298    2.33847403526
2281    2.37221288681
2282    2.39916491508
2267    2.43245697021
2341    2.46009492874
2265    2.49705791473
2262    2.54014587402
2248    2.57787895203
2240    2.61981296539
2225    2.65778589249
2225    2.69305992126
2218    2.73122692108
2203    2.77336192131
2192    2.81651186943
2199    2.85971498489
2195    2.8980050087
2187    2.92990088463
2175    2.97300505638
2179    3.00552487373
2179    3.0356669426
2172    3.07893800735
2185    3.11449694633
2164    3.14881205559
2166    3.1844189167
2174    3.21009683609
2164    3.24248385429
2164    3.27758193016
2216    3.30299782753
2151    3.34591388702
2126    3.38897895813
2134    3.42709684372
2126    3.45812392235
2104    3.48599100113
2111    3.52072882652
2104    3.55293703079
2095    3.5877699852
2104    3.61602783203
2103    3.65030384064
2175    3.69018387794
2119    3.7185049057
2203    3.75585794449
2151    3.78930687904
2151    3.83499002457
2206    3.87231993675
2206    3.90183091164
2200    3.93601489067
2209    3.97914290428
2202    4.02654290199
2214    4.05937695503
2212    4.09186506271
2201    4.13034892082
2204    4.17319583893
2219    4.20206093788
2225    4.23429703712
2226    4.2615609169
2248    4.30447793007
2241    4.34094190598
2261    4.38059186935
2261    4.41316795349
2259    4.44075798988
2254    4.47353291512
2278    4.5113389492
2277    4.53954291344
2266    4.57275795937
2287    4.60591387749
2301    4.63909101486
2299    4.6772608757
2300    4.70529103279
2314    4.7383928299
2330    4.76639699936
2338    4.79952502251
2353    4.82810997963
2357    4.86600494385
2348    4.89545488358
2364    4.92837190628
2367    4.96302986145
2376    4.99938988686
2386    5.03056097031
2367    5.06482696533
2390    5.10303282738
2406    5.13481998444
2391    5.17519402504
2413    5.2108399868
2472    5.24442386627
2432    5.27544593811
2440    5.30693483353
2446    5.33771586418
2465    5.37303805351
2453    5.41961598396
2477    5.45231294632
2496    5.48431396484
2488    5.51615786552
2496    5.55482697487
2496    5.5836520195
2509    5.61730003357
2522    5.6458439827
2544    5.67829298973
2544    5.71032094955
2623    5.74141383171
2559    5.7777299881
2578    5.8157749176
2591    5.85019183159
2608    5.90356588364
2628    5.94698786736
2635    5.97849488258
2640    6.00721883774
2647    6.04046297073
2664    6.07238888741
2652    6.10436797142
2665    6.13571691513
2645    6.1639778614
2635    6.19743299484
2604    6.22597002983
2685    6.2618868351
2584    6.30003285408
2569    6.33508896828
2559    6.36494088173
2559    6.39506292343
2559    6.43427205086
2559    6.4688680172
2539    6.49730086327
2617    6.53245902061
2540    6.57480597496
2528    6.62052893639
2502    6.65621590614
2492    6.68750596046
2477    6.72122097015
2480    6.7549829483
2476    6.79025483131
2529    6.82132697105
2453    6.85481595993
2437    6.89334702492
2414    6.92713594437
2419    6.96543097496
2406    7.00839686394
2400    7.04619288445
2450    7.08445596695
2380    7.11318492889
2366    7.14689683914
2376    7.17566204071
2372    7.20951700211
2361    7.24826788902
2356    7.28022003174
2345    7.31818985939
2330    7.35159301758
2328    7.39389896393
2328    7.43711185455
2316    7.47541904449
2303    7.50851202011
2324    7.5398850441
2314    7.58296394348
2322    7.62596082687
2294    7.66410899162
2300    7.69159889221
2301    7.72366905212
2301    7.76370096207
2370    7.8060259819
2367    7.84860396385
2303    7.88667201996
2285    7.93001389503
2284    7.97349691391
2278    8.01122403145
2293    8.04305505753
2367    8.07256603241
2285    8.10577201843
2288    8.14852690697
2276    8.19114494324
2273    8.22893404961
2289    8.25671601295
2285    8.28448486328
2295    8.31493401527
2270    8.34792900085
2266    8.38093996048
2289    8.40898704529
2285    8.44698286057
2276    8.48488593102
2288    8.52288603783
2293    8.56087398529
2281    8.59387183189
2285    8.62184786797
2285    8.65489006042
2303    8.68380999565
2312    8.71561098099
2297    8.74661183357
2299    8.78988003731
2371    8.83319091797
2318    8.87159705162
2341    8.91493797302
2353    8.95836806297
2362    8.99674606323
2364    9.04012084007
2444    9.0784008503
2393    9.10680389404
2394    9.14669394493
2429    9.19015097618
2442    9.21394395828
2437    9.25739693642
2456    9.30040287971
2456    9.32931303978
2467    9.35515904427
2559    9.39088487625
2491    9.41647696495
2500    9.45218491554
2504    9.48285484314
2507    9.51858901978
2570    9.54432296753
2506    9.57495284081
2506    9.62043595314
2504    9.65293502808
2529    9.68046402931
2532    9.71349692345
2550    9.75135493279
2543    9.79044103622
2556    9.82320404053
2568    9.85516095161
2586    9.8879878521
2596    9.93115186691
2623    9.95863699913
2613    10.0071289539
2687    10.0401480198
2599    10.0833220482
2596    10.121876955
2546    10.1609668732
2513    10.2092490196
2485    10.2408969402
2447    10.2709538937
2400    10.3023998737
2396    10.3360378742
2402    10.3626439571
2385    10.3947098255
2371    10.4282920361
2360    10.4750778675
2359    10.501019001
2408    10.5385489464
2328    10.5820188522
2315    10.6201848984
2298    10.6566979885
2303    10.6945109367
2289    10.7278530598
2279    10.7763500214
2268    10.8073480129
2259    10.8393359184
2243    10.8833670616
2247    10.9218869209
2227    10.9651758671
2210    10.9910478592
2218    11.0265510082
2283    11.0692558289
2202    11.1098890305
2198    11.1407778263
2266    11.184183836
2195    11.2208960056
2180    11.2527709007
2186    11.2843339443
2256    11.3150639534
2160    11.3560490608
2161    11.3942189217
2164    11.4373948574
2152    11.4803860188
2147    11.5198800564
2138    11.5470449924
2201    11.5854709148
2134    11.6269259453
2133    11.6645498276
2213    11.6994700432
2205    11.7401599884
2147    11.7757599354
2147    11.8115119934
2159    11.8420939445
2173    11.872740984
2171    11.9088640213
2169    11.9446718693
2172    11.9804139137
2166    12.0110449791
2173    12.0416669846
2172    12.0767529011
2168    12.1253249645
2161    12.1692039967
2157    12.2048108578
2158    12.2399480343
2139    12.2875568867
2125    12.3158318996
2136    12.3490970135
2202    12.3777558804
2137    12.4109809399
2132    12.4448430538
2132    12.4785499573
2134    12.5172410011
2205    12.5459458828
2134    12.5796599388
2224    12.6083738804
2150    12.6519389153
2152    12.6846408844
2163    12.7247738838
2168    12.7683598995
2160    12.8068668842
2162    12.8498449326
2166    12.8915739059
2164    12.9224998951
2172    12.9659729004
2189    13.00415802
2155    13.0306909084
2244    13.0648128986
2169    13.0989739895
2156    13.1283290386
2172    13.1607649326
2164    13.2031059265
2179    13.2312040329
2183    13.2746729851
2202    13.3277339935
2218    13.3506920338
2223    13.3887119293
2241    13.4314138889
2256    13.4679968357
2262    13.4986019135
2273    13.537528038
2282    13.5762820244
2283    13.6000928879
2266    13.6391530037
2271    13.6810159683
2285    13.7088258266
2294    13.7466390133
2280    13.7748599052
2371    13.8128318787
2326    13.841850996
2314    13.875923872
2390    13.9101788998
2328    13.9574429989
2332    13.9938418865
2352    14.0320980549
2352    14.0753519535
2376    14.1172709465
2364    14.1576440334
2378    14.1963748932
2388    14.2284388542
2397    14.2719209194
2406    14.2986829281
2401    14.336922884
2407    14.3736350536
2421    14.410353899
2443    14.4471409321
2449    14.4738948345
2475    14.5096879005
2474    14.5384728909
2480    14.5704450607
2477    14.6011970043
2469    14.6333768368
2476    14.6641199589
2453    14.6949439049
2424    14.7278289795
2411    14.7711918354
2451    14.8144190311
2356    14.857036829
2334    14.9051258564
2315    14.9413568974
2318    14.9737980366
2303    15.0062968731
2314    15.0337190628
2303    15.0661170483
2300    15.0935330391
2302    15.1261260509
2293    15.1814529896
2275    15.2187800407
2261    15.2476530075
2264    15.2800869942
2310    15.3240029812
2241    15.3648450375
2221    15.395624876
2225    15.428030014
2222    15.4579219818
2207    15.4929628372
2210    15.5310099125
2197    15.5718748569
2186    15.6086878777
2192    15.6423890591
2247    15.6760449409
2164    15.7177028656
2165    15.7428100109
2241    15.7789869308
2149    15.8131048679
2144    15.8540270329
2153    15.8775298595
2152    15.9114470482
2141    15.959717989
2140    16.00243783
2134    16.0433568954
2145    16.074532032
2122    16.1026229858
2126    16.1387040615
2123    16.1875128746
2118    16.2230679989
2122    16.2497148514
2120    16.2867228985
2116    16.3228180408
2110    16.3652989864
2189    16.3978090286
2115    16.4254460335
2124    16.4578459263
2119    16.4902980328
2126    16.5277788639
2119    16.560281992
2104    16.5927829742
2104    16.6202440262
2105    16.6527118683
2105    16.6851320267
2098    16.7125449181
2183    16.7500858307
2102    16.7775380611
2109    16.809967041
2105    16.837515831
2104    16.8699769974
2102    16.9027819633
2105    16.9506139755
2173    16.9984128475
2106    17.0414419174
2106    17.0797169209
2115    17.1069710255
2111    17.1393170357
2103    17.171681881
2096    17.2039289474
2111    17.2361960411
2104    17.272261858
2105    17.3150889874
2116    17.3541169167
2128    17.3790428638
2185    17.4110529423
2121    17.4473938942
2190    17.485724926
2117    17.5138459206
2143    17.5509040356
2128    17.5888938904
2142    17.6195628643
2145    17.6502418518
2134    17.6822328568
2134    17.7154328823
2138    17.7619659901
2125    17.7992069721
2145    17.8298609257
