2128    0.0383019447327
2136    0.0815830230713
2205    0.129343986511
2135    0.162014007568
2142    0.193376064301
2149    0.237402915955
2214    0.270547151566
2174    0.30619096756
2181    0.343878984451
2207    0.368613004684
2186    0.406140089035
2210    0.444251060486
2301    0.487645149231
2234    0.53408908844
2255    0.567036151886
2271    0.594069957733
2288    0.621881008148
2351    0.655303001404
2313    0.681265115738
2300    0.714517116547
2303    0.745615959167
2309    0.778362989426
2315    0.815876960754
2338    0.838226079941
2337    0.880562067032
2332    0.912928104401
2330    0.945168972015
2328    0.9775390625
2336    1.01751899719
2401    1.05563998222
2331    1.09865093231
2331    1.13176107407
2320    1.16727399826
2344    1.20042800903
2341    1.22849392891
2376    1.2641210556
2371    1.29474210739
2456    1.32628393173
2387    1.36287498474
2402    1.39473104477
2481    1.43783807755
2480    1.46807003021
2421    1.51153802872
2437    1.54989910126
2453    1.58757710457
2466    1.6327009201
2479    1.67096209526
2482    1.70432901382
2496    1.73764204979
2494    1.78520512581
2482    1.81442904472
2474    1.84404492378
2456    1.8789601326
2461    1.90908908844
2517    1.93911004066
2408    1.97551894188
2448    2.0213470459
2435    2.05459308624
2346    2.09800314903
2344    2.14133810997
2341    2.18411612511
2331    2.21223497391
2331    2.24488806725
2313    2.27690601349
2326    2.30889701843
2303    2.34634304047
2296    2.38941001892
2301    2.42729592323
2297    2.45297908783
2355    2.48649811745
2281    2.51506114006
2270    2.54733204842
2273    2.58204603195
2266    2.60876703262
2255    2.6457259655
2243    2.68412709236
2238    2.71222114563
2245    2.74874210358
2216    2.79169011116
2232    2.82442808151
2211    2.8632569313
2210    2.90669512749
2188    2.93663191795
2200    2.96669912338
2203    3.00188493729
2198    3.03181004524
2270    3.06170511246
2181    3.09671211243
2175    3.13210511208
2179    3.1656999588
2179    3.19909596443
2175    3.24249196053
2157    3.28093409538
2170    3.31279706955
2168    3.34165692329
2240    3.3736000061
2163    3.41557002068
2149    3.45309495926
2158    3.49049210548
2200    3.53386712074
2135    3.57189512253
2198    3.60320305824
2124    3.64018297195
2110    3.67257499695
2169    3.710034132
2111    3.75851607323
2099    3.78660392761
2120    3.82703995705
2118    3.8661339283
2134    3.90957403183
2155    3.94796800613
2169    3.99627494812
2182    4.03480195999
2200    4.06157398224
2206    4.09477806091
2218    4.13935899734
2209    4.17265415192
2279    4.21469211578
2213    4.25799608231
2216    4.29658699036
2224    4.34017014503
2216    4.38371801376
2243    4.43478107452
2264    4.46715712547
2258    4.4945909977
2335    4.53244805336
2264    4.57564711571
2273    4.61908507347
2283    4.65739607811
2286    4.70056796074
2290    4.73160409927
2303    4.75973415375
2293    4.79266405106
2315    4.82530212402
2316    4.85298800468
2343    4.89115810394
2332    4.92980194092
2421    4.97272109985
2366    5.01946997643
2371    5.05820703506
2444    5.08434796333
2451    5.11783599854
2388    5.16103506088
2390    5.19905304909
2407    5.22955799103
2394    5.26544094086
2407    5.30347800255
2416    5.34345793724
2427    5.38191914558
2426    5.42270994186
2438    5.45609498024
2436    5.48455810547
2454    5.5179669857
2462    5.5568189621
2481    5.60545802116
2476    5.64851307869
2497    5.68707108498
2512    5.73076295853
2544    5.76888394356
2547    5.80014896393
2550    5.83526992798
2620    5.87533807755
2559    5.91557908058
2599    5.95873808861
2615    5.98928904533
2632    6.019947052
2640    6.0525970459
2653    6.09596300125
2646    6.13913393021
2655    6.17986702919
2659    6.21889805794
2640    6.26218104362
2610    6.30047011375
2599    6.32867503166
2559    6.38193202019
2554    6.42586493492
2559    6.46416401863
2558    6.51222610474
2541    6.54587602615
2540    6.57415103912
2540    6.60751795769
2524    6.64588809013
2512    6.67908501625
2498    6.71984410286
2492    6.75598907471
2466    6.7973139286
2468    6.83528113365
2450    6.87685799599
2456    6.90255308151
2446    6.94337391853
2428    6.9903421402
2423    7.0331799984
2414    7.07531809807
2393    7.11358094215
2379    7.15686798096
2382    7.1836180687
2361    7.21960091591
2444    7.25161314011
2367    7.27846002579
2349    7.31159901619
2352    7.33937811852
2348    7.37271809578
2355    7.42015194893
2407    7.45788311958
2328    7.48994493484
2337    7.53317713737
2314    7.57686114311
2318    7.61371803284
2394    7.64497303963
2311    7.67813396454
2323    7.70793199539
2325    7.7497150898
2310    7.78801012039
2300    7.83154511452
2374    7.87018108368
2300    7.89879798889
2300    7.93226408958
2300    7.98575901985
2291    8.02833509445
2299    8.05526304245
2279    8.08848309517
2281    8.13183403015
2286    8.17338609695
2292    8.21132206917
2294    8.24295210838
2286    8.27113509178
2289    8.30384993553
2284    8.33807706833
2276    8.38152313232
2291    8.40670204163
2293    8.44190096855
2294    8.47105503082
2297    8.51133108139
2282    8.54959607124
2283    8.59304499626
2284    8.6315510273
2283    8.67475700378
2281    8.71276307106
2277    8.74535393715
2293    8.78234505653
2302    8.80991411209
2299    8.83743214607
2300    8.86994099617
2299    8.9125020504
2316    8.94014596939
2314    8.97270512581
2335    9.00528597832
2353    9.04288697243
2354    9.08039498329
2348    9.11298704147
2364    9.14555311203
2379    9.17822313309
2387    9.21132111549
2392    9.24939012527
2407    9.29270911217
2427    9.32332015038
2446    9.35900402069
2454    9.39959812164
2473    9.43026995659
2480    9.4608271122
2472    9.49653506279
2491    9.53221297264
2486    9.56768703461
2506    9.61049604416
2497    9.65326094627
2496    9.69668507576
2504    9.72012114525
2588    9.7587389946
2520    9.79682207108
2534    9.82709908485
2537    9.85562896729
2559    9.8883330822
2559    9.92493796349
2556    9.9529800415
2580    9.99470901489
2586    10.0322439671
2596    10.0752100945
2670    10.1019010544
2613    10.1339609623
2623    10.1700310707
2620    10.2123651505
2668    10.2401609421
2569    10.2709081173
2556    10.3041629791
2521    10.3468210697
2479    10.3901760578
2463    10.427259922
2397    10.4706439972
2382    10.5137369633
2360    10.5554609299
2363    10.5921370983
2351    10.6339199543
2339    10.676005125
2330    10.7138631344
2319    10.7525401115
2380    10.7806370258
2312    10.8155250549
2290    10.8517730236
2288    10.8897061348
2282    10.9166140556
2270    10.9486031532
2261    10.9854049683
2237    11.0163469315
2249    11.048197031
2219    11.0917069912
2281    11.1345469952
2210    11.1679000854
2194    11.2001080513
2198    11.2319350243
2195    11.2790811062
2183    11.3171391487
2184    11.3551580906
2183    11.3970739841
2162    11.4357540607
2165    11.4792511463
2164    11.5177221298
2142    11.5559310913
2141    11.589892149
2138    11.6215450764
2137    11.6688430309
2144    11.7056019306
2146    11.7351861
2134    11.7631421089
2142    11.7981331348
2134    11.828083992
2147    11.8714549541
2157    11.9084439278
2163    11.9414069653
2174    11.9781019688
2165    12.0199971199
2172    12.0554280281
2161    12.0985951424
2160    12.145537138
2162    12.1795430183
2234    12.222728014
2165    12.2645070553
2149    12.302947998
2148    12.3462669849
2149    12.3840560913
2132    12.4173710346
2141    12.4419670105
2136    12.4811019897
2132    12.5190639496
2137    12.5471761227
2135    12.5892560482
2137    12.6251370907
2137    12.6634631157
2137    12.6965460777
2142    12.7299470901
2148    12.7630319595
2158    12.7934010029
2153    12.8265500069
2164    12.8648710251
2164    12.8931119442
2173    12.9301869869
2241    12.9610369205
2165    12.999423027
2233    13.0432059765
2161    13.0769720078
2162    13.1077690125
2171    13.1461720467
2172    13.1832280159
2168    13.2150130272
2161    13.2469630241
2175    13.2787840366
2172    13.3154859543
2164    13.3472440243
2163    13.3796670437
2180    13.40893507
2171    13.4415299892
2196    13.4737560749
2208    13.5171561241
2303    13.560240984
2240    13.598760128
2321    13.6268420219
2266    13.6615009308
2259    13.701084137
2279    13.7256970406
2276    13.7603030205
2270    13.7914130688
2288    13.8245959282
2281    13.8629510403
2297    13.9064369202
2299    13.9497189522
2303    13.9880819321
2310    14.0313799381
2335    14.0744709969
2329    14.1177699566
2347    14.1542921066
2349    14.1852490902
2358    14.217208147
2364    14.2518861294
2372    14.2784049511
2366    14.3121590614
2372    14.33938694
2371    14.3829741478
2400    14.4360229969
2404    14.4699831009
2414    14.5014209747
2424    14.5329470634
2421    14.5645389557
2530    14.5963430405
2454    14.6278550625
2455    14.6560540199
2477    14.6927831173
2467    14.7343800068
2467    14.7725059986
2464    14.8008811474
2448    14.8377349377
2442    14.8735809326
2416    14.9072380066
2404    14.9364609718
2390    14.9694581032
2381    15.0128560066
2361    15.0438079834
2326    15.0864701271
2319    15.1295399666
2320    15.1671681404
2326    15.2029321194
2303    15.2360799313
2294    15.279127121
2290    15.3198699951
2296    15.3526930809
2270    15.3954529762
2259    15.4389929771
2244    15.4821219444
2242    15.5177941322
2299    15.5509009361
2227    15.5940890312
2216    15.6373250484
2214    15.6893260479
2217    15.7227680683
2187    15.7612130642
2197    15.7990109921
2175    15.8267540932
2183    15.8651280403
2163    15.9030749798
2168    15.933642149
2164    15.9659819603
2157    15.9969620705
2149    16.0301039219
2149    16.0732791424
2134    16.1064851284
2211    16.1396830082
2207    16.1735720634
2143    16.2119591236
2127    16.2503840923
2124    16.2837121487
2122    16.3270919323
2117    16.3702380657
2186    16.4081230164
2111    16.4389030933
2122    16.4821000099
2123    16.5112159252
2118    16.5402870178
2181    16.5693891048
2126    16.6035101414
2103    16.6378390789
2119    16.6762621403
2175    16.7046380043
2104    16.7399251461
2109    16.7780330181
2102    16.8137080669
2104    16.8505549431
2104    16.883564949
2100    16.9255390167
2100    16.9688339233
2104    16.9971220493
2102    17.0292959213
2111    17.0608570576
2101    17.0948650837
2115    17.1239409447
2105    17.1580481529
2111    17.1922459602
2110    17.216258049
2105    17.2506999969
2106    17.2934060097
2104    17.3316631317
2109    17.3749670982
2103    17.4183001518
2111    17.4543740749
2096    17.4859070778
2101    17.5291631222
2101    17.5725989342
2103    17.6099729538
