894    0.0322790145874
893    0.0707402229309
893    0.102635145187
877    0.133012056351
872    0.166563034058
877    0.198668003082
874    0.227034091949
842    0.260088205338
839    0.288416147232
873    0.326514005661
857    0.352986097336
845    0.388693094254
825    0.434698104858
824    0.480079174042
857    0.508574008942
842    0.540678024292
829    0.572496175766
823    0.614139080048
829    0.648842096329
826    0.682321071625
843    0.716418027878
780    0.755101203918
799    0.785922050476
802    0.822682142258
783    0.861115217209
836    0.899195194244
752    0.93660402298
765    0.970070123672
784    1.01293921471
715    1.04287719727
736    1.07292318344
737    1.10467600822
730    1.13603115082
701    1.16883301735
680    1.20173120499
717    1.22976207733
667    1.26219701767
664    1.2945702076
663    1.33193206787
609    1.36463618279
615    1.39465618134
565    1.42485904694
511    1.45320320129
511    1.49011206627
511    1.51667809486
474    1.54849505424
560    1.58036708832
445    1.6119530201
442    1.64771914482
390    1.68860316277
353    1.7257912159
302    1.76913499832
245    1.79936599731
227    1.83165502548
176    1.87508201599
172    1.91686701775
105    1.9536190033
140    1.99963116646
142    2.03810405731
124    2.06509613991
121    2.10148906708
156    2.13450217247
172    2.16430807114
207    2.19637012482
141    2.22850608826
124    2.27215218544
124    2.31616020203
210    2.35448503494
211    2.38520216942
176    2.41617107391
175    2.44442510605
193    2.49292421341
209    2.53115510941
207    2.56900501251
207    2.60665416718
227    2.64549517632
245    2.6890771389
255    2.73202013969
255    2.76878619194
255    2.80063509941
284    2.8439822197
243    2.88613510132
286    2.92452716827
230    2.95805716515
228    3.00124120712
255    3.02683901787
255    3.05804800987
369    3.08619904518
287    3.11992621422
303    3.1539170742
285    3.19892907143
323    3.23893117905
335    3.27894306183
371    3.30900716782
319    3.33895301819
366    3.37419605255
373    3.40401721001
354    3.4339401722
424    3.46889209747
392    3.49877214432
390    3.5300321579
372    3.56170320511
333    3.61010122299
410    3.6538631916
425    3.68719410896
420    3.720952034
387    3.75771021843
406    3.79348707199
421    3.82232999802
442    3.86186599731
439    3.90045619011
457    3.93844819069
455    3.97005009651
462    4.00108408928
455    4.03644299507
477    4.06745815277
494    4.0983300209
487    4.14527106285
508    4.17883706093
507    4.21204209328
509    4.2448220253
595    4.28808808327
562    4.33349013329
563    4.36607122421
614    4.4014570713
630    4.44455909729
582    4.47793507576
580    4.51144719124
615    4.55430412292
615    4.58426213264
619    4.61443400383
615    4.64580416679
684    4.67787718773
647    4.7209341526
648    4.75887322426
665    4.80226111412
699    4.84548211098
639    4.88741922379
685    4.92928719521
687    4.96084499359
687    5.00315022469
686    5.03913116455
701    5.08240699768
719    5.12478518486
705    5.15160012245
700    5.18438601494
694    5.21261310577
772    5.24890899658
717    5.29236412048
717    5.3358361721
717    5.37866806984
733    5.41634321213
754    5.44949817657
703    5.47566914558
747    5.50905013084
751    5.54226613045
753    5.57809901237
750    5.62182021141
770    5.65520000458
769    5.69114112854
817    5.71578407288
767    5.75078320503
767    5.79573202133
785    5.83788204193
767    5.87239217758
770    5.91092014313
783    5.95460605621
835    5.99377417564
785    6.03198313713
784    6.06463813782
785    6.10806512833
780    6.15185117722
824    6.18525910378
799    6.21304702759
826    6.25628519058
822    6.28457713127
824    6.32142710686
825    6.35930109024
846    6.38835215569
835    6.42252206802
840    6.45694518089
843    6.48397922516
839    6.5381770134
839    6.58632302284
858    6.59399914742
846    6.62739515305
0    6.66091108322
855    6.67955517769
859    6.70239520073
853    6.72810912132
860    6.77337622643
826    6.78023815155
824    6.81679821014
0    6.8486020565
861    6.85645222664
876    6.88148522377
870    6.90174412727
878    6.93793511391
873    6.97471809387
860    6.98629999161
926    7.00950407982
0    7.04554319382
876    7.04901599884
874    7.08724021912
0    7.12099814415
857    7.12444806099
855    7.16285300255
895    7.19659304619
940    7.23538208008
939    7.2590470314
889    7.29255008698
890    7.32119011879
877    7.35487222672
875    7.38365221024
892    7.4223921299
944    7.45640301704
870    7.48859810829
874    7.52647900581
894    7.56324720383
873    7.60146021843
902    7.6496732235
873    7.68783712387
893    7.72619605064
869    7.76947808266
924    7.79771518707
958    7.83099317551
869    7.87409520149
876    7.91375517845
876    7.95719909668
869    8.00565505028
858    8.04723000526
895    8.07910203934
889    8.12229418755
843    8.15110301971
911    8.18156814575
874    8.2152671814
838    8.24764704704
874    8.27745318413
859    8.30540418625
860    8.34157299995
869    8.36746311188
835    8.40289902687
799    8.44372606277
788    8.47556018829
787    8.50850319862
789    8.54033303261
767    8.5832631588
805    8.61380410194
767    8.65724301338
717    8.70081806183
755    8.73871922493
719    8.76682400703
718    8.80189204216
783    8.8320441246
716    8.87745213509
700    8.91624808311
697    8.94351410866
713    8.98129916191
684    9.02466320992
717    9.06299901009
700    9.09123301506
617    9.12489509583
617    9.16620612144
634    9.20947909355
661    9.26854515076
661    9.30767822266
597    9.31527400017
510    9.35502409935
614    9.38720703125
489    9.43064022064
511    9.47367215157
425    9.51198601723
425    9.55533909798
388    9.59346818924
351    9.62670111656
319    9.67019701004
301    9.69818305969
298    9.73470807076
282    9.77338504791
283    9.82167315483
286    9.85482215881
303    9.88855600357
351    9.93141818047
285    9.97452807426
319    10.008452177
285    10.0417129993
283    10.0751152039
255    10.113546133
317    10.1418881416
352    10.1751480103
355    10.2142460346
353    10.2505970001
351    10.2875552177
423    10.3349871635
441    10.3678510189
424    10.3950350285
421    10.4276251793
425    10.4636170864
423    10.4961481094
460    10.5319871902
405    10.5796370506
441    10.6231820583
474    10.6663451195
425    10.704447031
442    10.7321231365
442    10.7651321888
470    10.808368206
458    10.8352530003
471    10.8683121204
495    10.9000461102
461    10.9418752193
457    10.9799690247
479    11.0170590878
511    11.0514221191
495    11.0873241425
494    11.1249980927
476    11.1533520222
476    11.1901051998
494    11.222438097
542    11.2540011406
543    11.2858672142
489    11.3296511173
509    11.3708641529
509    11.4246351719
511    11.4629621506
510    11.4904270172
549    11.5240011215
511    11.5562751293
565    11.5880651474
564    11.6219182014
564    11.6456720829
561    11.6843631268
546    11.7113480568
585    11.7533111572
599    11.7913701534
582    11.8248381615
579    11.863255024
600    11.8970310688
600    11.9354381561
600    11.9693760872
618    12.0086340904
613    12.0520792007
616    12.0907351971
633    12.1393420696
615    12.1777632236
614    12.2096869946
653    12.2466840744
651    12.2801790237
649    12.3135712147
664    12.3502080441
627    12.3843841553
660    12.4131441116
685    12.4505670071
680    12.4776690006
685    12.510915041
680    12.5677092075
748    12.6122341156
698    12.6548521519
679    12.6830692291
695    12.715788126
696    12.743871212
718    12.7820150852
719    12.8201291561
712    12.8515181541
717    12.8950312138
717    12.9334471226
715    12.9654471874
717    13.0063941479
783    13.0397150517
751    13.0831201077
767    13.1262800694
751    13.1697361469
771    13.2083120346
787    13.2467620373
754    13.2793290615
749    13.3092820644
799    13.3423089981
782    13.3805692196
799    13.4239761829
799    13.4673511982
825    13.5054061413
823    13.5486500263
826    13.5862550735
823    13.6186630726
826    13.6564362049
839    13.6940050125
826    13.7247481346
862    13.7555580139
860    13.7880730629
843    13.8306360245
818    13.8686521053
827    13.9004671574
828    13.9314579964
836    13.9683561325
840    14.0112640858
855    14.0450310707
907    14.07842803
857    14.1054441929
856    14.1385920048
860    14.1775522232
846    14.2088391781
842    14.2405610085
858    14.2837040424
856    14.3141031265
855    14.3576021194
843    14.4060029984
844    14.4493510723
870    14.4875991344
825    14.5195519924
804    14.5478110313
797    14.5839102268
799    14.6223301888
799    14.650742054
767    14.6841051579
766    14.7274930477
785    14.7702260017
815    14.8139271736
803    14.8577711582
753    14.9003140926
746    14.9359540939
753    14.9718542099
756    15.009483099
753    15.047932148
733    15.0800461769
734    15.1145730019
754    15.1492741108
737    15.1738541126
736    15.2086451054
731    15.2384941578
734    15.2732970715
729    15.3029811382
719    15.3326261044
722    15.3672780991
740    15.4020130634
787    15.4266281128
732    15.4612951279
699    15.4910252094
719    15.5256860256
704    15.5654201508
687    15.5900871754
686    15.6252272129
695    15.6617951393
719    15.7152202129
702    15.7509801388
687    15.7833611965
678    15.8155062199
647    15.8584620953
681    15.9018831253
687    15.9378900528
686    15.9770071507
683    16.0139360428
684    16.0507290363
713    16.0941991806
679    16.1316280365
752    16.1631250381
700    16.1953811646
716    16.2293031216
712    16.267578125
718    16.3002820015
699    16.3324210644
734    16.3759660721
736    16.41416502
729    16.4450950623
739    16.4855542183
753    16.523733139
787    16.555588007
783    16.5857770443
781    16.6164610386
805    16.6481060982
856    16.6780362129
807    16.7133030891
845    16.7515690327
843    16.7842571735
890    16.817232132
834    16.860432148
860    16.904938221
877    16.947078228
874    16.984498024
874    17.0172970295
874    17.04819417
877    17.0795180798
924    17.1279740334
894    17.165197134
906    17.2035241127
887    17.231880188
920    17.2650420666
885    17.2919290066
927    17.3250291348
926    17.3611500263
908    17.399638176
973    17.4427242279
910    17.4816172123
910    17.5246732235
927    17.5624160767
910    17.5911149979
958    17.6287031174
908    17.6664180756
922    17.7097671032
901    17.747961998
953    17.7791380882
907    17.822576046
921    17.8629441261
905    17.8917300701
907    17.9387362003
894    17.9719460011
927    18.0078530312
