921    0.0341420173645
889    0.0776569843292
875    0.121392011642
861    0.14502286911
857    0.178775072098
854    0.212476015091
924    0.246093034744
861    0.282420873642
908    0.320498943329
877    0.351978063583
860    0.395673036575
858    0.434596061707
818    0.478471040726
855    0.522579908371
798    0.549149036407
842    0.582363843918
845    0.610990047455
836    0.645015954971
822    0.689753055573
803    0.742115974426
822    0.785783052444
824    0.829051971436
767    0.866240978241
788    0.898567914963
762    0.931030988693
753    0.963495969772
753    1.00046992302
770    1.03331398964
767    1.0685210228
697    1.09681105614
700    1.12534594536
703    1.16060090065
686    1.20926785469
668    1.24032592773
650    1.27326583862
697    1.30171489716
633    1.33604097366
649    1.37976503372
661    1.42195987701
579    1.45836091042
595    1.48622703552
575    1.52054905891
510    1.56360387802
457    1.60981988907
430    1.64352297783
388    1.6757979393
354    1.71312999725
318    1.76137185097
243    1.80608391762
255    1.84347295761
207    1.87572288513
157    1.92956089973
177    1.96187901497
175    1.9940059185
157    2.02292585373
158    2.06096792221
137    2.08719706535
173    2.11609196663
172    2.14910197258
139    2.18131399155
203    2.22724699974
155    2.2695748806
175    2.31326889992
175    2.34877705574
241    2.38097691536
209    2.41335606575
174    2.44568991661
206    2.48771500587
210    2.52042984962
211    2.55309391022
194    2.58065390587
191    2.61323904991
245    2.65587997437
227    2.68858003616
228    2.72172188759
226    2.74870085716
191    2.78377795219
247    2.81379103661
246    2.84918284416
245    2.88774490356
255    2.93052387238
246    2.96942591667
286    3.00249886513
282    3.04640483856
255    3.08500790596
335    3.11650800705
335    3.14708995819
318    3.17660784721
284    3.20859193802
303    3.24280905724
333    3.28141999245
319    3.31384897232
319    3.34650492668
285    3.38551688194
331    3.41420197487
316    3.45015001297
351    3.48748993874
353    3.52418494225
335    3.57145905495
367    3.59971094131
371    3.63325095177
371    3.66473984718
355    3.70806789398
405    3.75225901604
372    3.79311394691
388    3.82143306732
473    3.86062288284
425    3.89691901207
508    3.94114089012
405    3.97948789597
490    4.00736284256
436    4.04172801971
459    4.06854486465
509    4.10473799706
459    4.13057494164
479    4.16689801216
496    4.19792699814
493    4.23143601418
494    4.26043796539
509    4.29440784454
511    4.33855700493
506    4.36272501945
511    4.39674496651
567    4.43089485168
565    4.45535898209
575    4.49456906319
565    4.52360296249
543    4.56660103798
581    4.60041189194
599    4.6430079937
596    4.68265986443
613    4.72136306763
614    4.75387787819
632    4.78043794632
636    4.81267499924
631    4.84498405457
632    4.89204406738
649    4.93444705009
670    4.96175098419
661    5.00486207008
665    5.04715800285
685    5.09436798096
684    5.12673997879
687    5.15938687325
677    5.18971204758
696    5.23340606689
698    5.2776620388
719    5.32154297829
721    5.36484193802
763    5.40384984016
733    5.43116998672
734    5.46342897415
717    5.50697898865
734    5.5491528511
737    5.57604384422
751    5.60833096504
751    5.64031100273
837    5.67924189568
767    5.7082529068
755    5.74219894409
754    5.77103996277
786    5.80501389503
767    5.83390307426
784    5.8793990612
783    5.92329287529
785    5.95984601974
799    5.98864388466
783    6.0175139904
785    6.06073498726
799    6.10324597359
767    6.14046096802
854    6.17117285728
829    6.20957684517
790    6.24802398682
805    6.27682304382
805    6.30902504921
850    6.3531908989
824    6.39650392532
805    6.43008804321
799    6.47269105911
860    6.51635289192
841    6.55520391464
858    6.59886789322
824    6.63598799706
835    6.67994904518
842    6.72586107254
838    6.75929188728
836    6.78803706169
838    6.82115507126
842    6.86379384995
857    6.90213799477
841    6.94604706764
856    6.98992800713
857    7.028195858
857    7.07227396965
871    7.12164592743
855    7.15999293327
876    7.19294595718
873    7.23732495308
926    7.27670502663
857    7.32035303116
876    7.35481595993
872    7.3836710453
873    7.42259192467
938    7.46207284927
960    7.51162195206
885    7.5433139801
874    7.58638286591
891    7.62574005127
892    7.6693379879
894    7.71218085289
895    7.74847793579
873    7.77722907066
871    7.81119799614
869    7.85063004494
906    7.88433504105
890    7.91277289391
895    7.94910502434
891    7.99268984795
894    8.03153586388
890    8.07427096367
877    8.11326384544
871    8.15721797943
873    8.20140385628
852    8.23970603943
878    8.26651597023
921    8.29642295837
856    8.34030890465
873    8.37892603874
839    8.42251896858
839    8.46138691902
854    8.50431084633
838    8.54740691185
824    8.58665585518
802    8.62876701355
787    8.65784788132
802    8.70226502419
817    8.74164700508
804    8.78104901314
749    8.81545686722
779    8.85237407684
714    8.89729189873
719    8.92420196533
734    8.96617698669
752    9.02820086479
737    9.05838704109
717    9.10017085075
683    9.13893795013
665    9.1829328537
682    9.22170591354
751    9.2527089119
670    9.28368401527
616    9.31411194801
612    9.34774303436
628    9.37568998337
645    9.40939593315
598    9.45331501961
646    9.49744796753
562    9.53546905518
595    9.56308484077
575    9.59680986404
494    9.63558006287
477    9.6693110466
473    9.69944787025
442    9.72970485687
437    9.75705194473
421    9.79085087776
391    9.82079100609
388    9.85203003883
435    9.89565992355
286    9.93923902512
285    9.98305487633
318    10.0207018852
210    10.0578799248
255    10.0942220688
285    10.1328580379
303    10.187967062
319    10.2218649387
315    10.2462639809
255    10.2806749344
319    10.3152189255
318    10.3773310184
351    10.4158880711
438    10.4584400654
406    10.4973649979
389    10.5415229797
370    10.5791630745
440    10.6152169704
439    10.6624679565
423    10.6948628426
441    10.7372939587
494    10.764854908
421    10.8072948456
488    10.8334748745
458    10.8625268936
442    10.8962090015
492    10.9246418476
542    10.9583370686
493    11.0023260117
458    11.0420570374
458    11.0855460167
474    11.1238758564
457    11.163312912
475    11.1918740273
494    11.2276389599
457    11.2599048615
494    11.3087248802
491    11.3527450562
475    11.3913750648
542    11.4336469173
488    11.4775760174
511    11.5159418583
547    11.5593209267
549    11.5985219479
511    11.6512708664
511    11.685270071
542    11.7193639278
591    11.7611448765
561    11.7945010662
568    11.8178069592
563    11.8560729027
548    11.8843369484
581    11.9174640179
563    11.9458260536
583    11.974572897
583    12.0185830593
583    12.0582120419
600    12.0971779823
598    12.1284599304
594    12.1596460342
616    12.1910328865
614    12.2237398624
611    12.2622458935
613    12.2913398743
633    12.3278210163
633    12.3716208935
632    12.4179968834
647    12.4560339451
667    12.4999408722
631    12.5424170494
648    12.5765559673
665    12.6057109833
683    12.6397149563
668    12.6687948704
687    12.7127399445
701    12.7510089874
697    12.7895190716
702    12.8324129581
685    12.8707640171
722    12.9020900726
715    12.9318230152
702    12.9640409946
729    13.0066459179
729    13.0505239964
716    13.0894248486
715    13.1330389977
730    13.171877861
734    13.2048220634
735    13.2438690662
797    13.2767970562
817    13.3132798672
734    13.3511970043
749    13.3940439224
783    13.4379010201
750    13.473377943
767    13.5110468864
831    13.5481028557
782    13.576884985
796    13.6102888584
796    13.6392400265
804    13.6678130627
799    13.7058360577
818    13.7330639362
799    13.7664880753
824    13.8203308582
804    13.8465130329
843    13.882958889
843    13.9071559906
845    13.9518358707
838    13.9933140278
824    14.0371160507
823    14.0809059143
909    14.1209180355
853    14.159170866
855    14.1980400085
835    14.2308540344
857    14.2632579803
839    14.3012490273
855    14.3379700184
905    14.3768320084
841    14.4203670025
889    14.4589920044
843    14.4925148487
907    14.5184018612
856    14.5519979
888    14.5836999416
820    14.6279380322
842    14.679309845
824    14.7068789005
799    14.7359089851
824    14.7651998997
849    14.8007230759
802    14.8395140171
830    14.8832190037
831    14.9219739437
784    14.9495699406
766    15.0036098957
813    15.0357329845
780    15.0786619186
785    15.1199009418
764    15.1643769741
749    15.2023129463
748    15.2327709198
752    15.2607240677
736    15.2973408699
736    15.3361649513
736    15.3682630062
736    15.405411005
738    15.4548368454
739    15.4860060215
752    15.5140450001
750    15.5510320663
712    15.5894348621
698    15.6213729382
750    15.6489419937
698    15.6830809116
719    15.7099819183
715    15.7711939812
715    15.8210499287
697    15.8293030262
686    15.8641529083
0    15.8941309452
702    15.9005608559
699    15.9346389771
698    15.9662709236
698    16.0022799969
686    16.0284700394
702    16.0623688698
697    16.0902209282
683    16.1291129589
683    16.1627728939
696    16.2003610134
683    16.2341139317
699    16.2628149986
722    16.2988870144
719    16.3420789242
699    16.3806760311
747    16.4247670174
683    16.4656400681
701    16.5062558651
716    16.5456328392
745    16.5899050236
769    16.6283669472
728    16.6548058987
746    16.6890189648
754    16.7230870724
771    16.7647829056
767    16.8034849167
783    16.8467359543
785    16.8900699615
783    16.9327340126
799    16.9767410755
802    17.0164129734
839    17.0604858398
845    17.103579998
860    17.137693882
855    17.1718959808
837    17.2159600258
875    17.2529449463
890    17.2962989807
892    17.3453199863
908    17.3736329079
943    17.4063999653
941    17.438644886
891    17.4677710533
905    17.4990530014
927    17.5315668583
947    17.5705580711
927    17.6080470085
926    17.6355910301
919    17.668227911
924    17.7079348564
907    17.7455260754
943    17.7926368713
907    17.8264889717
907    17.8593149185
906    17.8906390667
970    17.934335947
977    17.9729828835
934    18.0056459904
