856    0.0278370380402
917    0.0609180927277
858    0.089565038681
879    0.12623000145
876    0.15823507309
874    0.20044708252
861    0.238851070404
845    0.267334222794
835    0.298785209656
901    0.331306219101
838    0.375605106354
841    0.402226209641
837    0.431601047516
862    0.465779066086
852    0.500267028809
839    0.529448032379
838    0.572062015533
805    0.612897157669
827    0.65139913559
823    0.694907188416
869    0.739051103592
787    0.777900218964
769    0.816697120667
756    0.8485891819
799    0.879682064056
752    0.910484075546
733    0.949515104294
731    0.985449075699
681    1.02938604355
682    1.06883311272
695    1.1118721962
649    1.14991617203
633    1.18211317062
615    1.21298503876
600    1.24436116219
567    1.27545714378
564    1.30656409264
511    1.35008811951
444    1.39803504944
406    1.43718409538
389    1.46672415733
303    1.50052809715
301    1.53855419159
243    1.57150411606
287    1.61574411392
255    1.65966510773
212    1.71332216263
102    1.74687218666
139    1.77799510956
140    1.81516122818
138    1.85012817383
156    1.88429117203
157    1.91260313988
156    1.95129323006
158    1.97503519058
142    2.01389718056
176    2.05523300171
177    2.09169507027
177    2.12274312973
188    2.15981006622
201    2.20434999466
195    2.24423313141
177    2.28044509888
211    2.31160020828
207    2.34026002884
174    2.3736550808
192    2.40909099579
204    2.46342921257
191    2.49635720253
223    2.54002118111
224    2.58375406265
207    2.61762309074
301    2.65122818947
244    2.68497920036
284    2.71055722237
291    2.7547390461
244    2.79359006882
283    2.83795118332
243    2.87678003311
284    2.90917801857
298    2.95294117928
255    2.99103808403
348    3.02515506744
318    3.06883215904
298    3.11806416512
283    3.15671801567
335    3.19234108925
318    3.21845507622
314    3.25480604172
388    3.29229211807
354    3.32235217094
389    3.36746406555
355    3.40230822563
392    3.43726301193
391    3.47891902924
403    3.51781320572
403    3.55988407135
385    3.59029912949
426    3.62198019028
418    3.6535961628
424    3.6836681366
469    3.72788619995
457    3.76694512367
421    3.81113314629
494    3.86503005028
497    3.90242815018
511    3.9466240406
510    3.98560118675
511    4.02863001823
511    4.07265710831
562    4.10601401329
511    4.13906502724
561    4.16762018204
566    4.20834517479
565    4.24217414856
563    4.27877402306
601    4.3277361393
614    4.36193609238
616    4.39047122002
614    4.42530107498
614    4.46381402016
631    4.49787306786
612    4.52883601189
647    4.55943822861
648    4.58826518059
652    4.62158918381
713    4.67053818703
671    4.70824503899
684    4.75036215782
685    4.7895860672
746    4.81766605377
743    4.8520720005
737    4.88992714882
731    4.92355322838
718    4.95719814301
712    5.00026011467
719    5.03934001923
750    5.08883309364
771    5.1371421814
818    5.18075609207
765    5.21965003014
769    5.25189113617
773    5.28162002563
816    5.312541008
796    5.34671020508
828    5.38586401939
799    5.41483020782
799    5.44840121269
805    5.48855900764
826    5.51386213303
822    5.54939508438
826    5.57484412193
827    5.61082601547
834    5.64130806923
840    5.67162919044
842    5.7072122097
840    5.74752116203
829    5.77282714844
825    5.80831813812
857    5.83375120163
876    5.86915516853
862    5.89961719513
860    5.93018007278
861    5.96568107605
858    5.99110722542
894    6.03141403198
877    6.06679701805
890    6.0970621109
876    6.13251399994
895    6.15785121918
934    6.19874000549
890    6.23762702942
890    6.27638316154
933    6.30963301659
875    6.34417915344
905    6.38280320168
894    6.41206908226
924    6.44758915901
904    6.49105620384
924    6.52533912659
922    6.55454921722
909    6.58773207664
907    6.62422800064
921    6.66123509407
939    6.69388508797
920    6.72622323036
907    6.75867819786
924    6.79111123085
930    6.82327508926
944    6.86559915543
927    6.89302611351
926    6.9306101799
911    6.97205209732
908    7.00423312187
925    7.03647708893
924    7.07380509377
927    7.11131501198
905    7.14517211914
925    7.18300104141
926    7.21470308304
931    7.24719715118
927    7.29118204117
894    7.3355910778
926    7.37711119652
922    7.40565514565
930    7.44192314148
927    7.4713640213
923    7.50282001495
944    7.53379607201
889    7.56337213516
938    7.59801006317
930    7.62531399727
923    7.66908717155
930    7.71150922775
944    7.75037717819
927    7.79431414604
970    7.83221817017
910    7.86356115341
946    7.89133310318
988    7.92492508888
955    7.95565414429
920    7.98473215103
913    8.02136707306
895    8.06343317032
910    8.09471011162
926    8.13878917694
893    8.17690420151
897    8.20518803596
889    8.23907613754
907    8.26763510704
878    8.30152201653
892    8.33600211143
859    8.37483000755
877    8.41198420525
901    8.45926618576
843    8.4963722229
890    8.52649521828
874    8.56677818298
803    8.60082912445
798    8.63486719131
787    8.67864704132
829    8.7165350914
825    8.76051807404
824    8.79948210716
802    8.82588911057
787    8.86030602455
782    8.89881420135
786    8.93763899803
788    8.97633719444
734    9.01541805267
750    9.06229710579
787    9.09472513199
783    9.1272380352
733    9.17135119438
683    9.21052908897
701    9.23939418793
700    9.27161121368
677    9.30448317528
683    9.34372520447
632    9.38822722435
651    9.42079305649
597    9.44828414917
600    9.48073816299
597    9.50826001167
562    9.53075122833
566    9.56332111359
532    9.60100722313
548    9.64474320412
539    9.68222904205
510    9.71961903572
489    9.75558900833
461    9.78666114807
453    9.81779313087
441    9.84889817238
504    9.88500809669
422    9.92110514641
440    9.94866704941
511    9.98252606392
426    10.0151391029
423    10.0573840141
442    10.0953400135
485    10.1273281574
421    10.1707820892
458    10.2194859982
479    10.2591710091
475    10.3082811832
457    10.3476860523
458    10.3816571236
509    10.420648098
536    10.4633200169
489    10.5073771477
511    10.5462110043
510    10.5882620811
511    10.6242671013
509    10.6637032032
493    10.698390007
476    10.7337830067
511    10.7716610432
511    10.8140451908
492    10.8517291546
511    10.8828730583
491    10.9353270531
511    10.9680731297
508    11.0014760494
491    11.0398101807
510    11.0730061531
493    11.1014862061
511    11.1353271008
511    11.1691350937
511    11.2113380432
543    11.2492651939
511    11.292673111
511    11.3351910114
546    11.3738460541
532    11.4012441635
574    11.434484005
564    11.463394165
543    11.500262022
511    11.5392341614
546    11.5683381557
564    11.6023201942
583    11.6464080811
581    11.6853990555
597    11.7297291756
561    11.7638220787
581    11.7998042107
615    11.8486001492
615    11.8798332214
616    11.9108271599
603    11.9545521736
615    11.9937520027
612    12.0376842022
630    12.0766201019
631    12.1080260277
647    12.1518092155
708    12.1905481815
639    12.234400034
649    12.2792010307
646    12.3267261982
647    12.3651611805
709    12.4093151093
653    12.44749403
684    12.4800441265
685    12.5104892254
667    12.5391991138
664    12.5738251209
683    12.6222810745
680    12.6512601376
681    12.695207119
719    12.7395319939
695    12.7768201828
701    12.8042981625
713    12.8433330059
734    12.8810660839
701    12.9245660305
761    12.9633491039
717    13.0020720959
714    13.0343220234
722    13.0661151409
719    13.1100130081
734    13.1539170742
728    13.1921510696
749    13.2359700203
767    13.2748241425
776    13.3190860748
753    13.3580842018
767    13.396266222
767    13.4244661331
780    13.4582140446
785    13.5023519993
802    13.5464830399
799    13.5901870728
803    13.6270470619
849    13.666077137
817    13.7108030319
840    13.7442851067
840    13.7832291126
824    13.8260262012
844    13.8635411263
841    13.8972260952
838    13.9359440804
825    13.9645960331
854    13.9984240532
840    14.0296840668
826    14.073936224
839    14.1089651585
842    14.1523251534
841    14.1850790977
829    14.2116150856
827    14.2431361675
799    14.2754070759
799    14.3028972149
819    14.3473351002
802    14.3862271309
845    14.420550108
803    14.4597940445
783    14.5037810802
782    14.5326740742
804    14.5651011467
787    14.6098301411
767    14.6597552299
748    14.6933581829
767    14.737527132
783    14.78018713
752    14.8298251629
767    14.8605639935
751    14.903783083
736    14.9309771061
767    14.9634041786
737    14.9959890842
740    15.027089119
782    15.058327198
769    15.0958611965
730    15.140032053
748    15.1838030815
737    15.2309811115
738    15.2628772259
753    15.3069450855
763    15.345236063
699    15.3883020878
751    15.4321541786
718    15.471214056
719    15.4981060028
712    15.5271751881
748    15.5764181614
717    15.6202180386
702    15.6674392223
697    15.7004971504
718    15.731580019
719    15.7762391567
732    15.8154160976
716    15.8593950272
700    15.8981480598
778    15.9403650761
733    15.9711902142
736    16.0151941776
734    16.0591681004
715    16.0871500969
767    16.1207001209
763    16.1629421711
788    16.1902430058
809    16.2213540077
770    16.2531430721
767    16.2957382202
787    16.3336970806
780    16.3668880463
826    16.3993010521
823    16.4427771568
842    16.4819140434
856    16.5244011879
856    16.5583300591
856    16.5999991894
878    16.6337211132
841    16.6673641205
853    16.6996631622
890    16.7431781292
941    16.7744350433
876    16.8107180595
926    16.8470301628
903    16.8907151222
941    16.9269251823
905    16.9703030586
922    17.0073900223
940    17.0411441326
991    17.0760250092
937    17.110158205
960    17.139095068
957    17.1720061302
940    17.2058370113
943    17.2498581409
941    17.2837581635
924    17.3148870468
926    17.34714818
946    17.4044771194
946    17.4425070286
941    17.4476540089
942    17.4777891636
0    17.5133271217
926    17.5210711956
910    17.5620570183
911    17.5929431915
910    17.6204371452
907    17.646679163
906    17.6536750793
908    17.6908841133
0    17.7299661636
921    17.7362651825
913    17.7542800903
0    17.7896051407
949    17.7966370583
907    17.8296310902
0    17.8649470806
889    17.873467207
894    17.9038331509
0    17.9376261234
890    17.9464831352
906    17.9965670109
0    18.0304310322
