873    0.0309619903564
877    0.0620229244232
841    0.0931849479675
859    0.137623071671
844    0.185028076172
856    0.2225689888
888    0.275564908981
839    0.31346988678
903    0.357538938522
841    0.400677919388
830    0.427273035049
871    0.471591949463
831    0.514597892761
842    0.563733100891
819    0.60798406601
802    0.646903038025
820    0.690102100372
822    0.729202032089
803    0.783446073532
806    0.814712047577
779    0.858733892441
772    0.897787094116
753    0.941706895828
701    0.990786075592
716    1.03477907181
682    1.07263207436
684    1.1168050766
639    1.1555659771
611    1.18815803528
581    1.21566390991
583    1.24867010117
564    1.30809211731
511    1.34346699715
492    1.38722205162
442    1.41611289978
422    1.4505879879
401    1.49480390549
348    1.53432202339
301    1.57382011414
291    1.60208106041
210    1.63862490654
159    1.66491508484
157    1.70946907997
124    1.75286197662
121    1.78744196892
106    1.82175111771
141    1.86444497108
141    1.9063539505
204    1.95075106621
139    1.98526000977
139    2.01902103424
159    2.05826711655
124    2.10134100914
191    2.13410902023
177    2.16787910461
172    2.21160006523
159    2.24896407127
141    2.2794919014
139    2.32326507568
194    2.36603498459
229    2.40298008919
211    2.43536090851
209    2.47926092148
229    2.51816701889
255    2.56034898758
247    2.58666992188
246    2.62013792992
255    2.64853811264
255    2.68696808815
300    2.71583795547
255    2.75484609604
255    2.78720998764
255    2.83038592339
286    2.86828589439
285    2.8973801136
283    2.9355969429
297    2.97469902039
283    3.00197196007
282    3.03753590584
301    3.08135008812
327    3.12556505203
397    3.1594080925
366    3.18635511398
335    3.22151398659
335    3.26559495926
353    3.30902504921
368    3.35320806503
353    3.38901591301
368    3.42505908012
455    3.45214295387
407    3.48483705521
405    3.51709008217
406    3.54929089546
420    3.58168697357
386    3.61982297897
441    3.65768790245
441    3.70680999756
422    3.75106596947
477    3.79001092911
461    3.82090497017
456    3.85336995125
458    3.89741301537
492    3.93626189232
511    3.96760010719
511    4.01079010963
542    4.04997491837
543    4.07921910286
546    4.11817288399
575    4.15606307983
561    4.18764209747
580    4.23170590401
581    4.25828909874
618    4.29121804237
583    4.33507490158
613    4.37832808495
651    4.40453696251
650    4.44056892395
635    4.48958206177
668    4.52838802338
649    4.55719089508
669    4.59206604958
663    4.6274869442
664    4.66444611549
662    4.70866298676
718    4.74719905853
683    4.79642295837
734    4.8252799511
737    4.86568808556
703    4.90613102913
735    4.93147397041
736    4.96710300446
753    4.99750709534
731    5.03282189369
752    5.05753707886
799    5.09125304222
769    5.1217648983
752    5.15332794189
767    5.19060111046
815    5.22979903221
782    5.26397109032
764    5.29344701767
789    5.32740092278
826    5.37243390083
787    5.41182994843
799    5.45115208626
824    5.47945690155
822    5.51197600365
798    5.54488611221
827    5.58397197723
826    5.63640809059
843    5.67566800117
842    5.71834897995
858    5.75249409676
842    5.78557896614
839    5.82941198349
859    5.87323689461
858    5.90731501579
860    5.94007611275
856    5.98422789574
875    6.02243590355
893    6.06170296669
859    6.10545802116
897    6.13230895996
877    6.17687106133
893    6.22108793259
877    6.25689601898
893    6.28811097145
891    6.31728100777
909    6.35134792328
908    6.39927101135
906    6.44228506088
908    6.4812169075
908    6.52445697784
910    6.56856203079
904    6.60110092163
913    6.63859891891
927    6.67639088631
975    6.71049189568
901    6.74950194359
922    6.77889108658
925    6.81170797348
887    6.85442996025
924    6.8974339962
924    6.93621110916
907    6.97861504555
924    7.02226996422
925    7.0706911087
893    7.10361909866
913    7.13410806656
906    7.16443490982
902    7.20297193527
923    7.24080300331
975    7.27348995209
920    7.31793689728
935    7.35653805733
920    7.40023803711
945    7.44054889679
989    7.47991609573
924    7.51914691925
954    7.5629529953
927    7.60673594475
943    7.64550089836
923    7.68753695488
910    7.7251958847
926    7.76936292648
927    7.80851697922
924    7.85259389877
910    7.89434599876
924    7.9336130619
923    7.97737288475
905    8.01088690758
903    8.04432702065
942    8.0777759552
907    8.10609793663
930    8.14080190659
910    8.17968606949
912    8.21014404297
877    8.24238109589
936    8.28640198708
869    8.32051897049
890    8.35282111168
873    8.3969271183
842    8.43931007385
827    8.47628211975
841    8.5090649128
839    8.54347896576
824    8.5829410553
826    8.61270904541
841    8.64656400681
804    8.67403197289
807    8.72250294685
773    8.7617828846
783    8.80016708374
773    8.83272004128
753    8.8762319088
770    8.91487693787
756    8.94847297668
735    8.99235892296
736    9.02129197121
735    9.06044602394
735    9.08961796761
718    9.11876606941
719    9.15793299675
703    9.19228005409
631    9.22357797623
662    9.2525908947
661    9.28630399704
626    9.32959008217
651    9.36860108376
648    9.40856289864
583    9.45275807381
511    9.49703192711
511    9.52315711975
574    9.55667209625
494    9.59020090103
457    9.62448501587
504    9.66339898109
453    9.7098429203
436    9.74885797501
422    9.78491902351
440    9.82917308807
406    9.87323999405
409    9.93239212036
405    9.97716903687
439    10.0151040554
423    10.0542590618
457    10.0894711018
423    10.128262043
422    10.162966013
388    10.2053029537
443    10.229667902
460    10.2665219307
510    10.3150849342
508    10.344096899
507    10.3775429726
511    10.4211690426
476    10.465282917
508    10.4991829395
509    10.5318291187
477    10.5647790432
511    10.6270620823
494    10.6654179096
490    10.704638958
511    10.7484118938
492    10.7815101147
493    10.8201169968
511    10.8633799553
511    10.9007220268
511    10.9355349541
548    10.978192091
557    11.0035090446
511    11.0466620922
489    11.0857360363
508    11.129791975
511    11.1690359116
572    11.2131910324
509    11.2540009022
511    11.2933011055
558    11.3372030258
531    11.3713839054
548    11.4206171036
549    11.460944891
548    11.5046050549
546    11.5482399464
543    11.5838849545
593    11.6127200127
568    11.6541500092
559    11.6903669834
595    11.7192840576
595    11.7560040951
595    11.803262949
581    11.8373990059
583    11.8641440868
664    11.9017949104
663    11.9343149662
597    11.9668519497
662    11.9943189621
615    12.0268518925
630    12.0693860054
615    12.0970070362
639    12.1296350956
660    12.1572511196
648    12.1952419281
666    12.2232329845
664    12.2512879372
627    12.284168005
695    12.317373991
693    12.3563079834
650    12.3863611221
653    12.4173679352
652    12.4488639832
645    12.4813799858
665    12.5138421059
682    12.5413150787
639    12.58928895
728    12.6285641193
699    12.6599779129
700    12.6932721138
685    12.7212760448
682    12.7540299892
715    12.7819669247
682    12.8155219555
683    12.8592340946
713    12.899668932
749    12.9255650043
718    12.96946311
718    13.0069000721
715    13.0507791042
715    13.0897569656
777    13.1324288845
750    13.1596210003
779    13.1889190674
753    13.2234389782
735    13.2709169388
733    13.3150510788
751    13.3488769531
754    13.3732419014
799    13.409610033
753    13.4435698986
784    13.4816510677
785    13.514482975
765    13.5428290367
831    13.5775849819
805    13.62647295
799    13.6695189476
786    13.7156488895
805    13.7509150505
825    13.7814109325
799    13.8140900135
823    13.8551409245
840    13.8840529919
892    13.9180529118
842    13.9503340721
838    13.9972109795
845    14.0402290821
819    14.083892107
843    14.1253170967
824    14.1640570164
843    14.1954290867
824    14.2280330658
826    14.2715330124
826    14.2974610329
822    14.3368520737
824    14.3742029667
807    14.4174311161
807    14.4460890293
799    14.4855899811
828    14.5341520309
787    14.57249403
769    14.6063940525
764    14.643707037
830    14.6775510311
767    14.7144720554
783    14.752573967
816    14.7837378979
798    14.8172299862
815    14.8506700993
751    14.8841230869
739    14.9224700928
786    14.9558320045
780    14.9892320633
797    15.0179960728
797    15.0621609688
728    15.1005089283
747    15.1390631199
695    15.1754050255
750    15.214359045
734    15.2441020012
750    15.2777318954
717    15.3061759472
736    15.3406920433
733    15.3692479134
732    15.4013009071
732    15.4591050148
732    15.5020999908
718    15.5108070374
746    15.5491819382
0    15.5880100727
698    15.5932209492
696    15.6236550808
0    15.6580410004
700    15.6638801098
688    15.6946060658
0    15.7268240452
702    15.7400081158
721    15.7704451084
716    15.8130559921
702    15.8267819881
717    15.8779690266
0    15.9116539955
716    15.9154469967
679    15.9491350651
0    15.9833450317
736    15.9903419018
753    16.022217989
780    16.0650920868
750    16.0932788849
766    16.1265010834
782    16.1548280716
808    16.1949210167
768    16.233494997
787    16.2768030167
831    16.3134460449
837    16.3423650265
835    16.3791348934
826    16.4179890156
871    16.4524250031
855    16.4920670986
858    16.5244340897
835    16.5737409592
877    16.611987114
909    16.6698589325
908    16.7079730034
889    16.7391059399
927    16.7874600887
911    16.8215920925
926    16.8555181026
920    16.8844120502
927    16.9176669121
950    16.9619669914
927    17.0010290146
927    17.0456559658
943    17.0846369267
910    17.1232531071
985    17.1524369717
943    17.1956050396
927    17.2336909771
927    17.2674291134
926    17.2973589897
924    17.3321540356
923    17.3571610451
927    17.3922679424
925    17.4244949818
909    17.4686279297
925    17.5079600811
927    17.551995039
945    17.6012029648
907    17.6350469589
885    17.6785509586
906    17.7264549732
907    17.7643039227
890    17.792746067
911    17.8244850636
938    17.8551039696
891    17.8997299671
889    17.9387168884
873    17.9827330112
902    18.0216159821
