2.000000000000000042e-02 6.374835949476297392e-01
3.496413319568203448e-01 7.668381743749956847e-01
6.792826639136406719e-01 8.088422618781914153e-01
1.008923995870460999e+00 6.858317990160395228e-01
1.338565327827281326e+00 6.051635912123998207e-01
1.668206659784101653e+00 6.909898645501841852e-01
1.997847991740921980e+00 8.076258479865521256e-01
2.327489323697742307e+00 8.490762361283082926e-01
2.657130655654562634e+00 7.356248276251633467e-01
2.986771987611382961e+00 7.182508703749324042e-01
3.316413319568203288e+00 7.862250226869041958e-01
3.646054651525023615e+00 8.908338160510800297e-01
3.975695983481843943e+00 7.031217823775371967e-01
4.305337315438663381e+00 6.519841219003742472e-01
4.634978647395484153e+00 6.678933410244447533e-01
4.964619979352304924e+00 7.468476358892774947e-01
5.294261311309124807e+00 8.104736862863539670e-01
5.623902643265944690e+00 7.000069916768268952e-01
5.953543975222765461e+00 6.444335849011889605e-01
6.283185307179586232e+00 6.328112088860415874e-01
