2130    0.0258479118347
2134    0.059189081192
2142    0.10521697998
2140    0.133015871048
2132    0.166125059128
2220    0.204341888428
2162    0.229597091675
2173    0.261910915375
2187    0.294753074646
2194    0.33810210228
2209    0.380953073502
2225    0.418674945831
2265    0.450349092484
2267    0.482452869415
2280    0.512003898621
2294    0.544360876083
2286    0.577238082886
2296    0.62039399147
2320    0.653199911118
2314    0.691879034042
2324    0.72563290596
2336    0.761158943176
2401    0.789319992065
2400    0.82256603241
2335    0.869117975235
2335    0.905854940414
2330    0.936994075775
2340    0.966531991959
2341    1.00664496422
2354    1.04362797737
2352    1.07475996017
2432    1.10858988762
2362    1.14756202698
2374    1.18993592262
2393    1.2172999382
2395    1.24985599518
2403    1.27957010269
2421    1.31941604614
2425    1.36079502106
2444    1.39915394783
2463    1.43285608292
2481    1.45908498764
2471    1.50718188286
2489    1.54464888573
2484    1.57231998444
2571    1.60744810104
2505    1.63511705399
2488    1.66867589951
2476    1.71236610413
2488    1.75591087341
2453    1.79458999634
2509    1.83778595924
2414    1.86766791344
2396    1.90806889534
2373    1.93883609772
2361    1.97203302383
2352    2.00057005882
2359    2.03329586983
2419    2.07780194283
2411    2.11516094208
2330    2.1585381031
2333    2.20193910599
2328    2.23913288116
2318    2.28269791603
2299    2.32605791092
2310    2.3641679287
2284    2.41094589233
2288    2.44380092621
2263    2.47246408463
2265    2.50607395172
2273    2.54932594299
2267    2.57499694824
2251    2.61568903923
2260    2.65238404274
2240    2.6958899498
2241    2.73412489891
2224    2.77302193642
2224    2.80680704117
2288    2.83555293083
2215    2.86924600601
2190    2.90342092514
2274    2.94464802742
2194    2.98306894302
2179    3.01881790161
2172    3.05648899078
2187    3.08722996712
2182    3.13048005104
2179    3.17456007004
2179    3.21126794815
2173    3.2450709343
2175    3.26897287369
2161    3.3079969883
2172    3.34904694557
2165    3.38652706146
2156    3.41705393791
2158    3.44844388962
2142    3.49628400803
2134    3.53006601334
2117    3.56381392479
2111    3.59186697006
2104    3.63981103897
2103    3.66333508492
2114    3.69756007195
2103    3.73409605026
2105    3.77255702019
2118    3.80428195
2117    3.83646702766
2133    3.87005805969
2152    3.91349291801
2163    3.9604780674
2187    3.99532389641
2203    4.02218103409
2209    4.06600093842
2283    4.10793805122
2218    4.13193798065
2207    4.16537189484
2206    4.20889902115
2204    4.25189709663
2224    4.29045605659
2216    4.32892394066
2221    4.36205101013
2237    4.39721488953
2311    4.43387794495
2258    4.46608304977
2254    4.50938606262
2266    4.53535294533
2269    4.56819391251
2268    4.61145806313
2269    4.65493297577
2264    4.6923429966
2284    4.72026610374
2303    4.75363707542
2300    4.80209207535
2319    4.84517502785
2340    4.88443803787
2331    4.91028499603
2349    4.94612503052
2345    4.97405695915
2374    5.00747394562
2366    5.05100297928
2383    5.08843493462
2382    5.12024092674
2388    5.17351293564
2393    5.2121360302
2393    5.24383497238
2418    5.27470207214
2413    5.30557608604
2425    5.3529419899
2425    5.3864440918
2429    5.42023301125
2506    5.46310997009
2460    5.50597405434
2476    5.54354596138
2466    5.57344388962
2492    5.61340904236
2504    5.638215065
2517    5.6754899025
2526    5.71324110031
2521    5.74529194832
2541    5.79320693016
2556    5.83094000816
2587    5.86085104942
2602    5.89661407471
2618    5.93438506126
2629    5.97798490524
2643    6.021048069
2664    6.04549908638
2656    6.07893300056
2648    6.1070830822
2651    6.1442990303
2636    6.1717209816
2631    6.20558404922
2614    6.24821996689
2595    6.27710795403
2660    6.31236505508
2559    6.36086201668
2556    6.39850902557
2548    6.43574595451
2559    6.46774291992
2559    6.4996099472
2538    6.52796506882
2550    6.56501293182
2525    6.60370206833
2510    6.64817404747
2502    6.68155694008
2486    6.72466897964
2545    6.76143598557
2534    6.79460000992
2457    6.82893204689
2462    6.85450100899
2454    6.88821196556
2449    6.9317150116
2439    6.97337198257
2433    6.99896597862
2499    7.04430007935
2418    7.07037806511
2394    7.10441207886
2394    7.14828109741
2384    7.18662595749
2378    7.23052501678
2361    7.2691180706
2362    7.3074760437
2365    7.33945703506
2340    7.38277506828
2346    7.42624902725
2421    7.46426010132
2342    7.50253200531
2324    7.53606009483
2339    7.57335209846
2316    7.60758209229
2316    7.63844203949
2316    7.67004394531
2320    7.70017790794
2318    7.72857999802
2303    7.7615339756
2291    7.79450893402
2367    7.84553408623
2298    7.88331604004
2293    7.92721509933
2300    7.9654519558
2294    7.99807691574
2297    8.04113006592
2294    8.07200908661
2284    8.11463594437
2277    8.15691590309
2294    8.1839389801
2295    8.21912503242
2291    8.25003099442
2280    8.277602911
2277    8.32094097137
2289    8.35946202278
2288    8.4027121067
2298    8.43190693855
2285    8.47364592552
2286    8.5079460144
2286    8.54572987556
2280    8.5886619091
2366    8.62369799614
2291    8.66710400581
2295    8.70380496979
2288    8.7474091053
2312    8.7787630558
2302    8.82213187218
2311    8.86441087723
2303    8.91055393219
2303    8.93875408173
2328    8.9754281044
2326    9.00129508972
2331    9.03590703011
2330    9.06775689125
2355    9.10314106941
2367    9.13668990135
2362    9.19050502777
2374    9.23450398445
2393    9.27316999435
2477    9.31550097466
2447    9.35859203339
2448    9.38368010521
2460    9.41936993599
2454    9.45300292969
2468    9.49129796028
2475    9.53019094467
2553    9.55399990082
2494    9.59276103973
2506    9.63186001778
2501    9.66891598701
2509    9.70564603806
2501    9.73844003677
2500    9.77090191841
2510    9.81982588768
2529    9.85681891441
2553    9.90344309807
2544    9.93132710457
2622    9.97465395927
2558    10.0181310177
2657    10.055811882
2613    10.0863370895
2608    10.1182179451
2606    10.1503119469
2613    10.1889801025
2614    10.2225079536
2592    10.2553939819
2593    10.3038139343
2552    10.3465678692
2576    10.3840999603
2485    10.4151070118
2435    10.446491003
2478    10.4900588989
2395    10.5284440517
2380    10.5722129345
2364    10.6103920937
2352    10.6530869007
2347    10.6811850071
2329    10.7183248997
2322    10.7622470856
2316    10.8008720875
2300    10.8434100151
2301    10.8870151043
2273    10.9269599915
2264    10.9649240971
2271    10.9981510639
2255    11.0416069031
2240    11.0851290226
2297    11.1182489395
2279    11.1554009914
2217    11.1988608837
2194    11.2372579575
2194    11.2651019096
2195    11.301074028
2179    11.338727951
2179    11.3747570515
2174    11.4129970074
2230    11.4415118694
2168    11.4783880711
2163    11.5064129829
2164    11.5526750088
2152    11.5964770317
2219    11.6352980137
2140    11.6783869267
2147    11.7184669971
2135    11.7537879944
2134    11.792869091
2131    11.835668087
2215    11.8789839745
2148    11.9125900269
2220    11.9457950592
2167    11.9713120461
2160    12.0048599243
2171    12.0399889946
2169    12.0725359917
2173    12.1118159294
2163    12.1362791061
2238    12.1747350693
2165    12.2132120132
2168    12.2414910793
2173    12.2767500877
2148    12.3205080032
2155    12.3683578968
2131    12.4014389515
2140    12.4335169792
2144    12.4766669273
2134    12.5043880939
2133    12.5377149582
2126    12.5648899078
2137    12.5987160206
2145    12.6324629784
2136    12.6712338924
2142    12.7050900459
2148    12.7439570427
2149    12.7878549099
2175    12.8117260933
2168    12.8455939293
2156    12.8795011044
2235    12.9082350731
2175    12.9427909851
2168    12.9810950756
2164    13.0247499943
2170    13.0632688999
2231    13.0914270878
2166    13.1334378719
2174    13.1703600883
2166    13.2071530819
2164    13.2393460274
2160    13.2677299976
2180    13.3012080193
2259    13.3319959641
2188    13.3626890182
2175    13.402864933
2285    13.4503929615
2225    13.4931199551
2303    13.5294389725
2335    13.5624098778
2326    13.595705986
2258    13.627892971
2260    13.6578190327
2261    13.6962690353
2343    13.7302610874
2268    13.7740108967
2284    13.8064410686
2286    13.8447849751
2286    13.8828029633
2295    13.9189009666
2300    13.9467170238
2319    13.9800930023
2316    14.0110080242
2315    14.0432469845
2329    14.075330019
2330    14.1083109379
2348    14.1466350555
2348    14.1759588718
2358    14.2247838974
2360    14.2682509422
2358    14.3107609749
2377    14.3475370407
2380    14.3783628941
2384    14.4114770889
2393    14.4391729832
2459    14.4701318741
2475    14.5109980106
2409    14.5544281006
2423    14.5826630592
2456    14.6198279858
2457    14.6455740929
2472    14.6829059124
2534    14.7250099182
2473    14.7618699074
2466    14.804735899
2453    14.8481168747
2438    14.8856430054
2422    14.9125950336
2395    14.9456269741
2387    14.9894859791
2360    15.0168008804
2348    15.0509769917
2399    15.0851089954
2311    15.1094889641
2320    15.14584589
2316    15.1753358841
2327    15.2073209286
2303    15.2479989529
2294    15.2739150524
2303    15.3068029881
2284    15.3356380463
2271    15.3685750961
2259    15.4068200588
2243    15.4453110695
2249    15.4771831036
2241    15.5089590549
2232    15.5409519672
2225    15.5872790813
2216    15.624532938
2207    15.6766080856
2220    15.7132139206
2198    15.7496950626
2196    15.782763958
2179    15.8147249222
2187    15.8448300362
2178    15.8883318901
2163    15.932281971
2164    15.970498085
2149    16.0025730133
2230    16.0453679562
2142    16.071819067
2130    16.1049530506
2146    16.1370480061
2136    16.1800708771
2131    16.223375082
2119    16.2609200478
2117    16.304295063
2127    16.3471810818
2187    16.3755910397
2130    16.4089050293
2119    16.447316885
2124    16.4758279324
2190    16.5093040466
2114    16.5344290733
2116    16.582212925
2142    16.6092269421
2119    16.6426548958
2175    16.6862380505
2106    16.7297739983
2104    16.7679150105
2179    16.79885602
2107    16.839648962
2105    16.8679990768
2104    16.8964560032
2103    16.9303638935
2111    16.9617440701
2098    16.9985918999
2096    17.0302660465
2103    17.0621669292
2107    17.0939800739
2104    17.1258420944
2104    17.1526350975
2103    17.1843070984
2117    17.2210550308
2116    17.2578530312
2107    17.2898709774
2104    17.351708889
2096    17.3791730404
2106    17.4172830582
2106    17.4547419548
2106    17.4867858887
2114    17.5179018974
2175    17.5610160828
2121    17.6046659946
