2151    0.0300049781799
2152    0.0800089836121
2151    0.109925985336
2157    0.144809961319
2149    0.169723987579
2157    0.204602003098
2156    0.234563112259
2175    0.264492988586
2172    0.299397945404
2166    0.329483985901
2175    0.362524986267
2194    0.395113945007
2218    0.430896997452
2245    0.468014001846
2248    0.498048067093
2273    0.526360034943
2270    0.562549114227
2294    0.589177131653
2301    0.62246799469
2303    0.660392999649
2312    0.703386068344
2330    0.736773014069
2332    0.765101909637
2332    0.797775030136
2349    0.841270923615
2418    0.869566917419
2350    0.902719974518
2349    0.931452989578
2351    0.979242086411
2349    1.02761507034
2367    1.05494689941
2432    1.08911705017
2358    1.11818790436
2390    1.14749407768
2467    1.21046209335
2386    1.24285197258
2480    1.2702319622
2410    1.30261707306
2414    1.35028910637
2439    1.38820791245
2457    1.424503088
2480    1.45624709129
2465    1.48826408386
2483    1.5318300724
2491    1.57490301132
2502    1.6176199913
2507    1.64940404892
2575    1.67744112015
2489    1.71475291252
2524    1.7533159256
2413    1.79695296288
2409    1.838545084
2384    1.8771469593
2362    1.92072105408
2352    1.95920705795
2332    1.9876229763
2336    2.0261991024
2312    2.06951093674
2315    2.10521292686
2311    2.13618803024
2374    2.16799592972
2294    2.19965910912
2287    2.23382306099
2296    2.27776098251
2272    2.31592512131
2272    2.36328101158
2255    2.39610290527
2254    2.428855896
2253    2.46082901955
2243    2.48992109299
2240    2.52356600761
2225    2.55773806572
2216    2.59615802765
2215    2.62457990646
2207    2.65144896507
2289    2.68734097481
2194    2.71820402145
2185    2.76131296158
2179    2.78619289398
2187    2.82213306427
2174    2.86067605019
2173    2.89434909821
2157    2.93741512299
2164    2.96653294563
2175    2.99640607834
2157    3.02101707458
2169    3.05740189552
2155    3.09092998505
2157    3.11436891556
2147    3.15325093269
2151    3.19661903381
2144    3.23355507851
2137    3.28529500961
2122    3.31631207466
2110    3.3491590023
2120    3.38255906105
2104    3.42148804665
2111    3.44812107086
2092    3.4800620079
2093    3.50834202766
2106    3.54211997986
2104    3.58432006836
2115    3.61448407173
2120    3.64792609215
2126    3.68649411201
2131    3.71461892128
2147    3.75308704376
2169    3.79046392441
2171    3.82183289528
2188    3.84992289543
2190    3.888641119
2186    3.92478990555
2202    3.95651102066
2264    3.99965596199
2197    4.04317307472
2198    4.08429002762
2193    4.12256813049
2195    4.1504650116
2191    4.1878900528
2203    4.21914696693
2270    4.26187896729
2193    4.30484104156
2207    4.34227490425
2211    4.37557411194
2226    4.40409493446
2227    4.43760704994
2224    4.47095489502
2240    4.5043489933
2242    4.54314994812
2250    4.58145213127
2250    4.61222696304
2248    4.64331102371
2328    4.67358398438
2247    4.7016749382
2265    4.73810505867
2281    4.76879906654
2271    4.79920697212
2292    4.83586812019
2285    4.88736200333
2303    4.9301071167
2303    4.96758294106
2328    5.00265192986
2322    5.03809404373
2340    5.07152795792
2325    5.1148250103
2352    5.15321493149
2351    5.1965970993
2374    5.22543907166
2366    5.26890897751
2365    5.29742908478
2373    5.3312330246
2373    5.36515712738
2400    5.39161300659
2420    5.42383098602
2409    5.45224905014
2416    5.48467898369
2415    5.51618790627
2432    5.54859089851
2438    5.58021092415
2449    5.61164903641
2437    5.658411026
2458    5.690335989
2470    5.72221899033
2491    5.75397205353
2480    5.78565311432
2572    5.81743502617
2515    5.84919190407
2514    5.88105511665
2533    5.90856695175
2535    5.94519209862
2557    5.99234199524
2559    6.03062391281
2595    6.06615900993
2599    6.11448812485
2622    6.14631509781
2633    6.17839407921
2697    6.21035599709
2633    6.24248695374
2597    6.27529597282
2588    6.31797909737
2556    6.36065101624
2547    6.40582704544
2518    6.45336294174
2519    6.47930002213
2525    6.51843595505
2534    6.5574889183
2512    6.58146810532
2522    6.61948990822
2508    6.64757204056
2503    6.68564510345
2480    6.72361397743
2464    6.74653410912
2452    6.78445911407
2440    6.81257605553
2512    6.84598708153
2437    6.88425302505
2423    6.91638112068
2406    6.9598441124
2415    6.99063110352
2392    7.02058792114
2388    7.05552101135
2371    7.09062194824
2366    7.13586091995
2418    7.17861509323
2328    7.21710991859
2328    7.2601339817
2335    7.29103112221
2323    7.32279491425
2314    7.39046311378
2314    7.42308592796
2312    7.43576312065
2310    7.45833992958
0    7.50586509705
2295    7.50933790207
2303    7.53796696663
2297    7.58173394203
2295    7.60701799393
2282    7.640198946
2280    7.67822003365
2283    7.71130299568
2280    7.7441599369
2294    7.7769100666
2295    7.80979704857
2270    7.83772802353
2269    7.8757250309
2265    7.90871500969
2266    7.94674611092
2268    7.98008489609
2269    8.01768612862
2271    8.05330705643
2266    8.09305095673
2354    8.1224861145
2272    8.15649008751
2268    8.1838619709
2255    8.21626901627
2256    8.25368905067
2253    8.28106307983
2257    8.31848907471
2258    8.34580492973
2255    8.37818193436
2250    8.40561199188
2328    8.43805789948
2259    8.47042012215
2258    8.49779009819
2256    8.53060102463
2256    8.57369399071
2278    8.59863209724
2277    8.63884305954
2269    8.67687296867
2277    8.70176506042
2295    8.74196410179
2294    8.78562307358
2292    8.81872391701
2303    8.88225698471
2303    8.9167869091
2299    8.92846703529
2303    8.96842193604
2318    8.97319293022
2313    9.00439810753
0    9.04307794571
2332    9.0501229763
2350    9.07813000679
2376    9.12205600739
2373    9.15884590149
2379    9.19600605965
2401    9.22847795486
2412    9.25932908058
2418    9.30297994614
2434    9.34614992142
2520    9.37231206894
2457    9.40304303169
2478    9.43390202522
2470    9.47081708908
2482    9.51925802231
2553    9.55692696571
2482    9.58853793144
2485    9.62112402916
2481    9.64766407013
2488    9.68092989922
2505    9.71358108521
2507    9.74311590195
2524    9.77770805359
2522    9.80223608017
2520    9.83698701859
2531    9.87182807922
2525    9.9079709053
2606    9.95630502701
2559    9.99319601059
2559    10.0322511196
2595    10.0626130104
2585    10.1030700207
2608    10.161698103
2608    10.194660902
2614    10.2021539211
2613    10.2426989079
2575    10.2810869217
2554    10.3197979927
2514    10.3579061031
2485    10.3853700161
2477    10.4223730564
2450    10.4504420757
2432    10.4810650349
2419    10.517054081
2407    10.543913126
2394    10.578979969
2456    10.617000103
2376    10.6501369476
2367    10.67314291
2360    10.7115130424
2350    10.7490310669
2338    10.7770690918
2333    10.8106160164
2324    10.853094101
2324    10.8821210861
2324    10.9162781239
2300    10.945360899
2365    10.9894080162
2279    11.0287380219
2269    11.0619790554
2254    11.0984699726
2258    11.1248600483
2249    11.1559050083
2314    11.1897580624
2225    11.2187509537
2223    11.2578139305
2211    11.2918519974
2209    11.3309381008
2211    11.3722720146
2201    11.4098749161
2203    11.4413321018
2189    11.4885210991
2188    11.5323491096
2179    11.5657119751
2185    11.5973269939
2187    11.6328859329
2181    11.6618909836
2171    11.6950769424
2163    11.723277092
2172    11.7594139576
2162    11.7861919403
2153    11.825576067
2157    11.8624849319
2140    11.9008140564
2134    11.9442079067
2134    11.9926519394
2143    12.0247449875
2146    12.0687339306
2147    12.1072640419
2148    12.139993906
2161    12.1816809177
2158    12.2150220871
2178    12.2487111092
2190    12.2753720284
2188    12.3164401054
2175    12.3479070663
2175    12.3835749626
2171    12.4246530533
2188    12.4628949165
2165    12.499753952
2164    12.5476400852
2174    12.5851778984
2219    12.6220569611
2157    12.6575379372
2151    12.685434103
2149    12.7340109348
2147    12.7724571228
2217    12.8139131069
2151    12.8445360661
2172    12.8775110245
2158    12.9031960964
2256    12.9441819191
2180    12.9770441055
2182    13.0112030506
2184    13.0384690762
2267    13.07158494
2192    13.1004040241
2186    13.138602972
2195    13.1806681156
2202    13.2064359188
2197    13.252133131
2192    13.2950210571
2193    13.3244769573
2206    13.3573760986
2197    13.4003870487
2197    13.4302949905
2193    13.4729990959
2209    13.5042049885
2234    13.5355000496
2242    13.5680589676
2255    13.5989260674
2265    13.6222538948
2278    13.6605241299
2282    13.6924021244
2294    13.7311739922
2294    13.7649080753
2300    13.8032419682
2299    13.8316581249
2315    13.8594539165
2318    13.8928470612
2314    13.925303936
2402    13.9534311295
2398    14.00111413
2425    14.038369894
2350    14.0813989639
2433    14.1295790672
2381    14.1577091217
2384    14.1930110455
2370    14.2266070843
2375    14.2532429695
2390    14.2852940559
2397    14.3234400749
2418    14.3605349064
2408    14.3986690044
2418    14.4285800457
2432    14.4635419846
2437    14.4985151291
2446    14.5385909081
2463    14.5741789341
2475    14.6047708988
2480    14.6472010612
2488    14.6898910999
2493    14.7333259583
2506    14.7796299458
2494    14.8283541203
2461    14.8655369282
2451    14.8906519413
2446    14.9253079891
2407    14.9681611061
2394    15.0116679668
2365    15.0498569012
2432    15.0820229053
2352    15.1079170704
2348    15.1443879604
2357    15.1850819588
2422    15.2236309052
2337    15.2656040192
2325    15.2932739258
2295    15.3259088993
2303    15.3696250916
2285    15.3946390152
2284    15.4318780899
2271    15.4629049301
2249    15.5062448978
2255    15.5448429585
2255    15.5831661224
2232    15.6309840679
2228    15.6688411236
2227    15.7125470638
2208    15.7509539127
2222    15.7831690311
2197    15.8267810345
2207    15.8702280521
2186    15.9130830765
2182    15.9464960098
2256    15.9820280075
2172    16.014013052
2172    16.0455019474
2169    16.0789210796
2158    16.1216011047
2169    16.1599049568
2236    16.1915891171
2233    16.2254829407
2149    16.2562661171
2148    16.2998149395
2149    16.3429961205
2147    16.3902430534
2148    16.4281821251
2153    16.4754180908
2140    16.5179738998
2136    16.5474689007
2139    16.574491024
2134    16.6082210541
2135    16.6515939236
2202    16.6899089813
2127    16.7334580421
2137    16.7772219181
2128    16.8104999065
2140    16.8504209518
2211    16.8943960667
2142    16.9377069473
2139    16.9759719372
2136    17.0189630985
2144    17.0465049744
2134    17.0793049335
2133    17.1124401093
2134    17.1404650211
2123    17.173418045
2136    17.211673975
2129    17.2471849918
2121    17.2908239365
2120    17.3297309875
2127    17.3619658947
2200    17.392054081
2118    17.4256620407
2116    17.4535849094
2124    17.4915449619
2124    17.5295460224
2117    17.5575950146
2120    17.6004619598
2130    17.6384410858
2121    17.676404953
2137    17.7046840191
2144    17.7481560707
2141    17.7753970623
2134    17.8087561131
2140    17.8397819996
2148    17.8713741302
2223    17.9108068943
2148    17.9450011253
2152    17.9882340431
2222    18.021269083
