2141    0.0334420204163
2148    0.0616509914398
2145    0.0949971675873
2158    0.126101970673
2161    0.160054206848
2153    0.19779419899
2152    0.241284132004
2221    0.278179168701
2175    0.309875011444
2173    0.341108083725
2184    0.377248048782
2198    0.430512189865
2237    0.468670129776
2242    0.497121095657
2240    0.527716159821
2253    0.561591148376
2271    0.595463037491
2284    0.619343042374
2294    0.655290126801
2303    0.687577009201
2300    0.730941057205
2321    0.774448156357
2338    0.822734117508
2340    0.859950065613
2362    0.886767148972
2416    0.919483184814
2343    0.967303991318
2350    1.00301909447
2357    1.03484106064
2358    1.06769800186
2343    1.1058781147
2432    1.13987517357
2361    1.17449712753
2369    1.21184706688
2371    1.26013898849
2402    1.29404711723
2394    1.33719015121
2409    1.36519098282
2428    1.40319108963
2501    1.42858505249
2425    1.46241116524
2448    1.4909760952
2453    1.53355908394
2466    1.57690215111
2487    1.61487102509
2576    1.65675497055
2559    1.70270609856
2485    1.73620319366
2484    1.77891397476
2441    1.80561518669
2438    1.83720612526
2417    1.87070703506
2375    1.89913916588
2376    1.93596506119
2362    1.98277306557
2337    2.0254881382
2330    2.05734920502
2316    2.10103607178
2381    2.1426050663
2322    2.16840815544
2303    2.19921398163
2367    2.2350730896
2303    2.26106619835
2283    2.29452300072
2286    2.33841300011
2280    2.38183498383
2269    2.42313599586
2263    2.45547699928
2247    2.4990170002
2232    2.541918993
2240    2.56748104095
2228    2.61784815788
2222    2.6508910656
2216    2.68422317505
2207    2.7124350071
2193    2.74598813057
2199    2.7842772007
2248    2.82253098488
2179    2.85106706619
2180    2.88332605362
2184    2.91497612
2188    2.94436907768
2241    2.97627806664
2175    3.0082321167
2168    3.0515370369
2246    3.09011316299
2153    3.13807702065
2152    3.18014097214
2140    3.21871399879
2144    3.26141214371
2134    3.29989099503
2206    3.33241820335
2125    3.36082315445
2117    3.39415216446
2125    3.42831897736
2104    3.46671319008
2104    3.50378799438
2111    3.55205702782
2107    3.59543609619
2103    3.63516402245
2129    3.6651802063
2121    3.70278811455
2138    3.73726606369
2139    3.77192401886
2218    3.79548597336
2168    3.83289504051
2183    3.85856318474
2181    3.88687705994
2198    3.91518497467
2190    3.94899201393
2186    3.99222302437
2186    4.03032803535
2194    4.07372498512
2193    4.11210918427
2190    4.14637517929
2204    4.17209506035
2213    4.20675706863
2221    4.23814201355
2291    4.27906799316
2211    4.32270717621
2229    4.36080598831
2243    4.40323519707
2238    4.45666217804
2240    4.49955701828
2251    4.53777003288
2263    4.56465697289
2254    4.5971159935
2273    4.63349318504
2279    4.67134404182
2297    4.70268702507
2302    4.74697613716
2301    4.78966903687
2309    4.83315014839
2396    4.85999107361
2334    4.90397119522
2344    4.93372106552
2332    4.96538710594
2339    4.99612116814
2349    5.02428603172
2357    5.07171106339
2373    5.10265111923
2367    5.13328313828
2366    5.16203904152
2366    5.20447301865
2381    5.23206210136
2371    5.26372408867
2378    5.29657006264
2403    5.33246707916
2459    5.37532615662
2402    5.40893411636
2432    5.45200514793
2419    5.48028111458
2447    5.51348614693
2441    5.56177401543
2463    5.6001701355
2470    5.63798308372
2486    5.66976904869
2485    5.70050215721
2483    5.7323820591
2506    5.7666311264
2593    5.79113602638
2528    5.82788801193
2536    5.85223603249
2531    5.89116811752
2538    5.91687107086
2558    5.95946407318
2586    5.99797606468
2591    6.0368180275
2609    6.08014702797
2629    6.11689400673
2628    6.17942118645
2616    6.20670318604
2616    6.23900914192
2672    6.27184605598
2575    6.31535100937
2613    6.3510351181
2535    6.38607597351
2595    6.43127703667
2533    6.46639919281
2536    6.49648404121
2506    6.5366961956
2512    6.5750169754
2497    6.60703611374
2492    6.65573406219
2459    6.68812417984
2467    6.72294807434
2459    6.75292801857
2444    6.78653407097
2446    6.81503200531
2445    6.84608006477
2434    6.87436509132
2419    6.91767406464
2417    6.94872808456
2389    6.98074412346
2392    7.00938510895
2394    7.0423810482
2377    7.07174801826
2361    7.10528516769
2441    7.14869618416
2422    7.1908261776
2428    7.21814799309
2325    7.26147508621
2329    7.30494809151
2331    7.34827113152
2315    7.38686418533
2311    7.42938518524
2315    7.46779417992
2300    7.50105810165
2310    7.53285503387
2303    7.57455801964
2303    7.60693407059
2277    7.65040397644
2281    7.68305897713
2293    7.71362018585
2298    7.74456810951
2288    7.77589201927
2282    7.81918907166
2286    7.84594798088
2291    7.88248205185
2365    7.91660904884
2274    7.95485305786
2335    8.00350213051
2344    8.04904699326
2268    8.07764697075
2279    8.11015415192
2263    8.14348196983
2277    8.1703851223
2274    8.20379519463
2265    8.2323410511
2263    8.26557612419
2245    8.29740905762
2271    8.35416507721
2272    8.39143300056
2251    8.42866897583
2277    8.46797418594
2348    8.49352216721
2274    8.52922606468
2278    8.56012010574
2282    8.59129905701
2272    8.6346809864
2273    8.67728614807
2279    8.71988415718
2279    8.75425815582
2277    8.7881090641
2288    8.81310319901
2302    8.84891104698
2310    8.87505102158
2382    8.90868210793
2338    8.94665408134
2343    8.97939014435
2362    9.01218819618
2355    9.05556201935
2383    9.09413313866
2396    9.1377260685
2478    9.184705019
2424    9.21550917625
2434    9.24096798897
2432    9.27281713486
2440    9.30538606644
2462    9.3371629715
2459    9.38119101524
2470    9.40780615807
2483    9.44123911858
2486    9.48424220085
2475    9.52690410614
2481    9.57002401352
2493    9.61262798309
2559    9.65114617348
2510    9.68350815773
2502    9.72692608833
2515    9.75743198395
2520    9.80084013939
2533    9.83994412422
2559    9.87801909447
2559    9.9110159874
2590    9.94428515434
2612    9.9861330986
2621    10.0238361359
2618    10.0723061562
2614    10.1108760834
2680    10.147726059
2572    10.1756219864
2582    10.2086660862
2539    10.2370660305
2584    10.2702820301
2468    10.3044440746
2502    10.3453581333
2414    10.3824791908
2394    10.4252891541
2371    10.4553971291
2379    10.4930520058
2372    10.528398037
2365    10.5650980473
2347    10.6006200314
2332    10.6283919811
2341    10.6615481377
2328    10.7001450062
2316    10.7334971428
2302    10.793596983
2296    10.8265390396
2339    10.884180069
2270    10.9227261543
2256    10.9652290344
2236    10.9921209812
2232    11.0290579796
2224    11.0757319927
2221    11.1074430943
2288    11.1416401863
2213    11.1700971127
2211    11.2090010643
2197    11.2476680279
2196    11.2748820782
2194    11.3094770908
2189    11.3530011177
2175    11.3999390602
2171    11.4319021702
2251    11.4649991989
2172    11.5076310635
2168    11.551030159
2163    11.5881631374
2164    11.6315441132
2154    11.6632480621
2158    11.6871190071
2142    11.725908041
2134    11.7497041225
2136    11.7934851646
2136    11.8272922039
2211    11.8559930325
2151    11.8922321796
2157    11.9190480709
2144    11.9516851902
2164    11.9950060844
2156    12.0215489864
2174    12.0613260269
2182    12.1042251587
2183    12.1379020214
2182    12.1709690094
2173    12.2031540871
2188    12.2369110584
2184    12.2606160641
2188    12.2993690968
2174    12.3381960392
2175    12.3683700562
2167    12.400331974
2169    12.4433581829
2161    12.4917740822
2147    12.5253620148
2149    12.5587930679
2151    12.5921361446
2149    12.6346371174
2161    12.6729671955
2152    12.7163870335
2168    12.7546150684
2168    12.79037714
2173    12.8260951042
2172    12.866904974
2186    12.9075651169
2188    12.948333025
2206    12.9850170612
2199    13.0216431618
2204    13.0585691929
2197    13.0915169716
2193    13.1348590851
2180    13.1634020805
2251    13.1952991486
2175    13.2268691063
2175    13.2540111542
2189    13.2873511314
2175    13.3331530094
2211    13.3765611649
2218    13.4100191593
2244    13.4465069771
2247    13.4720430374
2254    13.5051550865
2267    13.5334181786
2265    13.5692269802
2355    13.5952341557
2288    13.6385231018
2293    13.6783139706
2297    13.7134160995
2303    13.7516841888
2310    13.782389164
2314    13.8111431599
2325    13.8479120731
2331    13.8863031864
2328    13.9298930168
2348    13.9684870243
2342    13.995426178
2363    14.0395140648
2371    14.0831980705
2379    14.1221020222
2456    14.1520800591
2397    14.1848070621
2393    14.2286720276
2408    14.2673740387
2408    14.3102681637
2420    14.3465120792
2432    14.3822360039
2439    14.4231290817
2451    14.4767551422
2472    14.514206171
2481    14.5560481548
2490    14.5945360661
2494    14.6233150959
2496    14.6569571495
2552    14.6997110844
2481    14.7432320118
2457    14.7808811665
2424    14.8089570999
2411    14.8495521545
2387    14.888064146
2356    14.9156041145
2341    14.949078083
2353    14.9775660038
2347    15.0106580257
2354    15.0476391315
2332    15.0883321762
2330    15.1265971661
2394    15.1559760571
2313    15.1842081547
2303    15.2158010006
2288    15.2591671944
2274    15.3013851643
2283    15.3274321556
2259    15.3755581379
2268    15.4063611031
2257    15.4428031445
2247    15.4800691605
2244    15.5184550285
2221    15.5618240833
2228    15.6146960258
2193    15.6574170589
2198    15.7008190155
2187    15.7283041477
2171    15.7602601051
2190    15.7921881676
2188    15.8231630325
2167    15.8547780514
2162    15.8983430862
2243    15.9426710606
2153    15.9862589836
2160    16.0231871605
2151    16.0552620888
2146    16.0896070004
2156    16.133256197
2138    16.1600210667
2139    16.1963891983
2140    16.2312390804
2142    16.2636260986
2135    16.2952821255
2135    16.3289830685
2135    16.3577170372
2134    16.3964111805
2137    16.4401681423
2131    16.4775521755
2139    16.5132529736
2134    16.5489711761
2142    16.5807020664
2120    16.6126260757
2119    16.6444721222
2130    16.6745750904
2117    16.7064840794
2113    16.754486084
2117    16.7938501835
2119    16.8214840889
2127    16.8535370827
2189    16.8969211578
2125    16.9409999847
2185    16.979391098
2126    17.0280821323
2122    17.0621390343
2119    17.0974140167
2116    17.1371881962
2118    17.1659040451
2127    17.1972661018
2124    17.2271511555
2122    17.264384985
2131    17.3014161587
2123    17.3380181789
2130    17.3753011227
2122    17.4190490246
2127    17.4459810257
2195    17.4766671658
2120    17.5169930458
2133    17.5526361465
2129    17.5834879875
2141    17.6141710281
2209    17.6450221539
2161    17.6853981018
2162    17.7110750675
2148    17.7468831539
2157    17.7729911804
2150    17.8051919937
