2268    0.0282039642334
2267    0.0612540245056
2270    0.089821100235
2272    0.12273311615
2270    0.161186933517
2266    0.200894117355
2288    0.241141080856
2303    0.279644966125
2299    0.323055028915
2318    0.366008043289
2318    0.393404006958
2303    0.428745031357
2339    0.466830968857
2367    0.497252941132
2329    0.532175064087
2352    0.563018083572
2349    0.606719017029
2373    0.641068935394
2366    0.685431957245
2371    0.715367078781
2391    0.745677947998
2381    0.780836105347
2381    0.816008090973
2389    0.852914094925
2437    0.886048078537
2387    0.929404973984
2386    0.959407091141
2348    0.989530086517
2335    1.03810405731
2303    1.07418608665
2259    1.11102604866
2208    1.15461707115
2175    1.19478106499
2194    1.22439694405
2128    1.28312706947
2119    1.32699203491
2106    1.37047410011
2105    1.41385507584
2101    1.45270109177
2089    1.49127292633
2083    1.53419589996
2063    1.57213902473
2053    1.60306692123
2062    1.63397502899
2060    1.66999292374
2041    1.69801902771
2035    1.7342031002
2025    1.76499700546
2022    1.79788708687
2004    1.82576990128
2005    1.85888910294
2012    1.88732290268
2003    1.92049694061
1989    1.95420312881
1988    1.99714708328
1994    2.04402899742
1977    2.07399511337
2015    2.11887097359
1973    2.15579891205
1968    2.18817090988
1958    2.2200319767
1950    2.26365804672
1951    2.30716204643
1947    2.34571290016
1942    2.3886950016
1934    2.42718601227
1949    2.4656701088
1941    2.49468708038
1925    2.53787493706
1920    2.57013392448
1922    2.6085870266
1923    2.63650798798
1935    2.67111492157
1926    2.70455908775
1968    2.74690890312
1977    2.7717730999
1933    2.82174897194
1920    2.86445498466
1932    2.90171289444
1964    2.92979812622
1926    2.96685910225
1923    3.00487804413
1931    3.03597593307
1923    3.06881308556
1927    3.09953999519
1951    3.13761806488
1942    3.1733109951
1951    3.216588974
1944    3.26011705399
1984    3.29848790169
1948    3.32879495621
1944    3.36096692085
1943    3.3928360939
1939    3.42632198334
1948    3.45260906219
1963    3.49103593826
1959    3.52931904793
1965    3.5611000061
1961    3.60450911522
1959    3.64676189423
1971    3.68427491188
1980    3.71538496017
1982    3.74604892731
1972    3.78949403763
1980    3.83179712296
1976    3.87011694908
1992    3.89832305908
1987    3.93179893494
1981    3.96042609215
2037    3.99477005005
1988    4.02996397018
1998    4.05672693253
1988    4.08893203735
1988    4.11739206314
1988    4.14969301224
2005    4.17833709717
2001    4.21686291695
2011    4.25610399246
2015    4.28555107117
2002    4.3150780201
2000    4.35769891739
2011    4.38774704933
2024    4.43131899834
2018    4.47368693352
2016    4.51248192787
2020    4.54970693588
2032    4.58355093002
2031    4.62772011757
2036    4.67124605179
2047    4.70961999893
2048    4.75271511078
2102    4.77976799011
2053    4.8176920414
2072    4.84287190437
2066    4.87850499153
2070    4.92181396484
2076    4.96024107933
2083    5.00320100784
2128    5.03045797348
2086    5.06367301941
2103    5.09260010719
2107    5.1260330677
2098    5.15396404266
2148    5.1931040287
2102    5.23136806488
2109    5.27379798889
2121    5.29999804497
2122    5.33348798752
2128    5.36691498756
2135    5.39574098587
2137    5.44001793861
2154    5.48250102997
2142    5.52606892586
2174    5.55230808258
2164    5.58562397957
2179    5.61883711815
2173    5.65699410439
2241    5.69017505646
2198    5.71839189529
2196    5.75156497955
2209    5.78485989571
2217    5.81319689751
2219    5.8514790535
2220    5.87966799736
2243    5.9128370285
2243    5.94111609459
2254    5.97439408302
2268    6.00264692307
2261    6.03588104248
2281    6.06408691406
2329    6.09727597237
2299    6.14048910141
2303    6.17875504494
2322    6.21196389198
2387    6.25019192696
2345    6.27842903137
2370    6.31667494774
2378    6.34487199783
2394    6.37317490578
2409    6.42138695717
2424    6.45463204384
2440    6.487844944
2438    6.51601004601
2457    6.55429506302
2473    6.58247804642
2481    6.61561107635
2472    6.64890694618
2500    6.67715406418
2490    6.71031093597
2537    6.73849511147
2484    6.77170705795
2492    6.79984593391
2471    6.83303904533
2473    6.8662071228
2459    6.90437197685
2463    6.9346780777
2465    6.97806096077
2466    7.02119112015
2475    7.06202292442
2466    7.11531090736
2466    7.15863704681
2459    7.19529795647
2499    7.23147797585
2438    7.27989602089
2437    7.31324601173
2437    7.34699892998
2422    7.39025497437
2421    7.42831993103
2400    7.47203993797
2408    7.5103020668
2403    7.54362893105
2403    7.57520103455
2437    7.6185901165
2384    7.64701390266
2372    7.69350409508
2374    7.72838711739
2380    7.76671695709
2366    7.79716396332
2367    7.82857704163
2360    7.87155103683
2365    7.91483211517
2352    7.95324110985
2352    7.9964389801
2352    8.03863310814
2382    8.08711600304
2335    8.12532401085
2339    8.16381406784
2327    8.19172906876
2330    8.23019599915
2327    8.25941205025
2334    8.30291104317
2329    8.34591197968
2323    8.39412593842
2339    8.43742704391
2353    8.47587299347
2349    8.51910209656
2351    8.56138300896
2357    8.59809303284
2347    8.62629699707
2363    8.65922093391
2372    8.69473099709
2365    8.72060489655
2360    8.75416898727
2369    8.78633093834
2377    8.82949209213
2377    8.87274599075
2394    8.91606211662
2405    8.95443105698
2410    8.99751901627
2420    9.02459096909
2403    9.0569319725
2432    9.08923006058
2420    9.11695599556
2435    9.1489200592
2441    9.18137812614
2443    9.2200961113
2459    9.26518011093
2480    9.29011201859
2469    9.32524108887
2468    9.36839199066
2480    9.40683603287
2480    9.44993805885
2498    9.48675298691
2550    9.51918506622
2504    9.55657100677
2504    9.59415507317
2504    9.6251680851
2550    9.66492509842
2468    9.69143509865
2456    9.72325801849
2453    9.75483298302
2446    9.78822994232
2347    9.82304310799
2289    9.85965895653
2233    9.89174699783
2183    9.92320203781
2149    9.96643304825
2117    9.99482393265
2115    10.0264639854
2094    10.0549271107
2099    10.0906150341
2099    10.1217269897
2101    10.1601610184
2079    10.1960339546
2086    10.2264480591
2072    10.2670450211
2079    10.3025839329
2078    10.3274729252
2059    10.3732049465
2053    10.4089310169
2044    10.4348859787
2087    10.4670851231
2016    10.4951779842
2027    10.5318000317
2028    10.5637500286
2003    10.6005899906
2011    10.6374399662
2028    10.6677219868
1994    10.7019119263
2028    10.7468209267
1978    10.771627903
1973    10.7991650105
1974    10.8373339176
1963    10.8806130886
1966    10.9272089005
1957    10.9553658962
1958    10.9915869236
1948    11.0322520733
1942    11.0642490387
1991    11.1047520638
1926    11.1476130486
1929    11.1861219406
1935    11.229829073
1968    11.2675731182
1929    11.2965729237
1930    11.3292489052
1926    11.372535944
1907    11.4149820805
1912    11.45333004
1912    11.5004661083
1912    11.5436820984
1920    11.5854830742
1959    11.6113049984
1920    11.6473391056
1920    11.6905391216
1921    11.7297151089
1936    11.7563409805
1926    11.7926819324
1932    11.8443310261
1929    11.8819570541
1926    11.9151110649
1923    11.9532489777
1926    11.9860699177
1922    12.0178129673
1923    12.0458369255
1966    12.0793321133
1933    12.1128239632
1935    12.1394109726
1931    12.1731750965
1926    12.2102560997
1924    12.2416079044
1925    12.2747080326
1974    12.3031389713
1930    12.3366920948
1975    12.3690500259
1930    12.4174590111
1929    12.4509251118
1940    12.483520031
1985    12.5200839043
1948    12.5739159584
1936    12.6119909286
1943    12.6587309837
1942    12.6912579536
1960    12.7232420444
1957    12.7563381195
1955    12.7944839001
1957    12.8227539062
1965    12.8582379818
1957    12.8910059929
1973    12.9343380928
2018    12.9771819115
1967    13.0147130489
2020    13.0642619133
1970    13.1026980877
2026    13.1308720112
1989    13.1656188965
1985    13.2086961269
1989    13.2551839352
1996    13.2933459282
2002    13.3257770538
2005    13.3582239151
2000    13.3955481052
2008    13.4328629971
2003    13.4652750492
2030    13.5001649857
2028    13.5329151154
2018    13.5610918999
2019    13.6043949127
2020    13.6470758915
2028    13.6900210381
2038    13.7329161167
2063    13.768517971
2054    13.8038139343
2072    13.8516731262
2068    13.8898711205
2070    13.9234199524
2087    13.9515321255
2083    13.9849469662
2092    14.0159549713
2078    14.0433950424
2096    14.07644701
2103    14.1097109318
2097    14.1507749557
2103    14.177670002
2102    14.2144930363
2142    14.2669548988
2126    14.2994740009
2156    14.337348938
2141    14.3673949242
2133    14.4022479057
2147    14.4422490597
2156    14.4671669006
2175    14.5070478916
2175    14.5419740677
2190    14.5719959736
2186    14.603965044
2179    14.6325180531
2193    14.6703410149
2195    14.7048509121
2201    14.7373831272
2229    14.7712130547
2234    14.8050150871
2236    14.8388419151
2243    14.8625509739
2254    14.8953480721
2265    14.9271221161
2281    14.9593319893
2278    14.9914181232
2263    15.0350289345
2290    15.0734739304
2331    15.10699296
2313    15.1466059685
2314    15.1875638962
2327    15.2233550549
2339    15.2593579292
2356    15.2866868973
2349    15.322468996
2358    15.3607409
2371    15.3929851055
2361    15.4300310612
2357    15.4783370495
2373    15.5217270851
2321    15.5594890118
2353    15.5921020508
2313    15.6342959404
2299    15.677341938
2299    15.7029371262
2313    15.7362511158
2303    15.7695391178
2314    15.7978699207
2302    15.8361699581
2310    15.8647630215
2300    15.9016029835
2299    15.9397039413
2344    15.9828720093
2310    16.0085849762
2289    16.0512640476
2296    16.0820329189
2287    16.1251680851
2329    16.1680829525
2261    16.2061200142
2262    16.2486050129
2275    16.2869639397
2268    16.3288679123
2270    16.3720440865
2297    16.4135570526
2248    16.4392580986
2258    16.47488904
2265    16.5040519238
2242    16.5477359295
2240    16.586838007
2240    16.630644083
2238    16.6791360378
2281    16.7224640846
2229    16.7651638985
2223    16.8036661148
2219    16.8414049149
2216    16.8756489754
2218    16.9162559509
2214    16.9597051144
2217    16.9974589348
2205    17.0407500267
2194    17.0741639137
2193    17.1120479107
2202    17.1440210342
2201    17.1805980206
2230    17.2217240334
2194    17.2586660385
2192    17.3015799522
2198    17.3316559792
2192    17.3598129749
2192    17.3936510086
2197    17.4366829395
2194    17.4703171253
2199    17.5082039833
2213    17.5460870266
2213    17.5796489716
2211    17.6082539558
2249    17.6422629356
2209    17.6701509953
2224    17.7027990818
2236    17.7384560108
2228    17.7768220901
2228    17.8200590611
2243    17.862293005
2238    17.8990159035
2249    17.9296400547
2267    17.9727571011
2258    18.0156130791
