2261    0.0510489940643
2274    0.0847821235657
2270    0.122569084167
2311    0.154196023941
2297    0.185925006866
2286    0.214463949203
2284    0.257915019989
2283    0.299441099167
2299    0.327981948853
2299    0.371407032013
2303    0.402645111084
2315    0.450881958008
2312    0.484230041504
2379    0.515948057175
2326    0.561995983124
2353    0.624727964401
2353    0.657031059265
2349    0.659153938293
2367    0.686116933823
2373    0.728450059891
2380    0.77078795433
2382    0.803182125092
2376    0.830830097198
2392    0.876754045486
2398    0.902204990387
2390    0.936418056488
2388    0.978101015091
2363    1.01653409004
2348    1.05470609665
2316    1.08715391159
2293    1.11795902252
2258    1.15244913101
2265    1.17826414108
2209    1.21204900742
2171    1.23979210854
2168    1.27200698853
2136    1.30948710442
2145    1.349214077
2129    1.38101196289
2126    1.41271901131
2124    1.44463300705
2101    1.48152303696
2099    1.51411795616
2102    1.55230808258
2082    1.59850811958
2085    1.63363313675
2111    1.67033410072
2068    1.70382809639
2099    1.75082206726
2062    1.78221297264
2079    1.82522797585
2032    1.86787796021
2026    1.90618109703
2065    1.9328789711
2008    1.96979498863
2007    2.01180410385
2013    2.0370619297
2005    2.06974196434
1997    2.10456395149
1985    2.14980006218
1990    2.18910098076
1973    2.23231911659
1976    2.26883506775
1979    2.30104398727
1969    2.34318399429
1960    2.37161302567
1958    2.40742301941
2001    2.45100307465
1940    2.47996902466
1934    2.52334904671
1942    2.5622150898
1969    2.60544514656
1923    2.64734101295
1920    2.68579792976
1925    2.7292330265
1929    2.7675280571
1927    2.81109309196
1929    2.84954810143
1930    2.87809491158
1932    2.91522097588
1925    2.96365213394
1930    2.9971010685
1929    3.04982209206
1920    3.08279395103
1922    3.12963700294
1924    3.16249799728
1930    3.19621610641
1929    3.22994399071
1928    3.26079010963
1949    3.29237294197
1940    3.33425998688
1942    3.37249898911
1938    3.41587996483
1950    3.45395708084
1943    3.49235606194
1940    3.53575801849
1942    3.57910203934
1961    3.61720991135
1965    3.64721107483
1956    3.67703008652
1966    3.71202707291
1961    3.75197005272
1959    3.77696800232
1984    3.81332612038
1976    3.85162091255
1981    3.90893411636
1981    3.94644999504
1968    3.95185208321
2019    3.99219202995
0    4.02813196182
1973    4.03592705727
1988    4.06962704659
0    4.09780311584
1989    4.10961914062
1987    4.14588212967
1993    4.16790699959
1996    4.19105100632
1990    4.22655892372
1993    4.23836708069
1992    4.266299963
0    4.30432105064
2009    4.30876803398
2008    4.32804894447
2012    4.37145614624
1995    4.40583491325
2017    4.43666911125
2016    4.46961212158
2030    4.51047611237
2023    4.54752111435
2024    4.58067798615
2039    4.61993098259
2037    4.65540409088
2038    4.68911314011
2059    4.72293305397
2062    4.76049613953
2101    4.78840899467
2062    4.82638907433
2118    4.85241794586
2079    4.88971710205
2079    4.92080998421
2074    4.95156812668
2089    5.02092003822
2076    5.05318593979
2099    5.08567714691
2102    5.1231110096
2102    5.15043997765
2108    5.18276309967
2110    5.21511411667
2111    5.24275898933
2129    5.27455711365
2120    5.30636310577
2118    5.33476305008
2135    5.37315201759
2132    5.42093300819
2147    5.46415710449
2195    5.4959321022
2168    5.5270011425
2172    5.56083798409
2229    5.59912514687
2178    5.64242911339
2191    5.6876540184
2203    5.72422599792
2218    5.77031493187
2209    5.80267500877
2233    5.83330392838
2233    5.86851191521
2244    5.90621304512
2240    5.93481397629
2267    5.96599793434
2257    6.01210904121
2274    6.03897309303
2278    6.07409501076
2282    6.10532093048
2343    6.14777803421
2300    6.18639802933
2314    6.22957801819
2326    6.27272295952
2360    6.31127810478
2340    6.33942008018
2401    6.37247395515
2383    6.40317296982
2390    6.44664692879
2392    6.49023914337
2400    6.53357291222
2422    6.57195496559
2488    6.62020802498
2470    6.65716409683
2480    6.69544911385
2473    6.72630596161
2497    6.78626608849
2497    6.83012604713
2479    6.87230205536
2480    6.91050505638
2518    6.95428705215
2473    7.00835609436
2470    7.04711103439
2469    7.09100699425
2482    7.13362812996
2481    7.17242097855
2466    7.21619391441
2511    7.25963592529
2467    7.29238009453
2449    7.32524991035
2462    7.35905098915
2432    7.40456008911
2446    7.44712710381
2433    7.48531913757
2422    7.5169479847
2424    7.54843902588
2433    7.57879114151
2406    7.60716104507
2405    7.64043998718
2404    7.67344498634
2388    7.71932697296
2388    7.75845003128
2392    7.7966940403
2384    7.83269000053
2432    7.86585307121
2378    7.90907692909
2354    7.95276403427
2363    7.99056506157
2408    8.01661396027
2361    8.05100297928
2361    8.08220291138
2358    8.12063097954
2348    8.16408205032
2350    8.20255994797
2323    8.2310090065
2374    8.26446199417
2330    8.29283308983
2335    8.32634091377
2334    8.35981106758
2334    8.38816213608
2333    8.42663598061
2326    8.46000504494
2333    8.49344801903
2329    8.52687501907
2339    8.56564497948
2335    8.59224891663
2352    8.62407612801
2352    8.65715312958
2349    8.69128608704
2348    8.73047614098
2354    8.75771307945
2340    8.7963039875
2366    8.83463191986
2359    8.87768507004
2371    8.90347099304
2357    8.94481396675
2373    8.98300099373
2374    9.02648210526
2379    9.06853604317
2393    9.10695910454
2393    9.15032911301
2410    9.18889093399
2414    9.22246909142
2414    9.25106191635
2429    9.28878498077
2437    9.3275039196
2432    9.37140393257
2462    9.39772105217
2470    9.44083595276
2480    9.4704580307
2476    9.50239992142
2465    9.54548501968
2483    9.58855199814
2500    9.62681794167
2499    9.66978907585
2500    9.7139570713
2504    9.75682592392
2497    9.78591799736
2481    9.83002901077
2462    9.86412811279
2424    9.88829302788
2424    9.9276099205
2382    9.9720749855
2299    10.0088660717
2263    10.0464200974
2175    10.0796170235
2179    10.1147899628
2101    10.1524701118
2108    10.1847369671
2108    10.2201640606
2102    10.2584090233
2089    10.2898309231
2088    10.31990695
2085    10.3522720337
2078    10.3954589367
2069    10.4262359142
2092    10.4687900543
2059    10.5096371174
2044    10.5472979546
2079    10.5903499126
2010    10.6339781284
2013    10.6760001183
1992    10.7141590118
1992    10.7448251247
1992    10.775427103
1988    10.8060719967
1997    10.8404800892
1964    10.8788061142
2018    10.9221880436
1958    10.963093996
1960    11.00496912
1951    11.0430779457
1948    11.0884759426
1939    11.1307461262
1949    11.1573839188
1950    11.1893839836
1917    11.2327311039
1923    11.2759990692
1976    11.3143270016
1926    11.3460290432
1932    11.3744029999
1920    11.4079089165
1934    11.4463820457
1915    11.4848921299
1909    11.5233991146
1913    11.5518639088
1909    11.5852530003
1910    11.618598938
1918    11.6473350525
1911    11.6805260181
1922    11.7234530449
1925    11.754529953
1927    11.7980749607
1969    11.8414449692
1924    11.8673369884
1923    11.9002699852
1928    11.9386200905
1930    11.9770340919
1930    12.0156359673
1928    12.0467340946
1934    12.0781199932
1928    12.1089191437
1934    12.1393289566
1925    12.1680440903
1933    12.2068030834
1934    12.2436261177
1926    12.2745690346
1934    12.3180520535
1971    12.3663721085
1929    12.3995959759
1944    12.4427220821
1935    12.4729480743
1933    12.5061781406
1946    12.5369291306
1941    12.5685710907
1934    12.6021440029
1984    12.6455309391
1937    12.6862709522
1945    12.7169730663
1953    12.7476079464
1943    12.7786259651
1957    12.8062999249
1956    12.8399240971
1951    12.8883650303
1956    12.9256711006
1957    12.969080925
1980    13.011703968
1981    13.0409700871
1973    13.0713310242
1967    13.1044380665
1975    13.1365129948
1992    13.1684529781
1996    13.2159841061
1982    13.2530510426
1991    13.2961759567
1996    13.3271939754
1992    13.370693922
2005    13.4141790867
2010    13.4524741173
2002    13.4960019588
2004    13.5393750668
2006    13.5779409409
1996    13.6060740948
2019    13.6482110023
2025    13.6916480064
2019    13.7199189663
2027    13.7556960583
2046    13.7864210606
2041    13.8186099529
2043    13.8495159149
2036    13.8818390369
2049    13.9249401093
2052    13.9634399414
2054    13.9951469898
2068    14.0383219719
2076    14.0766661167
2066    14.1203219891
2137    14.1472830772
2082    14.1940910816
2088    14.2313101292
2107    14.2622680664
2098    14.305177927
2142    14.3435311317
2102    14.3769760132
2104    14.4204261303
2126    14.4680941105
2161    14.4956071377
2160    14.5283060074
2133    14.5565829277
2136    14.5896279812
2134    14.6221280098
2141    14.6504809856
2142    14.6874730587
2165    14.7142570019
2167    14.7463710308
2165    14.778003931
2186    14.8164889812
2197    14.8500659466
2193    14.8885419369
2217    14.9270961285
2209    14.9605009556
2226    14.9988980293
2240    15.0324110985
2255    15.0656909943
2258    15.0940260887
2303    15.127546072
2274    15.1660070419
2312    15.2094700336
2283    15.2495179176
2311    15.2874100208
2292    15.3188810349
2315    15.3515899181
2335    15.3954570293
2339    15.4218289852
2349    15.455313921
2390    15.4985740185
2367    15.5294339657
2376    15.571295023
2348    15.6099579334
2353    15.6523189545
2369    15.6793949604
2342    15.7114701271
2333    15.7549180984
2324    15.7979929447
2300    15.8362870216
2312    15.867456913
2302    15.8964879513
2300    15.9296779633
2309    15.9717190266
2315    16.0180339813
2299    16.0514099598
2314    16.0798919201
2343    16.11698699
2303    16.1549110413
2300    16.1927039623
2288    16.2262680531
2291    16.2572760582
2288    16.2995989323
2327    16.3331301212
2297    16.3601360321
2278    16.3960719109
2272    16.4223630428
2268    16.4585161209
2299    16.4973349571
2295    16.5403630733
2248    16.5837550163
2263    16.6099069118
2246    16.6405889988
2251    16.6705989838
2240    16.7090671062
2238    16.7510521412
2249    16.7973639965
2269    16.8308980465
2227    16.8642590046
2229    16.907556057
2212    16.9501049519
2220    16.9750881195
2214    17.0110769272
2208    17.049749136
2208    17.0880520344
2195    17.1237869263
2200    17.1549119949
2194    17.1882600784
2202    17.2267739773
2194    17.259098053
2205    17.2897899151
2194    17.3206110001
2201    17.352421999
2187    17.3843770027
2235    17.4166529179
2189    17.4448840618
2203    17.4882121086
2221    17.5255050659
2210    17.5542731285
2214    17.5883600712
2206    17.641657114
2212    17.680768013
2228    17.7087919712
2229    17.7404460907
2233    17.7698500156
2222    17.8036000729
2280    17.841917038
2250    17.8762180805
2250    17.9069840908
2241    17.9502050877
2257    17.9921379089
2258    18.020815134
