9.009647326561431857e-01 -7.127995274613537546e+00 -9.922252794235979223e-02 6.073387236280568535e-01 1.478948129167431402e-01 1.533055368391365469e+00 1.520593216825387728e+00
9.937275398136359295e-01 -4.849196603518287851e+00 -1.357364578116020959e-01 8.296267324325105053e-01 1.260049052219220300e+01 -5.804751056390387021e+00 -8.343513310371650782e-01
-3.312820393032716582e-01 4.357835826831617937e-02 -7.118029853918667049e-01 3.068021575110133070e-01 1.040226310329627202e+00 6.956373915243000416e-01 8.799263389357138143e-01
-1.626993296433741354e-01 3.517981476204826929e+00 -3.608145272151821459e-01 -2.326275668510562333e+00 -2.279217790479579620e+01 1.556896093587646490e+01 3.024550222357337947e+00
7.421080751726873981e-01 3.549763163884256389e+00 4.399037207680812078e-01 -2.290116565617811073e+00 -1.876762730965509007e+01 1.205065532306633003e+01 1.562753594229756793e+00
-1.840355429986706148e-01 2.788341286221863946e+00 1.757071415131500058e-01 -1.391542990649802913e+00 -9.258678031701187194e+00 5.764902378953485673e+00 1.659541551099479095e+00
-2.089379748319184493e-01 2.006724689363684977e+00 -1.536530973112919807e-01 -8.400965365181980449e-01 1.398643796540207429e+00 -1.957239614385227755e+00 -1.556852620553570432e+00
-5.601863314681523320e-01 3.297262640443519910e+00 -8.272687680138060551e-02 -5.915787259080680371e-01 5.327263347159747475e+00 -4.497914637668585236e+00 -7.239583584390713034e-01
-7.368230153372609115e-01 -2.793197255158401671e-01 -3.089200000973387761e-01 -1.169797135445028724e+00 -8.764399124070527236e+00 5.305486056445364973e+00 3.873820450345470068e+00
1.974056429046075756e-01 2.905438895155441514e+00 7.715437270668182301e-02 -2.323713904896389515e+00 -1.011450225172137074e+01 6.715162197595456739e+00 1.778429739153142952e+00
-7.915350673258091455e-03 4.547275684691685527e+00 3.040059136259752257e-02 -1.348301404080133326e+00 1.008937251714099581e+01 -7.062149696347173489e+00 -4.356590872327026354e+00
8.217558487345201224e-01 3.156876385096641258e+00 9.651241106684138593e-01 -3.850947723811553591e-01 1.584054560244822163e+01 -1.088514213275762543e+01 -5.353693512517856412e+00
-1.184341707843757474e+00 -1.409954308875578599e+00 -5.144838803182086862e-01 1.000441282282650557e-01 -3.837247190387612861e+00 1.970586980029568114e+00 1.073621879645427768e+00
6.212796668494310337e-01 -4.469165317065338705e+00 3.850037657622374376e-01 3.100262411324666290e-01 8.112581897787868312e-01 -6.427239399903651451e-01 -6.152014139069551524e-01
2.417670800550933308e+00 -6.142962174335357517e+00 1.667727924388816785e+00 7.266794294522821440e-01 3.479039556118566523e+00 -3.542206830136117368e+00 -7.151385710856723588e-01
-1.320783312543146071e+00 -8.265819610811354634e-01 -2.482480121218695601e-01 3.356220252245606939e-01 1.195575592116387575e+01 -8.678274178931154381e+00 -1.464172588898018157e+00
-5.341657417819113407e-01 5.140026444967846331e+00 5.358494650726910308e-02 -1.112039058698938154e+00 1.495668582988708728e+01 -1.058141395459933598e+01 -3.078801184860958440e+00
-4.038654676356194795e-01 -9.746109688710871133e-01 -4.982025747541679039e-01 -4.584970138718215127e-01 -1.268058648375282593e-01 -1.182336771637240602e+00 1.899608424119941574e+00
-9.817423177478614704e-01 -2.268145681100337985e+00 -8.058584246463214029e-01 1.370199954773746454e-01 -3.768805883079549890e+00 2.938834443001136165e+00 3.316080370948582434e+00
5.285083727240307006e-02 -1.723926892137629396e-01 -2.933221032766350142e-02 1.984274170250684144e-01 -2.554793266181585309e+00 1.694444937515019678e+00 -2.106287919416909737e+00
