796    0.0428988933563
789    0.0863440036774
751    0.124967813492
718    0.167876958847
735    0.192433834076
734    0.225912809372
735    0.26918387413
734    0.311405897141
751    0.337266921997
698    0.369755983353
755    0.407384872437
753    0.453495979309
792    0.4852039814
753    0.526995897293
790    0.559195041656
782    0.602823019028
719    0.641086816788
769    0.669111013412
764    0.707193851471
719    0.732853889465
859    0.764688968658
767    0.803148984909
824    0.841631889343
749    0.880120038986
753    0.923611879349
752    0.957101821899
703    0.991091966629
769    1.02951288223
718    1.07308387756
751    1.10405492783
719    1.14674592018
772    1.17410802841
767    1.20652604103
769    1.24385786057
731    1.28116703033
730    1.30854201317
667    1.34590601921
699    1.37319993973
701    1.40051388741
733    1.43340682983
842    1.45998382568
701    1.5198969841
701    1.55817389488
822    1.564234972
697    1.60314702988
0    1.65271902084
751    1.66085386276
785    1.70405983925
0    1.73985600471
751    1.74607300758
823    1.78584003448
0    1.82832384109
749    1.83064889908
699    1.86777091026
0    1.90029191971
787    1.90255403519
768    1.93460988998
0    1.97201895714
738    1.97418785095
767    2.01124691963
0    2.04925894737
734    2.05706787109
764    2.09541797638
0    2.13368391991
697    2.14148187637
750    2.17124891281
0    2.19983887672
733    2.20832896233
735    2.24037003517
728    2.26824188232
785    2.30637788773
719    2.34308290482
765    2.37604284286
770    2.4195458889
752    2.46259689331
736    2.48857998848
719    2.51948690414
719    2.57231402397
685    2.60571980476
684    2.63687586784
750    2.66453886032
785    2.69867992401
771    2.72767400742
767    2.76677799225
787    2.80590486526
738    2.83004498482
732    2.86413383484
731    2.89830493927
753    2.93742394447
785    2.96674799919
735    3.00088882446
825    3.04503583908
763    3.07420492172
686    3.10346603394
685    3.13262891769
805    3.16670203209
783    3.20090293884
771    3.22515797615
734    3.25847601891
736    3.30022597313
697    3.33857798576
770    3.36654090881
764    3.39964795113
839    3.43326997757
748    3.46452188492
783    3.50809192657
819    3.55156803131
835    3.5888338089
837    3.63189697266
751    3.67038083076
767    3.71810293198
750    3.76096892357
772    3.80922603607
799    3.85756397247
745    3.89575886726
819    3.93929791451
783    3.98249602318
880    4.0081319809
844    4.06382894516
731    4.1037569046
862    4.1544508934
791    4.18793082237
827    4.22556400299
804    4.26170182228
772    4.29687595367
763    4.32760882378
785    4.36909604073
783    4.40031790733
803    4.42861294746
770    4.46466398239
753    4.49770188332
805    4.52564096451
799    4.55372881889
785    4.58754587173
763    4.63020992279
782    4.66283583641
823    4.71107888222
771    4.74298191071
840    4.77139282227
825    4.80469989777
771    4.83319091797
763    4.8662610054
822    4.90625500679
824    4.94941997528
881    4.98756289482
878    5.0226149559
873    5.04761099815
842    5.08755683899
827    5.12273693085
785    5.165558815
803    5.20891499519
823    5.25006198883
799    5.29338002205
773    5.33687901497
771    5.37509202957
734    5.40580487251
839    5.44945192337
785    5.49274682999
804    5.53107500076
804    5.55867600441
785    5.59092903137
788    5.6572599411
802    5.70357489586
779    5.73705983162
861    5.76543998718
825    5.79879188538
824    5.83722400665
838    5.87615680695
845    5.90932798386
841    5.94499182701
835    5.98315000534
798    6.02624702454
840    6.05344796181
858    6.08662199974
799    6.13491797447
802    6.17203903198
842    6.2061958313
860    6.23032402992
790    6.26437592506
843    6.29684400558
893    6.33095192909
806    6.36938786507
859    6.4026529789
874    6.43120503426
802    6.47288298607
857    6.50689792633
805    6.53598594666
843    6.56825089455
752    6.61162996292
755    6.64215683937
822    6.67598891258
802    6.72305989265
841    6.75816583633
767    6.7852909565
819    6.8285908699
841    6.86808300018
860    6.9077630043
827    6.9423968792
858    6.96856284142
876    7.00200080872
802    7.03033494949
803    7.06402993202
839    7.09169983864
855    7.12855386734
786    7.16474199295
780    7.21080803871
805    7.24825692177
840    7.2726919651
791    7.30875301361
722    7.33994197845
718    7.37341094017
859    7.41163301468
767    7.44506597519
784    7.48827695847
769    7.52971291542
880    7.56793403625
877    7.59853386879
766    7.63061189651
843    7.65851092339
830    7.6934068203
787    7.73205780983
844    7.77083086967
773    7.80952787399
808    7.8331758976
802    7.87212181091
898    7.8991549015
752    7.94210982323
762    7.97998094559
785    8.02340483665
762    8.06672596931
764    8.10503602028
788    8.13661384583
767    8.1674888134
802    8.20846486092
799    8.243683815
803    8.27387785912
799    8.31709289551
799    8.34762191772
765    8.39278292656
789    8.43586182594
827    8.46919798851
854    8.50253891945
791    8.53437900543
842    8.56644201279
751    8.609582901
769    8.6480050087
767    8.68151903152
857    8.72464203835
784    8.75224995613
838    8.78557300568
844    8.81759881973
783    8.8607339859
799    8.893419981
826    8.9242079258
805    8.96826100349
784    9.006513834
808    9.03799581528
806    9.0682079792
799    9.11088681221
839    9.14849090576
769    9.19446396828
770    9.23127985001
788    9.27432703972
822    9.32530593872
820    9.35323095322
804    9.39307904243
878    9.43137693405
785    9.46977496147
767    9.5130200386
857    9.55592393875
853    9.57994484901
756    9.61448597908
827    9.65771698952
774    9.70053195953
788    9.73329782486
755    9.76099896431
746    9.78897285461
764    9.82269191742
732    9.8530049324
738    9.89492201805
736    9.93176102638
788    9.96383881569
754    10.0065870285
805    10.0394589901
799    10.0670340061
799    10.0995838642
857    10.1371939182
767    10.174779892
752    10.2023189068
825    10.229916811
824    10.2676038742
802    10.2952020168
784    10.3296768665
763    10.3677408695
783    10.401239872
841    10.4297728539
826    10.4639070034
770    10.5067980289
754    10.5550978184
783    10.5918388367
828    10.6327209473
748    10.6707158089
785    10.6985750198
769    10.7467498779
842    10.7720518112
769    10.805918932
768    10.8457558155
754    10.8789088726
749    10.9088418484
803    10.9437949657
792    10.9686498642
770    11.0084109306
830    11.0331008434
827    11.0680508614
824    11.1047418118
769    11.1528499126
770    11.1959519386
721    11.2327568531
719    11.2624650002
788    11.2964348793
810    11.3313360214
823    11.3580348492
737    11.3987338543
766    11.4243550301
766    11.4603829384
753    11.4977309704
771    11.5284688473
859    11.5615048409
859    11.6003568172
746    11.6339838505
767    11.6725299358
784    11.7060039043
764    11.7342689037
770    11.7679238319
771    11.8120248318
827    11.8553898335
734    11.8970339298
783    11.9347360134
805    11.9673318863
788    11.999943018
838    12.033069849
714    12.0709838867
716    12.1127669811
729    12.1408410072
780    12.1741838455
711    12.2098639011
754    12.2354550362
755    12.2713878155
717    12.2970659733
798    12.3299949169
802    12.3650598526
733    12.4085149765
766    12.4459309578
785    12.4900169373
767    12.5278379917
700    12.5586678982
737    12.5895359516
825    12.6178319454
826    12.6512029171
823    12.7048799992
766    12.7429778576
750    12.7762088776
736    12.8193888664
799    12.8574438095
767    12.90137887
804    12.939565897
699    12.9829249382
750    13.0259809494
787    13.0494048595
669    13.0831580162
824    13.1263959408
809    13.1690659523
715    13.2073488235
733    13.2457549572
729    13.2787418365
721    13.3118150234
719    13.3458559513
716    13.3876538277
755    13.4261009693
753    13.4689669609
754    13.5122439861
756    13.5606369972
734    13.6039059162
738    13.6471168995
769    13.6853950024
748    13.7132849693
770    13.7487609386
753    13.7919130325
753    13.8190429211
718    13.8520510197
735    13.8821618557
734    13.9095249176
719    13.9429118633
766    13.9704499245
756    14.0054528713
751    14.0330479145
754    14.062568903
754    14.0990958214
737    14.1470758915
803    14.1898758411
786    14.2180938721
732    14.2512328625
767    14.2795798779
736    14.3122580051
735    14.3450260162
792    14.3769328594
682    14.4203310013
752    14.4587578773
791    14.5017559528
771    14.5446510315
754    14.589815855
740    14.6276319027
722    14.6626169682
773    14.6994659901
756    14.7317228317
736    14.7803068161
769    14.8136470318
722    14.841547966
719    14.8772149086
842    14.9083080292
788    14.9374558926
729    14.9655878544
732    15.0022728443
771    15.0451500416
702    15.0933978558
732    15.1216189861
752    15.1550109386
750    15.1873250008
736    15.2240898609
767    15.2673919201
772    15.3006179333
806    15.3293588161
734    15.3652608395
754    15.3948228359
722    15.4343309402
702    15.464015007
698    15.494809866
729    15.5227658749
695    15.5550470352
767    15.5875608921
739    15.626087904
739    15.6645300388
738    15.7080478668
803    15.7417440414
705    15.774823904
736    15.8277239799
749    15.8653759956
783    15.8986849785
702    15.9271469116
698    15.9660270214
752    15.9991829395
789    16.0424518585
734    16.0748288631
753    16.1054568291
765    16.141261816
703    16.187443018
734    16.2255849838
735    16.2690289021
823    16.3068459034
805    16.361342907
738    16.3938519955
721    16.4287500381
770    16.4654288292
767    16.496421814
749    16.5333509445
734    16.5751428604
696    16.6120839119
771    16.6440119743
750    16.6756858826
786    16.7239258289
736    16.757283926
765    16.7861909866
732    16.8198399544
737    16.8481259346
730    16.884488821
785    16.9153659344
735    16.9733219147
735    17.0081620216
722    17.0159049034
667    17.0570449829
769    17.0855259895
766    17.1189658642
735    17.1525290012
753    17.1761038303
