799    0.0329780578613
784    0.0641930103302
824    0.107983112335
751    0.141834020615
767    0.180574178696
826    0.207597970963
788    0.243596076965
699    0.28710103035
734    0.31377196312
756    0.349481105804
752    0.376244068146
751    0.409070014954
734    0.45257806778
767    0.495547056198
785    0.533941984177
748    0.562425136566
753    0.595707178116
826    0.643087148666
784    0.685945034027
837    0.724318027496
765    0.772675991058
807    0.806396961212
799    0.835309028625
766    0.868218183517
766    0.8963971138
824    0.940124988556
787    0.978382110596
785    1.01514005661
805    1.05230212212
702    1.08932995796
780    1.1221871376
756    1.15822410583
753    1.18975305557
733    1.21810698509
799    1.25077605247
788    1.2891740799
763    1.33769106865
767    1.39105296135
736    1.42438316345
736    1.45675897598
784    1.49999308586
751    1.54329299927
719    1.58116412163
736    1.62480998039
752    1.66787314415
787    1.71008110046
783    1.73561501503
702    1.76225113869
702    1.79535698891
839    1.82491803169
749    1.85881018639
799    1.91674995422
728    1.95396709442
780    1.98623418808
802    2.01368403435
825    2.05038404465
735    2.08370995522
773    2.11714506149
767    2.1454410553
856    2.18311715126
751    2.22125005722
835    2.26435518265
843    2.30505800247
767    2.34317803383
746    2.3869831562
843    2.42491698265
798    2.45977210999
749    2.48470401764
749    2.51962995529
770    2.54940199852
773    2.5843770504
755    2.61966204643
787    2.65304017067
831    2.68123316765
805    2.71483612061
836    2.75800609589
752    2.79115200043
802    2.81927895546
791    2.8528740406
769    2.89583301544
735    2.93960118294
746    2.97798013687
836    3.01627206802
767    3.05970096588
797    3.10349917412
799    3.14113116264
823    3.184497118
785    3.22784614563
786    3.27409005165
737    3.3109099865
787    3.33774709702
825    3.38104295731
871    3.41253805161
782    3.45612001419
799    3.49708008766
841    3.53557896614
799    3.5780210495
839    3.60793304443
799    3.65530395508
783    3.69320201874
804    3.72561812401
858    3.76915407181
745    3.81252098083
751    3.85069298744
787    3.89655017853
783    3.93995904922
787    3.9782781601
728    4.00646901131
729    4.04295516014
835    4.07523798943
806    4.1070599556
822    4.13996601105
888    4.18324518204
767    4.22522211075
909    4.2537009716
824    4.28550601006
823    4.32924008369
877    4.35860013962
880    4.38966608047
874    4.421241045
852    4.46482396126
870    4.50830006599
859    4.54905796051
805    4.5870680809
787    4.61899113655
787    4.65060114861
750    4.6756939888
853    4.71173906326
825    4.75422596931
799    4.79267907143
892    4.82041406631
790    4.85325503349
783    4.88665413857
835    4.92494916916
839    4.9583029747
799    5.00159811974
799    5.02777600288
797    5.06622195244
873    5.09427404404
908    5.13118100166
787    5.15882396698
843    5.20115399361
840    5.23316311836
823    5.26190114021
836    5.30033516884
785    5.33857107162
841    5.38215112686
798    5.42065811157
836    5.46395611763
807    5.5070130825
799    5.54370212555
769    5.57492995262
781    5.61765313148
826    5.64976096153
825    5.68225502968
855    5.71460008621
783    5.75799107552
767    5.7836151123
864    5.81946611404
843    5.85209298134
842    5.88293600082
839    5.92616415024
839    5.96201515198
839    5.99869012833
782    6.04188418388
802    6.0694539547
840    6.10275506973
799    6.13529109955
910    6.16933917999
853    6.21293997765
861    6.23953104019
753    6.27332401276
749    6.31068706512
827    6.34663295746
825    6.37978816032
857    6.40795016289
890    6.45655202866
839    6.49690818787
922    6.53944802284
838    6.57743406296
821    6.62089300156
788    6.65166306496
821    6.68440699577
835    6.72797703743
785    6.77090501785
861    6.80749511719
826    6.83892917633
824    6.88186216354
890    6.9200861454
875    6.95169997215
799    6.99518203735
806    7.02596116066
826    7.07269215584
840    7.11696815491
799    7.15539503098
802    7.18237304688
839    7.22568798065
803    7.26881217957
877    7.30905008316
893    7.33472013474
802    7.36624097824
874    7.39939308167
808    7.43672299385
827    7.47278213501
804    7.51581406593
789    7.55201506615
826    7.58538508415
818    7.61762499809
855    7.65560817719
892    7.69551706314
906    7.72051310539
783    7.76540112495
878    7.79544711113
855    7.83028411865
870    7.87087202072
845    7.89991402626
804    7.93287611008
799    7.9681801796
796    8.00180506706
805    8.04234099388
806    8.07045912743
859    8.10367012024
839    8.14731812477
892    8.17458796501
827    8.20825910568
846    8.2349460125
840    8.26816606522
824    8.30014109612
860    8.33687996864
871    8.37325310707
874    8.41277217865
785    8.45570111275
840    8.47972202301
846    8.51414418221
843    8.54548716545
806    8.57718110085
838    8.6167371273
844    8.65162611008
804    8.69078803062
785    8.73416018486
767    8.77750205994
821    8.82113313675
826    8.85930800438
825    8.89252400398
826    8.9239859581
825    8.95587611198
856    8.99932217598
822    9.03774499893
781    9.0703830719
766    9.12032914162
825    9.15288114548
821    9.18525004387
822    9.22874712944
769    9.26716899872
835    9.31032800674
826    9.34351706505
785    9.3714761734
804    9.40444302559
770    9.43240118027
770    9.46543717384
825    9.50859904289
827    9.54528403282
825    9.58351206779
799    9.62702512741
765    9.66527509689
875    9.70746707916
767    9.73951196671
857    9.77347517014
799    9.80189704895
824    9.83254718781
802    9.87105417252
786    9.90408802032
843    9.93737506866
826    9.97570705414
804    10.0042879581
802    10.037238121
819    10.0755000114
785    10.1136369705
805    10.1718010902
860    10.2044661045
859    10.2383761406
822    10.2814941406
806    10.3163070679
804    10.3512570858
754    10.3827199936
851    10.4260611534
735    10.4566471577
821    10.4873540401
770    10.5280811787
828    10.5590031147
764    10.5972230434
830    10.6349179745
770    10.6734950542
826    10.7220890522
799    10.7603430748
753    10.8000299931
835    10.83761096
823    10.8807880878
763    10.9075810909
841    10.9509401321
787    10.9882500172
772    11.0235421658
781    11.0620291233
735    11.105807066
763    11.1491851807
770    11.1876440048
780    11.2305231094
753    11.2606620789
783    11.3041770458
784    11.3424050808
799    11.3856601715
786    11.4213001728
785    11.4653480053
736    11.4936361313
804    11.5293731689
806    11.5634410381
786    11.59760499
755    11.6317470074
748    11.6629390717
765    11.7033410072
766    11.7417180538
818    11.7796411514
733    11.8106040955
767    11.8539290428
784    11.897135973
749    11.9309251308
750    11.9646780491
715    11.993170023
751    12.0266451836
802    12.0705170631
750    12.1072740555
789    12.1490061283
750    12.1871399879
712    12.21529603
738    12.2496750355
732    12.2778661251
831    12.3110051155
734    12.3392860889
718    12.3734710217
701    12.4151601791
772    12.4577801228
748    12.4961690903
783    12.5397391319
712    12.5832660198
786    12.6210391521
767    12.6487100124
795    12.6825129986
766    12.7156281471
738    12.7440161705
737    12.7749171257
751    12.8071260452
770    12.8403501511
717    12.8940160275
716    12.9423789978
753    12.9856910706
757    13.0236980915
805    13.0567231178
799    13.0877239704
717    13.118227005
749    13.1486661434
799    13.1846079826
770    13.2281980515
836    13.2620091438
717    13.300162077
835    13.3282899857
790    13.3663640022
739    13.4098861217
751    13.443582058
754    13.4762179852
764    13.5196261406
771    13.5473160744
718    13.5833611488
737    13.6217551231
751    13.6648540497
767    13.7068331242
763    13.7449769974
748    13.7881970406
756    13.8262441158
738    13.8730239868
688    13.9102921486
684    13.9534630775
722    13.9887909889
738    14.0260109901
722    14.0575711727
702    14.1008181572
804    14.1391170025
783    14.1969571114
736    14.2349281311
824    14.2625770569
767    14.2953541279
786    14.3238580227
786    14.3599991798
731    14.3920571804
754    14.42258811
803    14.4536931515
719    14.49051404
773    14.5222301483
736    14.5503680706
736    14.5885770321
755    14.6419460773
716    14.6800999641
719    14.7118680477
719    14.742180109
803    14.7744121552
686    14.8049571514
737    14.8376059532
666    14.8806800842
767    14.9241850376
750    14.961933136
750    14.9884710312
719    15.0205559731
717    15.0522801876
700    15.0884230137
769    15.1367490292
751    15.1748430729
717    15.2089381218
783    15.2472741604
783    15.2800731659
697    15.3234400749
769    15.3513600826
746    15.3783261776
788    15.417071104
769    15.4437849522
767    15.4873800278
767    15.5250241756
770    15.5559120178
765    15.5868279934
749    15.6152040958
733    15.6520650387
747    15.6904850006
694    15.7341020107
748    15.7723741531
717    15.8056640625
783    15.840734005
788    15.8827550411
700    15.9205780029
734    15.950535059
687    15.98569417
682    16.0191941261
766    16.0596561432
733    16.1006519794
783    16.1271941662
700    16.1592710018
732    16.1877989769
750    16.2210521698
667    16.258742094
770    16.301666975
784    16.329198122
782    16.3611190319
764    16.3917450905
753    16.4254250526
684    16.4540250301
750    16.4926950932
723    16.531452179
757    16.5554490089
755    16.5941569805
683    16.6232931614
799    16.6567111015
785    16.7002820969
783    16.7386431694
766    16.7819960117
734    16.8204741478
715    16.8674271107
734    16.9092800617
769    16.9461369514
783    16.9781041145
748    17.0062329769
719    17.0423600674
839    17.0698270798
733    17.1127691269
751    17.1462769508
686    17.1750710011
682    17.2184619904
719    17.2617771626
752    17.3033270836
734    17.3390541077
739    17.3738820553
739    17.4154341221
