767    0.0379731655121
734    0.0698640346527
823    0.102437019348
679    0.134962081909
787    0.192831993103
749    0.236036062241
734    0.278887033463
768    0.316733121872
807    0.347962141037
753    0.379806041718
788    0.408496141434
785    0.442262172699
735    0.480547189713
785    0.516327142715
753    0.544469118118
752    0.585978984833
735    0.611815214157
770    0.647500991821
785    0.677971124649
752    0.708690166473
735    0.754346132278
754    0.794993162155
750    0.820580005646
749    0.856426000595
820    0.888523101807
748    0.919289112091
855    0.959489107132
787    0.98505616188
768    1.02075004578
806    1.06388115883
712    1.10741710663
799    1.14505720139
737    1.17449307442
739    1.20645403862
735    1.23839902878
766    1.27088403702
732    1.29869699478
751    1.33704018593
827    1.36858105659
774    1.40262699127
753    1.44100618362
805    1.48435115814
788    1.52281117439
733    1.55093502998
732    1.58823513985
750    1.61624312401
804    1.64828419685
788    1.68497109413
785    1.71933412552
852    1.76240110397
767    1.80072307587
850    1.84434318542
787    1.88273310661
783    1.92619419098
733    1.96946120262
790    2.01773905754
753    2.06073021889
804    2.09159421921
804    2.12177705765
818    2.1550090313
767    2.18323612213
729    2.21660113335
838    2.24490499496
804    2.27822113037
799    2.31133008003
767    2.35439801216
767    2.38442802429
819    2.45208001137
819    2.48499512672
767    2.49144220352
739    2.52789902687
0    2.56070113182
783    2.56627416611
843    2.59908413887
0    2.63227105141
773    2.63523221016
767    2.67410802841
786    2.72191905975
783    2.74680304527
788    2.78175115585
767    2.82497406006
804    2.86241102219
799    2.89321517944
805    2.92477607727
804    2.96159911156
767    2.99927210808
805    3.03390407562
751    3.05878710747
771    3.09210419655
767    3.12977099419
767    3.16540312767
716    3.20367908478
805    3.23545718193
753    3.26724720001
767    3.29529309273
807    3.3313601017
791    3.35729908943
780    3.38891911507
750    3.42547607422
837    3.46318006516
767    3.51159620285
767    3.53756999969
735    3.57112908363
799    3.61502408981
798    3.65214705467
788    3.68305706978
840    3.71630001068
786    3.75961399078
835    3.8033850193
753    3.84168601036
781    3.88330507278
804    3.93126010895
769    3.96202611923
753    3.99231004715
825    4.02099204063
755    4.0547721386
749    4.09208011627
762    4.11945509911
839    4.15223407745
732    4.179210186
751    4.21196317673
843    4.24446320534
891    4.2864151001
752    4.32913613319
827    4.37214708328
721    4.39885401726
716    4.43273901939
824    4.47603607178
818    4.51467704773
785    4.54228711128
753    4.57428002357
799    4.62244009972
787    4.66041111946
799    4.70812606812
788    4.74399399757
876    4.77171015739
734    4.80801415443
770    4.84229207039
855    4.87969112396
839    4.92211103439
799    4.95784020424
783    4.98649120331
769    5.02105498314
787    5.04585909843
785    5.08186721802
840    5.11820101738
785    5.15498805046
781    5.1935031414
799    5.22193717957
858    5.25522899628
859    5.28456115723
799    5.3180232048
803    5.34642910957
824    5.37897801399
804    5.42173504829
783    5.4503800869
843    5.48403310776
770    5.51273918152
767    5.54652619362
821    5.58055305481
827    5.61794710159
788    5.65284919739
803    5.67793107033
788    5.70970606804
787    5.7465031147
857    5.77989816666
803    5.8232691288
771    5.86099815369
769    5.89599704742
783    5.92577600479
831    5.96924304962
769    6.00061821938
782    6.04445815086
839    6.08267712593
763    6.11093401909
876    6.15394306183
909    6.19739198685
767    6.23369312286
753    6.26484107971
782    6.31304311752
799    6.34885907173
839    6.39016318321
783    6.42223215103
784    6.46550512314
856    6.49207901955
875    6.52806901932
802    6.57095003128
839    6.59458303452
840    6.63302016258
825    6.6773121357
752    6.71622109413
842    6.75960612297
806    6.79702711105
788    6.82819199562
788    6.859552145
822    6.89165210724
843    6.93510913849
799    6.97324705124
876    7.01634502411
799    7.04387116432
839    7.07714700699
859    7.12564206123
823    7.17238306999
786    7.20502305031
840    7.23274207115
788    7.26541805267
788    7.29812502861
843    7.33591914177
842    7.36366605759
839    7.39640402794
786    7.42419910431
702    7.46198511124
820    7.49970412254
838    7.53245019913
785    7.57020807266
770    7.60787510872
788    7.64577007294
767    7.68406701088
805    7.72587513924
771    7.76454615593
783    7.80692601204
854    7.84481215477
805    7.87834310532
770    7.92187905312
803    7.95994710922
788    7.98673009872
788    8.02016210556
802    8.05357217789
839    8.09197402
804    8.12035918236
771    8.15167403221
786    8.18406510353
786    8.22252416611
808    8.257158041
819    8.30062007904
785    8.33948111534
808    8.37140703201
805    8.41465306282
807    8.44096112251
802    8.48462700844
770    8.52284407616
770    8.55032110214
837    8.58325600624
751    8.61738014221
824    8.65595221519
799    8.69919109344
799    8.74257111549
765    8.80719709396
803    8.87037801743
803    8.90921807289
806    8.91416811943
772    8.94221115112
0    8.97555613518
786    8.98397517204
799    9.00434803963
0    9.0373840332
802    9.04534220695
766    9.09877419472
0    9.14124417305
771    9.14583301544
824    9.17530608177
805    9.22041416168
756    9.25033307076
754    9.27639007568
799    9.3135831356
851    9.35702800751
843    9.40516018867
817    9.43373918533
837    9.46717119217
787    9.50513315201
797    9.54371809959
764    9.58737206459
827    9.62303805351
799    9.6540491581
799    9.68649721146
826    9.72455000877
756    9.76532816887
893    9.80409312248
712    9.84718704224
825    9.88450813293
749    9.92784118652
844    9.9701590538
767    10.0081450939
733    10.0380411148
803    10.0730772018
757    10.1040270329
787    10.1520659924
755    10.1902611256
714    10.2332110405
841    10.263862133
791    10.2945380211
788    10.3249700069
766    10.3602650166
823    10.3857851028
880    10.4190320969
770    10.4672930241
783    10.5054600239
763    10.5386071205
802    10.5767610073
767    10.6050031185
766    10.6381750107
820    10.6714520454
736    10.7015089989
751    10.7343451977
787    10.7639830112
767    10.7977490425
753    10.8365981579
755    10.8834462166
734    10.9268820286
785    10.9699339867
767    11.0083591938
767    11.0361189842
755    11.0689721107
736    11.1050491333
771    11.1431012154
719    11.1707251072
716    11.2062320709
805    11.2487261295
734    11.2836561203
785    11.3257381916
746    11.3691720963
802    11.4073941708
751    11.4455111027
783    11.4763162136
767    11.5079231262
713    11.5419180393
754    11.5836801529
767    11.621297121
824    11.6522212029
799    11.6840360165
754    11.7261450291
772    11.7683520317
753    11.7964880466
750    11.8255112171
828    11.857047081
767    11.887622118
781    11.9180791378
719    11.9514892101
804    11.9900171757
802    12.0234160423
788    12.0618510246
763    12.0902371407
731    12.1237092018
783    12.1522870064
773    12.1912081242
735    12.2293891907
828    12.267799139
764    12.2984762192
770    12.330450058
769    12.3609340191
748    12.4039561749
788    12.4459891319
750    12.4840061665
717    12.5126101971
766    12.5460660458
736    12.577573061
734    12.6213240623
783    12.6645240784
751    12.7012159824
770    12.7304990292
786    12.763586998
826    12.7952060699
824    12.8380579948
736    12.8803050518
774    12.9204890728
787    12.9589560032
784    12.9918580055
770    13.0342080593
773    13.0620260239
766    13.0954761505
782    13.1412250996
736    13.1746370792
783    13.2180390358
767    13.2613141537
791    13.303178072
790    13.3298711777
788    13.3607661724
772    13.3941102028
784    13.4373121262
717    13.4757170677
799    13.5086660385
717    13.5403900146
717    13.5805749893
700    13.6089081764
753    13.6422641277
752    13.6857550144
702    13.7292611599
769    13.7676241398
803    13.8105690479
697    13.8535041809
746    13.8959021568
751    13.9240171909
752    13.9623150826
787    13.99061203
752    14.0336561203
755    14.0645811558
750    14.0980620384
731    14.1262412071
752    14.1594891548
764    14.2058122158
788    14.2491509914
767    14.2850689888
825    14.3164300919
799    14.3597750664
767    14.3930699825
763    14.4351530075
746    14.4737691879
712    14.5170331001
713    14.5551841259
749    14.5834879875
782    14.6316490173
767    14.6698961258
745    14.7120621204
747    14.7554280758
717    14.7940821648
734    14.8378410339
718    14.8762261868
719    14.906635046
700    14.939551115
715    14.9881122112
697    15.0216031075
717    15.0549800396
767    15.0832781792
717    15.120085001
700    15.1621711254
748    15.2105350494
844    15.2566411495
765    15.2831652164
764    15.3173141479
717    15.349971056
712    15.3782491684
704    15.411342144
698    15.4433231354
733    15.4866352081
735    15.5184230804
719    15.5592041016
770    15.6010260582
765    15.6390900612
719    15.6729900837
784    15.7106690407
733    15.7418050766
732    15.7695682049
753    15.8032910824
752    15.8463480473
753    15.8795590401
749    15.9078691006
764    15.9414851665
716    15.9845421314
767    16.0124971867
770    16.0476341248
784    16.0761802197
770    16.1078810692
767    16.141947031
732    16.1799352169
799    16.2118160725
733    16.2426490784
796    16.2709321976
754    16.3077721596
788    16.3602440357
751    16.3985981941
681    16.4360280037
749    16.4644691944
767    16.4977731705
719    16.531001091
719    16.5741791725
718    16.6017460823
767    16.634013176
750    16.6627860069
767    16.7123310566
765    16.7556660175
788    16.78236413
769    16.8133649826
766    16.8466989994
804    16.8720290661
804    16.905777216
771    16.9474351406
805    16.9821941853
734    17.0207750797
752    17.0568070412
772    17.0946331024
782    17.1224629879
822    17.1653330326
732    17.2032370567
718    17.2260382175
715    17.2588460445
767    17.2916970253
753    17.3244900703
751    17.3523042202
770    17.3851029873
738    17.4129941463
736    17.4508440495
731    17.4786300659
713    17.5113501549
787    17.5441160202
751    17.5869381428
735    17.6147491932
