717    0.0333981513977
684    0.0682010650635
701    0.1106300354
703    0.14902806282
733    0.177355051041
667    0.223551034927
703    0.265931129456
700    0.304154157639
714    0.332352161407
683    0.368980169296
700    0.394821166992
737    0.428872108459
788    0.472144126892
651    0.510403156281
738    0.553909063339
787    0.597510099411
736    0.638548135757
680    0.677113056183
734    0.710409164429
749    0.753961086273
667    0.792330980301
683    0.824458122253
665    0.856017112732
701    0.885682106018
702    0.920901060104
822    0.947884082794
