825    0.0469980239868
773    0.0784459114075
771    0.110379934311
719    0.142189025879
715    0.185475826263
736    0.223482847214
737    0.263062000275
844    0.308213949203
772    0.345489025116
785    0.38852596283
751    0.431882858276
731    0.470613956451
770    0.497215986252
790    0.529036045074
782    0.557361841202
785    0.593960046768
765    0.622988939285
751    0.658231973648
766    0.693223953247
767    0.726377010345
770    0.756822824478
680    0.788908958435
440    0.832415819168
226    0.874534845352
206    0.901057004929
205    0.931946992874
245    0.96800994873
337    1.01037502289
319    1.04678797722
423    1.10511183739
580    1.14318990707
941    1.18565988541
1180    1.21627187729
1186    1.24807190895
1010    1.28037691116
840    1.31135892868
854    1.35908198357
767    1.39695000648
787    1.42854905128
750    1.45916700363
754    1.49568796158
736    1.5291018486
734    1.57201194763
804    1.61594700813
756    1.64073491096
753    1.67571401596
750    1.71929788589
783    1.7574608326
823    1.79555296898
840    1.82644796371
806    1.85718989372
823    1.89552092552
748    1.93415594101
732    1.97750282288
799    2.01577186584
824    2.04236984253
820    2.07046604156
846    2.10907793045
834    2.14449095726
717    2.17809700966
839    2.21433186531
750    2.24771785736
805    2.28974986076
746    2.31281685829
773    2.35136198997
799    2.38983082771
826    2.44284486771
785    2.48367190361
785    2.52248692513
767    2.56605601311
770    2.59310889244
751    2.63625884056
753    2.67846798897
767    2.70303893089
859    2.73766303062
826    2.76765584946
787    2.80108499527
840    2.8395178318
790    2.87878584862
785    2.92222595215
803    2.96470785141
769    3.00361704826
807    3.03148603439
805    3.06491088867
771    3.09642195702
878    3.12852597237
820    3.15981388092
830    3.19211602211
806    3.2323179245
827    3.26428198814
822    3.29542684555
820    3.32509899139
787    3.36004900932
733    3.39854288101
767    3.4421620369
823    3.47078084946
827    3.50500392914
767    3.54385685921
824    3.59208583832
783    3.62793183327
767    3.67554688454
825    3.70322990417
754    3.73571300507
788    3.76957798004
826    3.80830192566
807    3.84065890312
799    3.87904000282
839    3.91748285294
894    3.95580887794
783    3.9915728569
861    4.02902197838
843    4.06011295319
750    4.08826804161
805    4.12285089493
862    4.15419983864
826    4.19755387306
766    4.23591089249
858    4.26922702789
804    4.30729198456
805    4.34296894073
857    4.38367486
770    4.41934704781
769    4.45217895508
842    4.48416686058
799    4.51633691788
861    4.5481159687
804    4.57950687408
805    4.61115002632
799    4.64331698418
799    4.68669390678
822    4.72911000252
859    4.77264595032
846    4.82120394707
855    4.85346198082
839    4.88113594055
894    4.92788696289
787    4.97103285789
841    5.00927686691
766    5.04191684723
786    5.09025788307
858    5.12881088257
857    5.16735386848
802    5.21028494835
823    5.25236487389
802    5.27877902985
845    5.31398200989
803    5.34404802322
802    5.37881302834
877    5.41908192635
877    5.4523768425
840    5.48415589333
837    5.51299786568
858    5.54641699791
820    5.59009599686
799    5.6337518692
799    5.67668390274
888    5.71526694298
839    5.75800585747
840    5.79877781868
805    5.82451105118
827    5.86038684845
799    5.88639187813
805    5.92342782021
875    5.96596693993
843    6.00924992561
843    6.04663085938
857    6.08434581757
839    6.11295795441
842    6.1549179554
842    6.19330883026
894    6.24042797089
858    6.27858185768
846    6.3035838604
843    6.33697986603
841    6.36391401291
911    6.40370702744
860    6.43013191223
785    6.47618985176
890    6.50931501389
846    6.53459382057
840    6.57169485092
874    6.6101398468
891    6.63933396339
824    6.67175793648
838    6.69985604286
878    6.74167299271
860    6.77946400642
880    6.80854082108
877    6.84265494347
821    6.88176894188
872    6.90594100952
842    6.94006085396
824    6.97428202629
858    7.00354099274
860    7.03470993042
919    7.06794190407
891    7.10625696182
986    7.13470196724
1023    7.17168188095
1112    7.20635485649
1231    7.2426879406
1294    7.27727794647
1316    7.3071949482
1304    7.3506360054
442    7.38785505295
441    7.42366099358
442    7.462059021
424    7.5053229332
374    7.53676605225
371    7.56532096863
373    7.59371185303
226    7.6421148777
140    7.67915391922
406    7.71784281731
824    7.76115489006
803    7.79055285454
836    7.81850099564
843    7.85211801529
845    7.88500189781
857    7.92818403244
806    7.96235084534
799    8.00683093071
860    8.04531502724
843    8.07369184494
841    8.11236190796
803    8.13926887512
834    8.17218399048
806    8.20228981972
863    8.23428487778
892    8.27645301819
842    8.3151948452
846    8.3522670269
806    8.4005548954
805    8.42794299126
803    8.45537686348
858    8.48273587227
799    8.51019382477
897    8.54364705086
891    8.57203197479
856    8.60548496246
874    8.63396382332
842    8.66742396355
827    8.69579696655
820    8.73426890373
842    8.76773285866
819    8.80621290207
823    8.83968687057
858    8.87815093994
861    8.90656495094
825    8.94005894661
874    8.9736058712
863    9.00748491287
843    9.04578304291
860    9.08957695961
860    9.13081789017
860    9.16911697388
780    9.21215200424
856    9.25636482239
856    9.28088784218
860    9.31354689598
876    9.35695886612
843    9.40053701401
803    9.43773293495
826    9.4698138237
846    9.51302504539
843    9.54138493538
839    9.57473492622
852    9.61849999428
888    9.66170883179
860    9.70503687859
799    9.73861789703
859    9.77204084396
859    9.80371499062
799    9.84728884697
926    9.89104795456
842    9.93404984474
807    9.96426105499
799    10.0075130463
827    10.0326578617
877    10.0710089207
852    10.1096608639
861    10.1460208893
909    10.1817688942
823    10.2164850235
944    10.2450430393
826    10.279476881
807    10.3195648193
805    10.3579359055
843    10.3883099556
830    10.4320409298
770    10.4706189632
827    10.5140779018
826    10.5573999882
799    10.5955429077
766    10.638892889
799    10.6771709919
838    10.7055959702
829    10.7405178547
804    10.7904658318
827    10.8254668713
807    10.8605418205
790    10.8986058235
803    10.9368858337
807    10.9691188335
875    11.0122628212
787    11.0553150177
846    11.0961818695
783    11.1369700432
861    11.1628448963
842    11.1962089539
840    11.240090847
862    11.2836298943
807    11.3286299706
789    11.3649909496
764    11.3906788826
766    11.4265320301
839    11.4700078964
767    11.5169780254
808    11.5576360226
785    11.5946998596
785    11.6382238865
854    11.6817350388
784    11.7216148376
804    11.748472929
822    11.7766139507
826    11.8131890297
804    11.8563580513
860    11.8944330215
860    11.9288878441
782    11.9646658897
750    11.9909219742
823    12.0263688564
862    12.0597259998
824    12.0974638462
799    12.1258609295
769    12.1737558842
751    12.2106800079
821    12.2422499657
825    12.2761218548
783    12.3161509037
752    12.3545188904
769    12.3929548264
767    12.4359219074
911    12.4684679508
838    12.4961228371
803    12.5288310051
781    12.5615079403
751    12.5892219543
763    12.6374869347
823    12.6757600307
785    12.7132639885
803    12.756567955
781    12.8036289215
767    12.8369448185
752    12.8770959377
694    12.912293911
799    12.9398398399
804    12.9729938507
736    13.0164768696
788    13.0587089062
771    13.1069238186
771    13.139744997
844    13.185833931
745    13.2190198898
753    13.2575888634
841    13.294631958
804    13.3281369209
767    13.366519928
799    13.3997478485
736    13.4355969429
736    13.473443985
731    13.5150220394
770    13.5521080494
766    13.5852530003
750    13.6135368347
762    13.6467380524
762    13.6952710152
762    13.7331428528
784    13.7711420059
802    13.8145978451
767    13.8527710438
805    13.8904099464
731    13.9325499535
808    13.9645149708
796    14.0074908733
841    14.0412068367
780    14.0700600147
785    14.1037259102
786    14.1322929859
791    14.165968895
786    14.1898179054
700    14.2286498547
734    14.2674639225
838    14.29626894
786    14.330051899
774    14.3638319969
755    14.3877389431
805    14.4216768742
797    14.455644846
822    14.4895658493
733    14.5284819603
766    14.5623970032
789    14.5863099098
787    14.6256079674
717    14.6641919613
751    14.6917369366
785    14.7292108536
700    14.7612009048
767    14.7913298607
787    14.819453001
719    14.8531179428
718    14.8885099888
788    14.926555872
734    14.9588978291
823    15.0015208721
781    15.0399038792
733    15.0815830231
733    15.1074998379
822    15.1409828663
799    15.1943500042
766    15.2372028828
787    15.2707409859
788    15.3065140247
799    15.3539819717
784    15.3965778351
769    15.4351968765
767    15.4679980278
766    15.5107848644
785    15.549451828
786    15.5915219784
786    15.6230118275
797    15.6512088776
746    15.684499979
799    15.7156829834
683    15.7585828304
767    15.7992060184
824    15.827960968
739    15.858825922
734    15.8875749111
803    15.9209618568
770    15.9567568302
751    15.9949278831
895    16.0366978645
783    16.0633978844
785    16.0952768326
787    16.1277649403
786    16.1668658257
788    16.1936099529
751    16.2255690098
804    16.2581019402
855    16.3016648293
826    16.3377568722
702    16.3738698959
802    16.411411047
768    16.4481108189
773    16.484555006
756    16.5260469913
748    16.5640399456
750    16.5958518982
751    16.6288080215
770    16.6617970467
819    16.6901779175
788    16.7386808395
699    16.7765729427
788    16.8065309525
783    16.837528944
697    16.8814368248
802    16.9213058949
805    16.9461970329
770    16.9794750214
768    17.0146050453
785    17.044729948
788    17.0752630234
751    17.1037769318
823    17.1373310089
753    17.1809380054
788    17.2233388424
803    17.2615180016
731    17.3046498299
716    17.3479628563
765    17.3857958317
748    17.4296460152
736    17.4560618401
767    17.4848370552
788    17.5186288357
791    17.562171936
771    17.5955920219
771    17.6211929321
751    17.6516280174
697    17.6842830181
678    17.726829052
797    17.7543940544
752    17.7869968414
749    17.814540863
746    17.8474328518
767    17.8746449947
786    17.907668829
753    17.941380024
750    17.9667448997
771    18.0059478283
