827    0.0328891277313
803    0.0762410163879
797    0.118598222733
847    0.156340122223
806    0.187992095947
791    0.217092037201
780    0.244081020355
787    0.281670093536
804    0.32718706131
843    0.358625173569
786    0.400266170502
822    0.431190013885
750    0.463101148605
803    0.495024204254
770    0.527667045593
860    0.570284128189
783    0.607886075974
877    0.634748220444
875    0.666188001633
765    0.699384212494
868    0.74308514595
825    0.785989999771
799    0.82390999794
823    0.867482185364
752    0.906052112579
783    0.949415206909
805    0.987789154053
770    1.03195905685
843    1.07975912094
824    1.11262607574
839    1.14102315903
843    1.1778011322
852    1.21921920776
845    1.24761605263
841    1.28090119362
840    1.31445407867
856    1.35779309273
860    1.39592909813
840    1.42394018173
825    1.46089506149
805    1.5041000843
804    1.54235506058
853    1.58048200607
767    1.61270213127
864    1.64451408386
843    1.67613816261
840    1.70853304863
802    1.7465171814
802    1.77972722054
841    1.82794904709
853    1.86424016953
857    1.90739417076
884    1.95152401924
844    1.97567415237
843    2.00982522964
844    2.04435110092
825    2.08228516579
857    2.11530208588
840    2.15858507156
875    2.20153903961
826    2.23995614052
803    2.26873803139
865    2.30674600601
876    2.34398722649
838    2.38243818283
881    2.41420912743
871    2.44589519501
844    2.47608304024
903    2.50849914551
903    2.53583621979
827    2.56551122665
824    2.60369205475
805    2.63546419144
921    2.67887020111
842    2.7046751976
858    2.7379322052
836    2.771474123
920    2.81415319443
826    2.84252810478
860    2.87095403671
856    2.90351700783
852    2.93086409569
876    2.96432900429
950    2.99271416664
891    3.02658700943
824    3.05755805969
911    3.08756804466
895    3.12271523476
856    3.14838314056
821    3.19196820259
837    3.23434114456
858    3.26846504211
860    3.30276012421
862    3.33826518059
861    3.37240004539
828    3.39646720886
893    3.45689201355
893    3.48925304413
862    3.49373221397
859    3.53040409088
0    3.56505823135
878    3.57133316994
861    3.59998703003
0    3.63729715347
835    3.64286613464
840    3.69132113457
0    3.72449421883
824    3.73103904724
827    3.76133918762
0    3.80398201942
892    3.81037402153
913    3.8487701416
839    3.87806105614
841    3.91413617134
863    3.96209406853
843    3.99914216995
846    4.03480505943
877    4.07828712463
854    4.10536122322
861    4.13824319839
785    4.17645001411
828    4.21328902245
860    4.24473118782
908    4.28075313568
803    4.30651116371
859    4.35225605965
844    4.38319706917
877    4.41143202782
873    4.44832110405
889    4.48501706123
843    4.51705813408
891    4.56316113472
891    4.60054016113
839    4.64324116707
895    4.67406606674
859    4.71643900871
824    4.74555420876
860    4.78019809723
877    4.81970906258
919    4.85814809799
838    4.89695811272
843    4.92864513397
888    4.96357917786
873    5.00169301033
829    5.03258419037
827    5.06462907791
871    5.10811209679
895    5.14647817612
908    5.18990421295
860    5.22835922241
860    5.25709199905
855    5.28896903992
862    5.32413506508
802    5.35099315643
846    5.38298511505
877    5.42421722412
895    5.47002911568
841    5.5081820488
875    5.5514831543
878    5.58974719048
828    5.62144303322
842    5.65315103531
893    5.70101308823
861    5.75349402428
878    5.78574109077
877    5.81659007072
892    5.84875512123
875    5.89715409279
876    5.93514609337
803    5.97297406197
858    6.00645709038
887    6.0495891571
987    6.07480216026
911    6.11088299751
905    6.14663004875
874    6.18545818329
894    6.22378706932
891    6.26211500168
875    6.30586409569
908    6.34419608116
912    6.3709461689
901    6.40407705307
911    6.43778920174
893    6.4664721489
959    6.50468802452
895    6.54698300362
873    6.57796621323
860    6.6086640358
861    6.63963508606
803    6.67314600945
858    6.71515417099
873    6.75775122643
893    6.78561902046
856    6.81890010834
895    6.84965610504
808    6.89029622078
826    6.92844510078
839    6.96688818932
861    7.01929521561
890    7.05685520172
835    7.1000790596
856    7.14304614067
923    7.16858911514
874    7.19656014442
894    7.23399209976
804    7.27248311043
856    7.32545208931
843    7.35386514664
856    7.39698719978
938    7.42517018318
806    7.45855617523
805    7.48869800568
874    7.52388906479
835    7.57634615898
877    7.61720919609
829    7.64295601845
826    7.67876505852
838    7.72036600113
787    7.75756406784
941    7.78941917419
911    7.82086515427
824    7.85436320305
847    7.88278007507
834    7.91618514061
827    7.95626306534
857    7.99973106384
860    8.03306412697
857    8.06608819962
823    8.09877610207
907    8.13189411163
889    8.16861009598
839    8.22157406807
798    8.25500702858
804    8.291711092
862    8.329829216
783    8.37128400803
824    8.40974521637
767    8.45285320282
836    8.48207306862
821    8.52659606934
903    8.57494902611
841    8.61319804192
825    8.65128517151
827    8.68190813065
910    8.71757411957
839    8.75828909874
843    8.79434013367
886    8.83000612259
839    8.87077021599
825    8.89662909508
786    8.9424431324
871    8.96887016296
791    9.00845003128
809    9.04762816429
822    9.08297801018
785    9.11131000519
783    9.14467716217
754    9.1829662323
868    9.21830701828
873    9.24626207352
828    9.28200507164
867    9.32538318634
783    9.35803723335
841    9.39122605324
853    9.43436312675
872    9.47771215439
851    9.5045311451
805    9.53719902039
802    9.58061599731
799    9.62413620949
803    9.65682005882
807    9.70001006126
841    9.74341416359
865    9.78690600395
785    9.8250682354
802    9.86851811409
841    9.89546108246
865    9.92350912094
799    9.95763206482
820    9.99186611176
823    10.0364232063
767    10.0723190308
844    10.1139860153
857    10.1517782211
843    10.1826450825
839    10.2192680836
839    10.2577660084
782    10.284632206
799    10.316395998
864    10.3483941555
859    10.3759160042
854    10.4093661308
735    10.4456651211
788    10.4817781448
828    10.512606144
853    10.5451221466
846    10.5768420696
836    10.6085970402
824    10.6604142189
805    10.7238910198
823    10.7562890053
824    10.7835612297
903    10.810945034
844    10.8484392166
799    10.8757610321
824    10.9032051563
837    10.9360852242
785    10.9799191952
767    11.0227730274
767    11.0658500195
827    11.1060760021
827    11.1443011761
766    11.1822891235
719    11.2124221325
802    11.2457530499
755    11.282474041
797    11.3151581287
860    11.3430550098
860    11.3671541214
785    11.4003870487
765    11.4288270473
786    11.4656522274
805    11.5083260536
860    11.5509250164
830    11.5878140926
885    11.6312150955
785    11.6696381569
781    11.7029020786
755    11.7463190556
865    11.7845001221
824    11.8172941208
749    11.8607831001
788    11.9040510654
826    11.9476101398
810    11.9807600975
785    12.0132181644
737    12.0506651402
770    12.0780551434
767    12.1059951782
766    12.1543660164
782    12.187857151
765    12.2321541309
804    12.2710151672
803    12.3145170212
826    12.3571760654
799    12.394108057
826    12.4371330738
748    12.4798541069
783    12.5070130825
789    12.5391321182
753    12.5712771416
841    12.6030101776
803    12.6439051628
766    12.6890761852
767    12.7221531868
819    12.7553071976
767    12.798828125
840    12.8416180611
847    12.8850080967
770    12.9182031155
765    12.9514651299
749    12.9848060608
802    13.0228071213
827    13.0626180172
796    13.0876321793
773    13.1275911331
790    13.162856102
826    13.1908910275
825    13.2267541885
842    13.2621600628
820    13.2908952236
783    13.3342101574
788    13.3755271435
753    13.4189090729
848    13.4573740959
819    13.5008080006
851    13.5381600857
821    13.5663552284
796    13.5995671749
844    13.6299831867
774    13.6650810242
774    13.6919081211
767    13.729943037
734    13.7733402252
804    13.8171651363
827    13.8480892181
853    13.8908941746
826    13.9330050945
827    13.9715621471
736    14.0149431229
752    14.0583381653
783    14.0973091125
750    14.1408522129
771    14.1843030453
769    14.2267100811
825    14.2652280331
749    14.3089580536
782    14.3475131989
842    14.3916501999
736    14.4352710247
788    14.4686331749
804    14.5220770836
814    14.5548160076
769    14.5980632305
864    14.6413471699
767    14.6893200874
799    14.7216641903
783    14.7532680035
783    14.7850620747
901    14.8168451786
839    14.8503482342
780    14.8787891865
841    14.9171051979
821    14.9404652119
774    14.9839930534
782    15.0178751945
732    15.0462682247
735    15.07467103
799    15.1122891903
782    15.1507740021
767    15.1950860023
788    15.2294371128
766    15.2646532059
766    15.2981750965
785    15.3415551186
804    15.3902161121
752    15.428276062
802    15.4663991928
785    15.4996130466
871    15.5433831215
786    15.5819981098
799    15.6143240929
749    15.6579351425
751    15.696573019
799    15.7289040089
802    15.7729041576
751    15.8112840652
799    15.8542380333
771    15.8846261501
825    15.915402174
840    15.9475331306
849    15.9906411171
763    16.0191321373
767    16.0550842285
825    16.0931241512
823    16.1384692192
781    16.182087183
824    16.2254462242
799    16.2671411037
753    16.2959902287
863    16.32685709
803    16.3690130711
785    16.3965790272
785    16.4291660786
803    16.4667890072
767    16.4943490028
805    16.5273442268
864    16.5697231293
805    16.6137111187
886    16.6573810577
799    16.6910111904
822    16.7195260525
804    16.7528340816
840    16.7866470814
799    16.8200612068
737    16.8587760925
843    16.9023170471
841    16.9454450607
784    16.9842340946
883    17.0131640434
843    17.0600860119
824    17.0933601856
805    17.1265439987
770    17.1597092152
806    17.2026741505
828    17.2303681374
847    17.2735412121
767    17.3008351326
806    17.3357300758
821    17.3620212078
808    17.3952660561
803    17.433175087
842    17.4678821564
771    17.5071780682
802    17.5498950481
838    17.5809152126
805    17.6118540764
802    17.6402862072
734    17.6781542301
767    17.7155981064
824    17.759114027
823    17.7973330021
769    17.8269691467
823    17.8666322231
805    17.9062261581
831    17.9308052063
821    17.9653830528
753    17.9950110912
886    18.0295491219
