2242    0.0369398593903
2252    0.0761270523071
2240    0.10973405838
2247    0.152714967728
2259    0.185179948807
2247    0.21257686615
2256    0.25509095192
2257    0.292550086975
2303    0.320034980774
2245    0.352576971054
2254    0.384999036789
2273    0.417414903641
2278    0.45486497879
2279    0.487158060074
2292    0.519391059875
2354    0.546689033508
2312    0.579001903534
2320    0.635948896408
2320    0.68324804306
2328    0.685360908508
2331    0.73243689537
2353    0.759757041931
2341    0.797162055969
2349    0.824532032013
2348    0.851840019226
2367    0.884855985641
2372    0.92866396904
2370    0.972368955612
2393    1.01004195213
2393    1.03612303734
2411    1.07981491089
2401    1.12200307846
2420    1.15578603745
2472    1.18966007233
2434    1.22838187218
2440    1.26710104942
2448    1.29591989517
2460    1.3347568512
2456    1.37358689308
2480    1.41694307327
2484    1.4551680088
2496    1.4973859787
2529    1.5460319519
2550    1.58395600319
2576    1.61629104614
2590    1.64883089066
2588    1.69236493111
2602    1.73491001129
2601    1.77823901176
2585    1.81646990776
2553    1.85495400429
2538    1.89819788933
2513    1.95084190369
2491    1.98435306549
2485    2.01776504517
2487    2.04915904999
2490    2.09219789505
2476    2.13068699837
2480    2.17419600487
2465    2.21746397018
2461    2.26571702957
2439    2.30908608437
2411    2.34755396843
2411    2.39098286629
2441    2.4345510006
2403    2.47299098969
2379    2.5164308548
2358    2.55460906029
2366    2.59789800644
2352    2.65137791634
2334    2.68938994408
2339    2.72009801865
2315    2.7629430294
2302    2.80125999451
2300    2.83486795425
2299    2.86788606644
2278    2.89979290962
2293    2.93322896957
2276    2.96169185638
2287    3.0001680851
2288    3.02868390083
2320    3.0621919632
2273    3.10611701012
2269    3.14481496811
2270    3.18821907043
2256    3.22670102119
2256    3.26991605759
2252    3.30815696716
2258    3.33577990532
2264    3.37300300598
2260    3.41437101364
2249    3.45286893845
2251    3.49607896805
2248    3.52270197868
2254    3.56294107437
2238    3.59974193573
2235    3.63664698601
2285    3.66816687584
2237    3.70046305656
2251    3.73808789253
2248    3.77685785294
2235    3.82018303871
2288    3.85852503777
2232    3.88984704018
2251    3.9211909771
2244    3.95182800293
2248    3.98265600204
2248    4.02833795547
2232    4.07112407684
2238    4.11427998543
2240    4.13989806175
2248    4.18756985664
2291    4.2200319767
2254    4.25223088264
2255    4.29563593864
2261    4.33823490143
2279    4.36577391624
2263    4.39764690399
2280    4.42583394051
2281    4.4625658989
2297    4.50063204765
2293    4.53258705139
2284    4.57596206665
2302    4.61915802956
2334    4.65664887428
2361    4.68876504898
2349    4.73197603226
2381    4.77552294731
2398    4.81890487671
2385    4.85706806183
2403    4.90080690384
2423    4.9377720356
2416    4.98072004318
2447    5.0194940567
2438    5.0432009697
2451    5.08193802834
2441    5.11063694954
2452    5.14503097534
2462    5.17185306549
2465    5.20372605324
2459    5.23620796204
2470    5.26846694946
2469    5.30963897705
2470    5.33807492256
2469    5.37787985802
2528    5.40344595909
2488    5.43828296661
2496    5.48172187805
2497    5.52479100227
2509    5.55020785332
2533    5.59064388275
2526    5.62892198563
2539    5.66696500778
2554    5.6988658905
2572    5.74186086655
2586    5.78517603874
2598    5.82191085815
2648    5.86033201218
2659    5.89875102043
2611    5.94250106812
2595    5.99135088921
2584    6.02264904976
2569    6.06568789482
2585    6.10872101784
2520    6.13483095169
2486    6.17494797707
2502    6.21830105782
2436    6.25649094582
2432    6.2926568985
2403    6.3275949955
2392    6.36765098572
2398    6.40251398087
2376    6.43245100975
2391    6.46735286713
2381    6.49397492409
2372    6.52472686768
2350    6.56570601463
2351    6.61167192459
2338    6.64747095108
2324    6.68944096565
2316    6.73240804672
2303    6.76910185814
2298    6.79822397232
2284    6.8269200325
2266    6.86506295204
2264    6.89139890671
2259    6.92512202263
2256    6.96799302101
2265    6.99910902977
2242    7.04782605171
2251    7.08432388306
2249    7.11013889313
2226    7.15350699425
2219    7.18667793274
2224    7.21538186073
2206    7.25851202011
2218    7.28856992722
2209    7.32882404327
2196    7.36704492569
2195    7.40438008308
2188    7.43890500069
2179    7.47700595856
2168    7.50902891159
2168    7.5374250412
2157    7.57112693787
2147    7.60385704041
2142    7.65063500404
2156    7.6888730526
2149    7.73734402657
2152    7.78060793877
2175    7.80624294281
2163    7.83436489105
2223    7.86757397652
2193    7.8962059021
2198    7.93300390244
2217    7.96170902252
2259    7.99540686607
2207    8.024132967
2195    8.06289505959
2186    8.09155201912
2192    8.12730288506
2203    8.1702978611
2188    8.20836496353
2185    8.23512101173
2188    8.27195501328
2180    8.31048607826
2155    8.35368704796
2171    8.38340997696
2234    8.41796708107
2175    8.45638585091
2182    8.48728108406
2187    8.51809692383
2195    8.5487549305
2197    8.57935500145
2222    8.63308501244
2214    8.66844892502
2220    8.70562696457
2229    8.73537302017
2227    8.76875805855
2224    8.80716586113
2222    8.84987306595
2240    8.8880238533
2240    8.93106198311
2250    8.95590090752
2262    8.99095988274
2255    9.0391728878
2275    9.08157086372
2268    9.11439299583
2286    9.14756798744
2290    9.18503308296
2345    9.21914505959
2314    9.25726008415
2376    9.29035997391
2328    9.32875299454
2349    9.36718201637
2396    9.41090893745
2369    9.45955204964
2408    9.50273108482
2373    9.53960394859
2375    9.56790208817
2390    9.6017999649
2442    9.63735699654
2408    9.67513108253
2408    9.71594285965
2419    9.74538207054
2435    9.78168702126
2450    9.82253599167
2439    9.86062192917
2457    9.88885807991
2470    9.92105197906
2463    9.96455001831
2465    10.0079619884
2480    10.05981493
2508    10.1031830311
2525    10.1363759041
2551    10.1746640205
2554    10.1978759766
2559    10.2361059189
2553    10.2743120193
2559    10.307338953
2552    10.3357059956
2547    10.3690900803
2540    10.4073588848
2533    10.453774929
2547    10.4860770702
2484    10.5093128681
2484    10.5478260517
2467    10.5898060799
2441    10.6386928558
2466    10.6718940735
2472    10.6998009682
2423    10.7365288734
2473    10.7784490585
2432    10.8051629066
2416    10.8369469643
2417    10.868917942
2395    10.9172148705
2379    10.9505839348
2363    10.9988379478
2340    11.0271649361
2330    11.0601170063
2331    11.0885679722
2333    11.1207380295
2374    11.1535229683
2360    11.1966669559
2322    11.2257220745
2303    11.2597298622
2282    11.2940318584
2290    11.3285830021
2270    11.3721358776
2270    11.4109680653
2255    11.4439189434
2246    11.4862840176
2248    11.5150508881
2242    11.5551118851
2240    11.5981869698
2225    11.6312229633
2274    11.6744289398
2270    11.717954874
2231    11.7571790218
2210    11.8005440235
2205    11.8380990028
2207    11.8784189224
2207    11.9118359089
2218    11.9407060146
2211    11.9739310741
2198    12.0171980858
2194    12.0654699802
2195    12.0986480713
2195    12.1309559345
2205    12.1637969017
2195    12.19186306
2185    12.2247838974
2201    12.2605319023
2194    12.298776865
2202    12.3267729282
2195    12.3752949238
2201    12.4112589359
2252    12.44196105
2198    12.4726629257
2196    12.5044670105
2190    12.5359919071
2188    12.5681049824
2180    12.5954189301
2181    12.628647089
2179    12.6674580574
2180    12.7013008595
2232    12.7403900623
2175    12.7726888657
2186    12.82117486
2182    12.864356041
2192    12.8905410767
2181    12.9250559807
2173    12.963490963
2175    12.9919669628
2187    13.0290699005
2175    13.0677099228
2173    13.0961480141
2183    13.1283130646
2190    13.1610388756
2175    13.2045829296
2197    13.2481589317
2197    13.2853908539
2202    13.3262770176
2221    13.3645269871
2221    13.40147686
2213    13.4404580593
2228    13.4838769436
2248    13.5097799301
2242    13.5529360771
2259    13.5963840485
2274    13.6343889236
2273    13.6650850773
2279    13.6958320141
2291    13.7265548706
2303    13.7823619843
2314    13.8179750443
2338    13.8482868671
2350    13.8804419041
2361    13.9143588543
2376    13.9407629967
2380    13.975538969
2379    14.0071818829
2389    14.0356009007
2400    14.073143959
2459    14.1116499901
2403    14.1539058685
2407    14.1876978874
2416    14.2196540833
2408    14.2622518539
2401    14.2929639816
2424    14.3270699978
2435    14.3511989117
2432    14.385436058
2444    14.4200458527
2437    14.4581940174
2502    14.4919290543
2503    14.5156800747
2462    14.5549340248
2468    14.5886800289
2528    14.6325099468
2505    14.6666688919
2553    14.7099728584
2544    14.7478420734
2537    14.7762129307
2537    14.8146190643
2597    14.8537170887
2539    14.8919248581
2524    14.9338319302
2517    14.9567959309
2472    14.9941358566
2444    15.0214929581
2456    15.0538480282
2440    15.0811729431
2409    15.1136009693
2394    15.1459128857
2423    15.1782970428
2392    15.2107889652
2379    15.248306036
2365    15.2758378983
2361    15.3084030151
2344    15.3414099216
2357    15.385076046
2339    15.4165709019
2378    15.4600138664
2367    15.495923996
2366    15.5379400253
2303    15.5661299229
2301    15.5991470814
2296    15.6371359825
2296    15.6651198864
2281    15.6979608536
2275    15.7309410572
2314    15.7742290497
2247    15.8124918938
2240    15.8508479595
2236    15.8839840889
2223    15.9273610115
2209    15.9707069397
2258    16.0136489868
2218    16.0528628826
2200    16.0806000233
2238    16.1226458549
2193    16.1662349701
2197    16.2046570778
2201    16.2366728783
2229    16.268832922
2183    16.3120958805
2179    16.3505399227
2175    16.3836100101
2221    16.4202520847
2173    16.4514288902
2165    16.4793870449
2164    16.5167798996
2150    16.5539219379
2146    16.5858309269
2193    16.6164228916
2130    16.6629838943
2134    16.6965548992
2118    16.7286009789
2127    16.7612910271
2175    16.8023190498
2118    16.8407008648
2118    16.8838989735
2131    16.9142050743
2175    16.9577710629
2132    16.9984118938
2154    17.0266299248
2170    17.0598249435
2165    17.0930490494
2164    17.1312839985
2178    17.1645259857
2172    17.207670927
2195    17.2358400822
2194    17.269092083
2192    17.2976469994
2189    17.3308858871
2198    17.3772089481
2172    17.4149169922
2226    17.4424300194
2181    17.4758310318
2188    17.521545887
2189    17.563945055
2168    17.6070179939
2168    17.6450829506
2183    17.6781790257
2181    17.7061619759
2228    17.7342159748
2188    17.7722098827
2175    17.8076469898
2198    17.8394019604
2198    17.893996954
2193    17.8966500759
2269    17.9268200397
0    17.9594519138
2218    17.9629628658
2232    17.9929749966
0    18.0211009979
