2066    0.0383229255676
2079    0.0814061164856
2082    0.110337972641
2108    0.146336078644
2105    0.185408115387
2119    0.228604078293
2134    0.271909952164
2150    0.314868927002
2151    0.340703964233
2140    0.373538970947
2152    0.405210971832
2150    0.448473930359
2167    0.482616901398
2166    0.517085075378
2152    0.550097942352
2150    0.577980041504
2156    0.625729084015
2153    0.673404932022
2158    0.716748952866
2149    0.759998083115
2163    0.796931028366
2163    0.82936501503
2190    0.860981941223
2185    0.892853021622
2196    0.925426006317
2225    0.968528985977
2303    1.00678610802
2328    1.03514194489
2322    1.06878709793
2330    1.10181307793
2361    1.13283896446
2349    1.16371893883
2358    1.20720696449
2364    1.25067901611
2367    1.2876560688
2367    1.33112001419
2359    1.37454390526
2357    1.41300797462
2347    1.44138097763
2358    1.47469592094
2358    1.50968909264
2403    1.53964710236
2353    1.56955599785
2369    1.60454010963
2373    1.63459992409
2374    1.6655189991
2424    1.70909190178
2392    1.75722908974
2444    1.79823207855
2390    1.82828903198
2405    1.85820508003
2396    1.90836811066
2420    1.94952392578
2467    1.97616195679
2416    2.00789403915
2413    2.0361559391
2424    2.0693860054
2432    2.11260294914
2435    2.15550804138
2455    2.19336795807
2461    2.24032497406
2461    2.27867603302
2481    2.30686903
2481    2.34243607521
2496    2.38432407379
2509    2.42624306679
2522    2.46444606781
2519    2.50775504112
2540    2.54603290558
2559    2.57845902443
2572    2.6268260479
2632    2.66975307465
2643    2.70390105247
2606    2.74300098419
2637    2.77246594429
2625    2.81520605087
2649    2.84871292114
2712    2.88953208923
2675    2.92293000221
2675    2.95147109032
2721    2.98428106308
2687    3.01808691025
2704    3.05205011368
2699    3.08754491806
2715    3.12356710434
2708    3.16489195824
2710    3.20264911652
2719    3.24622392654
2713    3.28487706184
2715    3.31750202179
2725    3.34871196747
2719    3.38149809837
2720    3.40931010246
2713    3.447067976
2714    3.48991703987
2712    3.52796506882
2724    3.5511701107
2721    3.59016108513
2716    3.63374209404
2713    3.67225193977
2725    3.70399212837
2725    3.73493003845
2713    3.7670340538
2711    3.82006001472
2711    3.85834312439
2722    3.89400911331
2720    3.92597103119
2713    3.96691989899
2712    4.0104470253
2774    4.05284690857
2762    4.07859110832
2761    4.11431002617
2714    4.14502501488
2760    4.17711400986
2712    4.21444296837
2711    4.26672911644
2713    4.31000208855
2721    4.34671998024
2720    4.38367199898
2709    4.4172410965
2768    4.44983410835
2704    4.49350094795
2757    4.52501296997
2700    4.55576896667
2746    4.58653593063
2683    4.62398195267
2659    4.66473197937
2650    4.69901609421
2628    4.73167204857
2625    4.7625079155
2672    4.79411792755
2626    4.82408094406
2615    4.85784912109
2659    4.88892006874
2599    4.93250608444
2592    4.97070908546
2583    4.99895811081
2559    5.03688502312
2545    5.07489895821
2537    5.10526895523
2525    5.14683103561
2539    5.18063592911
2524    5.21435689926
2521    5.23857998848
2494    5.27204489708
2493    5.30072903633
2478    5.33431005478
2485    5.37780690193
2469    5.40465712547
2469    5.43622493744
2458    5.46961307526
2476    5.49874401093
2501    5.54841589928
2451    5.58177304268
2432    5.61378693581
2436    5.64244890213
2441    5.67600512505
2439    5.7045109272
2436    5.74777197838
2421    5.78078794479
2424    5.82610201836
2421    5.86441493034
2400    5.90754389763
2408    5.93393397331
2406    5.97012805939
2408    6.00851798058
2407    6.03661298752
2402    6.06949806213
2406    6.10508298874
2405    6.13713002205
2402    6.16536211967
2402    6.19843101501
2385    6.22656607628
2392    6.25917506218
2396    6.29260492325
2394    6.33092403412
2396    6.36339402199
2402    6.39507603645
2388    6.4269258976
2393    6.46986198425
2402    6.50051903725
2385    6.53158712387
2382    6.57292509079
2376    6.6114859581
2378    6.64491605759
2366    6.68037891388
2422    6.70413208008
2338    6.7383980751
2316    6.78194904327
2299    6.80951309204
2294    6.84405398369
2263    6.87251710892
2260    6.90604996681
2250    6.9468460083
2240    6.97507190704
2232    7.00843095779
2253    7.05190610886
2266    7.09042191505
2282    7.11809802055
2303    7.15306591988
2309    7.19305706024
2327    7.24830198288
2354    7.29059410095
2372    7.32053089142
2362    7.36390304565
2377    7.39083695412
2392    7.42736291885
2397    7.46812200546
2418    7.49433302879
2420    7.52991294861
2425    7.56059598923
2418    7.59125995636
2422    7.63199710846
2497    7.67225599289
2455    7.70489406586
2471    7.76571512222
2481    7.80273389816
2506    7.84619307518
2507    7.88954091072
2521    7.92789697647
2540    7.95609498024
2567    7.98909091949
2557    8.0190680027
2574    8.05396604538
2594    8.08405804634
2614    8.1123149395
2615    8.1453499794
2626    8.18615889549
2645    8.22850489616
2653    8.26194190979
2668    8.29342603683
2673    8.3407959938
2677    8.37598109245
2679    8.40402889252
2686    8.4396340847
2683    8.47164702415
2685    8.51521897316
2701    8.5529999733
2709    8.58886909485
2721    8.62565803528
2714    8.66395902634
2715    8.70215296745
2773    8.73785710335
2713    8.76355195045
2720    8.79894709587
2714    8.83241605759
2711    8.86095309258
2721    8.89440798759
2723    8.92834305763
2724    8.96747303009
2720    9.01200008392
2721    9.04504609108
2725    9.07978010178
2725    9.10936307907
2724    9.1440410614
2725    9.17370390892
2714    9.20841002464
2725    9.23341798782
2724    9.26577997208
2724    9.29759812355
2715    9.33959197998
2724    9.3809940815
2712    9.41961097717
2718    9.46318411827
2720    9.50128412247
2753    9.52866101265
2714    9.56748390198
2636    9.60394001007
2627    9.63592290878
2547    9.67935705185
2488    9.72796797752
2332    9.77142500877
2270    9.80802702904
2224    9.83983898163
2167    9.88317990303
2122    9.92553400993
2131    9.96850395203
2055    10.0059959888
2007    10.0380558968
1951    10.0702569485
1866    10.1131141186
1775    10.1489789486
1663    10.1847829819
1563    10.2207751274
1528    10.2646310329
1543    10.3085980415
1573    10.3473229408
1525    10.3854010105
1446    10.4196600914
1402    10.4490740299
1388    10.4924380779
1183    10.5360889435
1205    10.5837039948
1494    10.6270489693
1572    10.6655170918
1716    10.6982069016
1865    10.7306420803
2127    10.7736968994
2265    10.8036210537
2166    10.8465669155
1984    10.8873410225
1798    10.914083004
1792    10.9557440281
1688    11.0025749207
1765    11.0358629227
1868    11.0790889263
1984    11.1101551056
2054    11.1533839703
2137    11.1967480183
2255    11.2351100445
2317    11.2784171104
2315    11.3167150021
2363    11.3598270416
2411    11.4007899761
2446    11.4384860992
2479    11.4675629139
2523    11.5008690357
2583    11.5320689678
2576    11.5640130043
2614    11.5948281288
2683    11.6365690231
2653    11.6649229527
2680    11.6965661049
2739    11.7322881222
2710    11.7731950283
2701    11.8160190582
2709    11.8544259071
2756    11.8977739811
2711    11.9392280579
2722    11.9658601284
2713    12.0075399876
2712    12.0413179398
2710    12.0795660019
2712    12.1136879921
2722    12.1542520523
2712    12.1917469501
2717    12.2400069237
2723    12.2933011055
2774    12.3268511295
2714    12.359470129
2712    12.4033579826
2714    12.4467940331
2715    12.4844870567
2762    12.5274260044
2724    12.5606169701
2720    12.5888009071
2714    12.62195611
2707    12.6501369476
2708    12.6784009933
2703    12.7269079685
2676    12.7501740456
2631    12.7833209038
2596    12.8115720749
2589    12.844823122
2586    12.8730099201
2579    12.9061279297
2575    12.9393179417
2578    12.9674899578
2574    13.0057110786
2559    13.034058094
2608    13.0673840046
2572    13.0956270695
2599    13.1288859844
2657    13.1725170612
2730    13.2107880116
2704    13.2421529293
2710    13.2857050896
2714    13.3289260864
2725    13.3540971279
2723    13.3961610794
2725    13.4391169548
2724    13.4699659348
2713    13.4973421097
2724    13.5341689587
2710    13.5826148987
2713    13.6159069538
2711    13.6666231155
2722    13.7024600506
2715    13.7411770821
2714    13.7684869766
2721    13.7929661274
2726    13.8271820545
2726    13.8565680981
2715    13.8985550404
2714    13.9417719841
2713    13.984910965
2714    14.0235431194
2713    14.0678570271
2711    14.1056439877
2705    14.1487340927
2704    14.1773579121
2738    14.2110080719
2674    14.2536759377
2652    14.2962861061
2629    14.3229141235
2609    14.3783659935
2576    14.4123101234
2541    14.4552950859
2523    14.4931809902
2481    14.5266199112
2461    14.5556030273
2420    14.6039431095
2415    14.6308169365
2379    14.6647019386
2359    14.7080230713
2321    14.7514619827
2300    14.7921950817
2334    14.8257260323
2262    14.8643019199
2232    14.907501936
2200    14.9371540546
2203    14.9679040909
2187    15.0007100105
2167    15.0439519882
2153    15.0820400715
2126    15.1309800148
2102    15.164427042
2053    15.1929039955
2055    15.2254331112
1975    15.2581429482
1881    15.2909369469
1765    15.3187110424
1638    15.3515400887
1576    15.379431963
1574    15.4121639729
1656    15.4499280453
1750    15.4877181053
2005    15.5159680843
2092    15.5593531132
2054    15.5980360508
1913    15.641160965
1732    15.6830439568
1642    15.7101700306
1604    15.7430329323
1714    15.7735021114
1727    15.8081440926
2321    15.8540830612
2509    15.8928079605
2485    15.9215409756
2485    15.9506571293
2443    15.9890079498
2518    16.0224649906
2628    16.0703940392
2670    16.1078879833
2696    16.1385769844
2753    16.1752269268
2686    16.2235410213
2680    16.2670280933
2675    16.3052740097
2698    16.3334519863
2650    16.3657610416
2613    16.4091219902
2576    16.4512310028
2605    16.4945170879
2541    16.5280721188
2511    16.5563421249
2483    16.5950939655
2467    16.6388599873
2438    16.6769559383
2432    16.7121920586
2407    16.755341053
2390    16.7863440514
2389    16.8182940483
2364    16.8616249561
2400    16.9043281078
2339    16.939907074
2314    16.9729521275
2312    17.0042440891
2302    17.0368659496
2303    17.0703120232
2285    17.1048641205
2263    17.1429409981
2250    17.1729130745
2247    17.2048289776
2220    17.2368850708
2236    17.2688939571
2209    17.296875
2178    17.3301920891
2211    17.3619759083
2132    17.4053061008
2103    17.4485549927
2098    17.4968678951
2085    17.53540802
2062    17.5678339005
2054    17.6067090034
2046    17.6427710056
2052    17.6860649586
2098    17.7241299152
2061    17.7549240589
2054    17.7886791229
2106    17.8168818951
2057    17.8506169319
2057    17.8942549229
2057    17.9377439022
2060    17.9812150002
2070    18.0197749138
