823    0.0341770648956
824    0.0687370300293
881    0.107079029083
857    0.139580011368
824    0.167004108429
802    0.199392080307
932    0.236772060394
877    0.274162054062
804    0.301549196243
799    0.33389210701
838    0.366286039352
804    0.397792100906
825    0.43989610672
842    0.478762149811
857    0.517168045044
824    0.555517196655
856    0.598396062851
836    0.635897159576
824    0.668281078339
783    0.700977087021
842    0.732828140259
893    0.785613059998
843    0.819584131241
858    0.852982997894
876    0.881497144699
871    0.93989610672
871    0.973795175552
860    0.981868028641
804    1.02376413345
837    1.06696009636
890    1.09512400627
860    1.13071107864
860    1.15818119049
915    1.19052314758
869    1.22290706635
823    1.25062918663
873    1.27916908264
862    1.31414198875
829    1.34828209877
823    1.38772416115
860    1.42503619194
842    1.45322704315
840    1.48675012589
900    1.51502919197
840    1.54821205139
856    1.58656907082
892    1.62489199638
845    1.65435910225
839    1.68732118607
843    1.72050619125
855    1.76339912415
823    1.80121803284
820    1.83454203606
965    1.86629700661
860    1.89812707901
841    1.94148612022
878    1.96617412567
878    2.00187015533
859    2.03254199028
858    2.062967062
858    2.09846615791
963    2.14514398575
872    2.19052100182
860    2.22714710236
877    2.25424599648
852    2.29799509048
870    2.34135699272
907    2.37976002693
861    2.41738605499
924    2.45539402962
835    2.49407505989
841    2.53736519814
876    2.56391501427
824    2.59556221962
892    2.62631607056
873    2.65498018265
875    2.68877315521
840    2.73745322227
876    2.77048301697
874    2.80873703957
861    2.8419880867
874    2.87394618988
872    2.90218520164
874    2.95487999916
897    2.99722599983
870    3.03052401543
908    3.06341218948
876    3.11192512512
873    3.14999008179
860    3.17667913437
859    3.23534703255
858    3.26967906952
857    3.31251621246
913    3.35087513924
859    3.39425611496
843    3.43266201019
877    3.47592806816
844    3.50845313072
857    3.55137014389
875    3.59510612488
894    3.63573002815
874    3.66395807266
863    3.69717121124
856    3.72535705566
840    3.76085519791
875    3.79768514633
839    3.84077715874
894    3.88390111923
826    3.92221021652
890    3.95929718018
857    3.9961771965
859    4.03308820724
802    4.06512403488
874    4.09759807587
871    4.14094614983
891    4.16591000557
829    4.20115804672
912    4.23127508163
908    4.28160119057
870    4.32496619225
825    4.36307001114
869    4.3964881897
915    4.44427013397
931    4.48208808899
859    4.50937008858
892    4.53827214241
889    4.57178115845
931    4.6065621376
877    4.63303804398
923    4.67481517792
838    4.70204114914
927    4.74568605423
846    4.77567410469
842    4.80596399307
921    4.84649610519
860    4.89243721962
872    4.92416810989
859    4.95577001572
857    4.98644804955
870    5.027312994
942    5.06617116928
852    5.09494709969
894    5.12872505188
863    5.16246604919
860    5.2013001442
843    5.23518300056
840    5.27436208725
863    5.31298613548
859    5.34926915169
914    5.37631011009
843    5.40846419334
889    5.44986605644
874    5.48819208145
856    5.51607513428
875    5.5595471859
838    5.58769202232
896    5.62084007263
894    5.65273618698
838    5.68499302864
857    5.7227871418
839    5.76811718941
908    5.81674313545
804    5.85138320923
802    5.88048219681
843    5.91965508461
901    5.95573711395
841    5.98402404785
859    6.03156709671
876    6.0700712204
856    6.09836006165
874    6.13161706924
864    6.17309403419
819    6.20619416237
826    6.24175810814
824    6.27065300941
821    6.30441617966
825    6.34358000755
785    6.37660002708
861    6.4061331749
841    6.43823504448
827    6.46661114693
824    6.49980020523
910    6.52809405327
861    6.56407809258
782    6.59402513504
846    6.6289691925
846    6.6592361927
896    6.70253109932
822    6.72890710831
821    6.76558804512
799    6.80416202545
822    6.84259700775
826    6.87956619263
877    6.91542100906
822    6.95923519135
783    7.00258421898
821    7.02901005745
841    7.05885910988
845    7.0976190567
896    7.13153910637
804    7.16538715363
878    7.20208501816
916    7.25089001656
803    7.29412913322
844    7.31868505478
769    7.35042119026
767    7.38520622253
802    7.41210699081
771    7.45079612732
790    7.48456716537
802    7.51316308975
807    7.54650402069
799    7.58576416969
846    7.62326216698
840    7.66193199158
821    7.69407200813
783    7.73743414879
767    7.78125905991
753    7.81855201721
750    7.8450050354
799    7.8777551651
766    7.90566205978
799    7.94446206093
799    7.97314500809
802    8.0018761158
748    8.03583216667
733    8.07926011086
802    8.12216615677
822    8.15999412537
786    8.19862413406
796    8.24235320091
770    8.28073000908
787    8.32417201996
750    8.36238908768
790    8.40536117554
756    8.43824505806
736    8.47640800476
787    8.51990199089
767    8.56382322311
826    8.5970761776
750    8.64489722252
799    8.68308115005
827    8.7139570713
791    8.74711799622
786    8.78005719185
787    8.8133661747
784    8.85682010651
804    8.89522218704
799    8.92789411545
751    8.95532011986
718    8.99814605713
811    9.03040003777
717    9.06289219856
808    9.09023213387
748    9.12260913849
730    9.1551861763
824    9.18752408028
736    9.22046613693
785    9.26343798637
750    9.30678606033
734    9.33182406425
824    9.36561703682
722    9.40166211128
739    9.44143915176
702    9.46891498566
701    9.50186800957
754    9.54260206223
717    9.58069300652
737    9.61491298676
828    9.63911509514
717    9.67230510712
719    9.70417308807
717    9.73262214661
767    9.76591014862
785    9.79933810234
767    9.83513212204
746    9.87543821335
752    9.90944814682
737    9.94184803963
719    9.9697060585
712    10.0031859875
767    10.033809185
703    10.0653300285
773    10.1087870598
729    10.1520271301
719    10.1778841019
714    10.2108151913
719    10.2593011856
732    10.2929861546
809    10.3354251385
846    10.3681621552
702    10.4020960331
753    10.4499070644
768    10.4833381176
767    10.5270831585
717    10.5651171207
700    10.6075470448
716    10.6466910839
767    10.6902251244
747    10.7330701351
716    10.7700350285
683    10.8019790649
734    10.8299541473
739    10.8698790073
739    10.9081890583
717    10.9365200996
777    10.9732921124
737    11.0052821636
745    11.0387971401
735    11.0722310543
735    11.1006641388
737    11.1342120171
734    11.1627590656
718    11.1963992119
803    11.2349441051
716    11.2684531212
785    11.2920889854
718    11.3257021904
716    11.359360218
716    11.4032452106
705    11.4412610531
701    11.472189188
825    11.5002331734
699    11.5331850052
716    11.5613000393
705    11.6038022041
719    11.6416761875
719    11.67406106
718    11.7013790607
786    11.7388150692
716    11.7766721249
771    11.8189270496
748    11.8576860428
782    11.8857550621
735    11.9222152233
680    11.9590320587
825    12.0010211468
719    12.0445301533
750    12.0827860832
711    12.1262500286
767    12.1647560596
717    12.208646059
734    12.2458641529
733    12.2773652077
699    12.3055541515
700    12.338381052
718    12.3770031929
685    12.4039041996
667    12.4362361431
665    12.4832081795
686    12.5198411942
685    12.549929142
754    12.5848941803
743    12.6108570099
735    12.6488080025
711    12.6880960464
730    12.7311320305
751    12.7743000984
698    12.8159091473
698    12.8578460217
762    12.8941681385
700    12.9257891178
750    12.958920002
751    12.9908881187
785    13.0340881348
767    13.0721321106
717    13.10404706
717    13.1471509933
750    13.1903231144
777    13.2387042046
715    13.2815999985
841    13.3166270256
715    13.3572661877
735    13.3928720951
750    13.4247221947
752    13.4604651928
770    13.5017921925
748    13.5427961349
719    13.5849602222
733    13.6231532097
767    13.6514081955
702    13.6873559952
771    13.7210371494
719    13.744808197
719    13.7838771343
754    13.8076062202
736    13.8413350582
738    13.8726530075
786    13.9060661793
845    13.9473450184
755    13.9891691208
802    14.026181221
719    14.054402113
718    14.086482048
829    14.1204001904
748    14.1502251625
751    14.1839220524
789    14.210214138
788    14.2502760887
751    14.2957160473
702    14.3391141891
733    14.3776111603
764    14.4209480286
786    14.4645521641
810    14.5021111965
779    14.5451481342
713    14.5834321976
751    14.6290440559
780    14.6724050045
753    14.7027611732
806    14.7344272137
766    14.7778170109
749    14.8069272041
738    14.837719202
756    14.8725471497
755    14.9133591652
735    14.9541211128
810    14.985035181
767    15.0507349968
828    15.0895152092
767    15.1132540703
806    15.1520190239
749    15.1757910252
753    15.2146160603
770    15.2584531307
808    15.2977089882
752    15.3361580372
735    15.3794791698
784    15.4153170586
739    15.4500291348
754    15.4898641109
829    15.5195140839
826    15.5541181564
802    15.5988621712
769    15.6438090801
770    15.6783630848
767    15.7179861069
807    15.7525880337
799    15.7772521973
771    15.8119351864
787    15.8427910805
783    15.8760809898
805    15.9144570827
786    15.9584472179
785    16.0018391609
799    16.0438621044
824    16.0825312138
799    16.110407114
828    16.146337986
772    16.1883671284
785    16.2285301685
807    16.2660369873
806    16.2954440117
787    16.3287301064
787    16.359662056
734    16.4027471542
804    16.4327020645
823    16.4844760895
739    16.532761097
773    16.5605330467
762    16.5938770771
824    16.6372179985
785    16.6798081398
770    16.7181761265
804    16.7617840767
859    16.8000440598
807    16.8519320488
765    16.8952770233
818    16.9234449863
753    16.9559731483
790    16.9877550602
788    17.0178990364
802    17.0496342182
797    17.0829620361
822    17.1098752022
857    17.1421771049
861    17.1743421555
797    17.2312099934
767    17.2688491344
767    17.3054161072
825    17.3411121368
830    17.3728611469
824    17.4048070908
802    17.4481461048
769    17.4914870262
791    17.5290870667
846    17.5560212135
841    17.5885970592
797    17.6158270836
825    17.6488981247
806    17.6783390045
843    17.7267241478
840    17.7650740147
841    17.8027701378
846    17.8334832191
842    17.8691930771
826    17.8949110508
824    17.9306221008
805    17.9615330696
838    18.004981041
