2617    0.0333249568939
2616    0.0766198635101
2615    0.118721008301
2617    0.162045001984
2623    0.207857847214
2636    0.240090847015
2617    0.267879009247
2631    0.295738935471
2625    0.328593969345
2637    0.361415863037
2683    0.389201879501
2649    0.42205286026
2665    0.454872846603
2648    0.48271894455
2646    0.521088838577
2674    0.558245897293
2715    0.587074995041
2675    0.612317800522
2678    0.645737886429
2676    0.678095817566
2679    0.709047794342
2683    0.741151809692
2685    0.784367799759
2739    0.810586929321
2704    0.847049951553
2696    0.887594938278
2701    0.917760848999
2697    0.965595960617
2704    1.00821900368
2704    1.04693698883
2707    1.08871293068
2718    1.11670589447
2720    1.1485979557
2720    1.18045401573
2712    1.21257281303
2723    1.24356079102
2760    1.27205181122
2722    1.30417990685
2711    1.33262300491
2773    1.36845302582
2724    1.3993139267
2715    1.45036196709
2725    1.48892092705
2717    1.52734184265
2726    1.55922579765
2725    1.59354782104
2725    1.63217282295
2715    1.67593884468
2764    1.71396493912
2724    1.75366592407
2720    1.77966380119
2713    1.81729984283
2723    1.85557889938
2711    1.89807486534
2715    1.94119286537
2759    1.9658908844
2704    2.00061702728
2693    2.03071379662
2692    2.05928993225
2752    2.09496593475
2745    2.137996912
2685    2.17641782761
2746    2.20784401894
2672    2.2513859272
2664    2.2949488163
2668    2.33247494698
2653    2.37601590157
2640    2.4145219326
2614    2.45787882805
2589    2.49632382393
2572    2.53464698792
2573    2.57190895081
2569    2.60530400276
2554    2.64907097816
2541    2.692070961
2537    2.71624588966
2519    2.75043296814
2496    2.77959895134
2497    2.81879401207
2533    2.85288190842
2472    2.88702487946
2468    2.92682099342
2450    2.95513081551
2457    2.98798680305
2444    3.02142000198
2443    3.05345582962
2446    3.08440184593
2424    3.12810301781
2414    3.16674089432
2407    3.20946383476
2458    3.24288392067
2394    3.28559184074
2452    3.33759093285
2400    3.37081980705
2385    3.39908099174
2372    3.43710684776
2385    3.46361494064
2382    3.4958999157
2376    3.52753686905
2378    3.57064700127
2374    3.59735989571
2370    3.62986493111
2375    3.66227984428
2379    3.69822788239
2365    3.73629593849
2362    3.77982497215
2362    3.82329201698
2365    3.86151194572
2409    3.90480184555
2355    3.94241786003
2427    3.97547888756
2388    4.0070669651
2380    4.05026698112
2386    4.09022879601
2434    4.11529302597
2381    4.16791987419
2372    4.20098900795
2380    4.2396478653
2405    4.27173280716
2404    4.3037109375
2452    4.33607387543
2402    4.36836194992
2394    4.41193890572
2464    4.45060181618
2407    4.49401593208
2406    4.53754401207
2424    4.57558679581
2426    4.62092685699
2440    4.65931987762
2441    4.69618988037
2455    4.73225593567
2462    4.76601290703
2456    4.78974890709
2477    4.82857990265
2465    4.85260796547
2484    4.88925600052
2473    4.92917490005
2499    4.95906686783
2496    5.0011818409
2513    5.04451584816
2524    5.07040500641
2501    5.10357785225
2518    5.13681793213
2532    5.16488194466
2553    5.19770789146
2542    5.23592996597
2559    5.27936983109
2559    5.31236195564
2582    5.34394598007
2625    5.3738348484
2584    5.40199184418
2596    5.43544101715
2620    5.46369981766
2621    5.50035381317
2668    5.53170490265
2623    5.57141494751
2640    5.62087488174
2666    5.65707397461
2667    5.69540095329
2667    5.72299790382
2684    5.75565099716
2686    5.78659701347
2691    5.81742095947
2704    5.84939980507
2703    5.89771986008
2747    5.93510079384
2705    5.97184085846
2714    6.00360584259
2716    6.03532886505
2708    6.06728291512
2710    6.11078190804
2710    6.14883184433
2723    6.18956279755
2715    6.2227768898
2723    6.26096892357
2762    6.30505800247
2725    6.33696198463
2724    6.37892484665
2725    6.40550684929
2773    6.43630385399
2714    6.46813893318
2713    6.50047588348
2717    6.52934384346
2725    6.56579399109
2726    6.59201979637
2714    6.62473702431
2723    6.65584492683
2715    6.68769788742
2715    6.73006987572
2722    6.77370786667
2712    6.8169438839
2713    6.85908389091
2714    6.89758181572
2713    6.94157099724
2724    6.97947192192
2714    7.01272392273
2714    7.05595588684
2717    7.08415198326
2715    7.11233997345
2720    7.15099096298
2715    7.19433498383
2773    7.23141789436
2761    7.26007199287
2762    7.29358696938
2761    7.32198286057
2711    7.35504794121
2709    7.38976788521
2720    7.41976690292
2719    7.45243000984
2708    7.49592900276
2711    7.53937888145
2747    7.56651186943
2749    7.59983587265
2693    7.63065600395
2704    7.6615087986
2704    7.69258284569
2681    7.73603796959
2686    7.77956986427
2727    7.81730484962
2675    7.86059498787
2666    7.90377879143
2673    7.94083094597
2654    7.97390985489
2656    8.0062417984
2659    8.03854084015
2712    8.07052302361
2645    8.11385202408
2637    8.15707683563
2652    8.20507597923
2651    8.23744797707
2641    8.26477098465
2636    8.2920999527
2635    8.32392191887
2619    8.35619091988
2640    8.38819098473
2629    8.41621685028
2626    8.44902396202
2624    8.48128199577
2636    8.51703000069
2623    8.55312395096
2625    8.59632587433
2626    8.63911390305
2628    8.68230581284
2635    8.71327090263
2623    8.75666594505
2632    8.79510688782
2687    8.82813286781
2644    8.86481285095
2640    8.90005993843
2689    8.94360899925
2696    8.99255895615
2650    9.02928495407
2657    9.05524682999
2660    9.09779882431
2660    9.12353491783
2657    9.15947389603
2645    9.19130992889
2674    9.22529697418
2656    9.26928091049
2673    9.30334401131
2686    9.33738994598
2695    9.3765130043
2701    9.41059184074
2700    9.43472886086
2710    9.47106385231
2701    9.50105690956
2716    9.53677797318
2716    9.59071993828
2705    9.59639191628
2718    9.62513995171
0    9.65344381332
2709    9.66441392899
2756    9.68531489372
0    9.72742080688
2715    9.733314991
2712    9.77386784554
0    9.80756902695
2712    9.81512594223
2713    9.85093998909
0    9.88351583481
2713    9.88925981522
2724    9.92132782936
0    9.95885586739
2718    9.96183586121
2714    9.99472689629
0    10.0286028385
2724    10.0362739563
2714    10.0674438477
2715    10.1104419231
2722    10.1493928432
2715    10.1927177906
2716    10.2311799526
2725    10.2632658482
2714    10.310092926
2715    10.3480188847
2723    10.3913450241
2718    10.4345560074
2725    10.4712510109
2726    10.5031678677
2715    10.5463819504
2715    10.5896949768
2713    10.6280519962
2724    10.6576359272
2713    10.7005999088
2712    10.744024992
2709    10.7818789482
2708    10.8147518635
2705    10.8581500053
2681    10.9064748287
2654    10.949505806
2608    10.9920339584
2569    11.0304169655
2524    11.0733988285
2467    11.1165919304
2443    11.1548249722
2449    11.1979458332
2514    11.235213995
2583    11.2658560276
2642    11.3076918125
2662    11.3353059292
2722    11.3790888786
2670    11.4217607975
2651    11.4587728977
2630    11.4974160194
2690    11.5406999588
2657    11.5836548805
2696    11.6226079464
2712    11.6610708237
2713    11.6972129345
2708    11.7356188297
2711    11.7788729668
2712    11.8220288754
2723    11.8489699364
2714    11.8845407963
2723    11.927531004
2721    11.9610939026
2713    11.9902079105
2723    12.0276520252
2725    12.0539150238
2712    12.0881919861
2724    12.1209688187
2715    12.1541688442
2714    12.1893908978
2724    12.2228620052
2713    12.2764468193
2762    12.3149349689
2774    12.346323967
2713    12.3872129917
2720    12.4190678596
2724    12.4574968815
2774    12.4959340096
2762    12.5229108334
2713    12.5566558838
2722    12.5901758671
2713    12.6286699772
2714    12.6594820023
2724    12.685628891
2724    12.7220389843
2772    12.7486658096
2712    12.7804839611
2725    12.8123309612
2725    12.8432970047
2714    12.889264822
2723    12.9261097908
2724    12.9681739807
2714    13.0119128227
2714    13.0446469784
2714    13.083427906
2722    13.131346941
2765    13.1598448753
2714    13.2030649185
2718    13.2514297962
2723    13.2873198986
2713    13.315092802
2715    13.3468668461
2724    13.3787338734
2713    13.4116299152
2723    13.4538309574
2714    13.4968438148
2723    13.5450828075
2714    13.5781788826
2725    13.6129868031
2716    13.6535539627
2772    13.6798119545
2772    13.7152090073
2715    13.7586078644
2716    13.7974629402
2715    13.8357188702
2723    13.869052887
2723    13.907253027
2714    13.9504358768
2725    13.9974489212
2715    14.0307328701
2715    14.0693109035
2715    14.1080348492
2720    14.1512098312
2714    14.1929860115
2722    14.2311480045
2716    14.2790949345
2716    14.3174757957
2715    14.3605978489
2715    14.3887348175
2715    14.4209959507
2715    14.4547328949
2724    14.4841399193
2713    14.5173039436
2715    14.5458538532
2714    14.5900650024
2716    14.6332728863
2725    14.6591649055
2725    14.6955208778
2724    14.7439608574
2713    14.7870528698
2723    14.8171718121
2717    14.8607418537
2722    14.8861839771
2717    14.921216011
2705    14.9512879848
2699    14.9865598679
2686    15.023458004
2672    15.0668478012
2650    15.1004168987
2631    15.1477108002
2608    15.1802518368
2584    15.2235279083
2576    15.2672359943
2534    15.304366827
2559    15.3473789692
2518    15.390816927
2554    15.4289197922
2612    15.4673259258
2675    15.5058708191
2626    15.5492568016
2646    15.5812399387
2648    15.6136279106
2653    15.6568598747
2722    15.7001948357
2695    15.7373349667
2699    15.7691500187
2708    15.8126089573
2721    15.8547739983
2714    15.8926398754
2724    15.9234678745
2724    15.9652159214
2715    16.0037770271
2714    16.0467348099
2718    16.0895929337
2715    16.1280498505
2713    16.1661968231
2712    16.1991508007
2711    16.2424519062
2712    16.2859039307
2708    16.32427001
2714    16.3608129025
2706    16.3938999176
2760    16.4296429157
2699    16.4703998566
2702    16.5074019432
2696    16.537457943
2692    16.5685408115
2673    16.5970118046
2667    16.6304090023
2713    16.6591799259
2664    16.6960129738
2711    16.7372438908
2707    16.7757267952
2635    16.8042650223
2699    16.8407409191
2646    16.8664288521
2637    16.9010858536
2640    16.9393708706
2627    16.9676258564
2613    17.0011909008
2611    17.0294640064
2623    17.0655097961
2614    17.1089468002
2614    17.1522028446
2605    17.1891059875
2597    17.2358739376
2599    17.2727279663
2605    17.3039078712
2610    17.3341798782
2612    17.3706820011
2589    17.4091258049
2589    17.4524478912
2579    17.4788548946
2597    17.5126550198
2576    17.5414919853
2595    17.572013855
2584    17.6054069996
2590    17.6342298985
2595    17.6646900177
2599    17.708398819
2599    17.7518529892
2612    17.7951619625
2612    17.8335669041
2602    17.8668248653
2608    17.9053850174
2601    17.9486768246
2623    17.9869189262
