2116    0.0331609249115
2119    0.0643410682678
2116    0.10743689537
2132    0.150583028793
2131    0.188606977463
2146    0.220169067383
2174    0.259937047958
2179    0.284842014313
2205    0.320662021637
2195    0.347893953323
2218    0.386286973953
2281    0.424483060837
2241    0.467773914337
2256    0.506016016006
2270    0.539247989655
2279    0.57134103775
2341    0.61451792717
2349    0.654704093933
2303    0.682281970978
2300    0.725531101227
2299    0.75324511528
2328    0.790265083313
2303    0.828758001328
2363    0.876933097839
2301    0.910248041153
2301    0.938648939133
2310    0.972217082977
2316    1.00565600395
2382    1.04599308968
2316    1.08441209793
2329    1.12738990784
2341    1.1693239212
2349    1.20747089386
2363    1.25034689903
2377    1.29385399818
2378    1.33225107193
2392    1.37521004677
2406    1.405148983
2405    1.44510293007
2433    1.47023296356
2421    1.50310301781
2420    1.53652310371
2447    1.57957696915
2492    1.62265896797
2440    1.6618270874
2445    1.6859960556
2439    1.72026395798
2432    1.75099492073
2425    1.78227305412
2407    1.8104391098
2449    1.84344911575
2362    1.87628507614
2410    1.91086506844
2328    1.93689608574
2314    1.97513198853
2303    2.01297402382
2284    2.03977608681
2294    2.07225298882
2271    2.10302495956
2283    2.1350479126
2258    2.17879390717
2259    2.21670889854
2267    2.25077199936
2254    2.28487801552
2263    2.32945299149
2241    2.37767195702
2224    2.42093491554
2226    2.45912694931
2225    2.49232602119
2264    2.53551506996
2209    2.57887792587
2217    2.61707305908
2194    2.66054606438
2195    2.70385909081
2175    2.74218392372
2179    2.78496289253
2169    2.81319999695
2164    2.84397006035
2162    2.87723994255
2210    2.92061495781
2158    2.96391105652
2147    3.00240111351
2134    3.04570794106
2133    3.08895492554
2189    3.13213300705
2135    3.16524600983
2133    3.20869898796
2133    3.25119495392
2117    3.30481696129
2118    3.34793996811
2120    3.39002895355
2185    3.42801403999
2104    3.47126197815
2161    3.50954794884
2100    3.55258703232
2104    3.58711194992
2079    3.62335801125
2151    3.67267203331
2076    3.70586705208
2077    3.74461102486
2078    3.78331804276
2070    3.80723500252
2094    3.84407901764
2090    3.88749098778
2108    3.92585802078
2104    3.95901799202
2114    4.00238990784
2111    4.0408680439
2129    4.07507991791
2147    4.11861610413
2214    4.15116691589
2157    4.18696594238
2170    4.21772193909
2175    4.25018310547
2223    4.29374194145
2163    4.33687591553
2166    4.37871789932
2164    4.41689300537
2179    4.46144104004
2187    4.49935412407
2195    4.53047800064
2206    4.56269812584
2212    4.60555100441
2218    4.63843202591
2212    4.67664408684
2218    4.72494792938
2219    4.76838302612
2221    4.8067009449
2240    4.84496808052
2254    4.87330007553
2270    4.91655993462
2282    4.94695401192
2277    4.97864103317
2294    5.00914812088
2279    5.05269908905
2296    5.09982299805
2302    5.14341306686
2318    5.18670296669
2312    5.23026204109
2331    5.26857709885
2325    5.2952709198
2334    5.32833409309
2323    5.3714120388
2353    5.41237711906
2367    5.4411110878
2369    5.47906208038
2361    5.51238393784
2370    5.54539108276
2393    5.57783699036
2393    5.6212580204
2408    5.66474699974
2424    5.71317100525
2421    5.74547505379
2432    5.77818393707
2449    5.82168006897
2466    5.86504602432
2473    5.90245008469
2489    5.93012404442
2488    5.96356201172
2559    6.01039910316
2518    6.05633306503
2540    6.09955501556
2556    6.14317512512
2593    6.19150304794
2620    6.22357392311
2636    6.25649595261
2643    6.30025601387
2644    6.33865308762
2630    6.37108206749
2623    6.40958499908
2620    6.44270706177
2659    6.48566508293
2575    6.51946306229
2554    6.5433280468
2609    6.58211994171
2543    6.61594700813
2540    6.64974308014
2549    6.67859506607
2544    6.71516108513
2540    6.75717306137
2530    6.79527211189
2526    6.82715702057
2534    6.85896706581
2516    6.89084911346
2496    6.91898107529
2482    6.95207095146
2494    6.98708105087
2477    7.01301693916
2537    7.04485201836
2476    7.08678293228
2462    7.1352159977
2432    7.17341589928
2423    7.20396494865
2425    7.23690700531
2414    7.2685739994
2419    7.29938197136
2420    7.33017301559
2394    7.36256194115
2387    7.39644312859
2386    7.42042207718
2383    7.47885990143
2363    7.5174369812
2361    7.56036996841
2367    7.59896111488
2362    7.64273309708
2352    7.68605804443
2355    7.72261404991
2352    7.75351691246
2355    7.78485012054
2329    7.82739591599
2330    7.87086200714
2328    7.91466498375
2339    7.95262908936
2340    7.98453307152
2338    8.01650190353
2321    8.06004691124
2322    8.0863609314
2315    8.12481594086
2313    8.17292308807
2319    8.20226597786
2315    8.23428010941
2375    8.2783370018
2325    8.31932711601
2313    8.35763502121
2324    8.38824009895
2310    8.41737794876
2303    8.45301604271
2310    8.49015593529
2302    8.53185391426
2302    8.56378602982
2296    8.5949420929
2291    8.62685799599
2303    8.6636300087
2323    8.69576692581
2384    8.72861909866
2319    8.7668569088
2328    8.80367207527
2376    8.84116506577
2324    8.86948204041
2324    8.90229010582
2373    8.94566607475
2323    8.9885289669
2388    9.02524590492
2332    9.06183695793
2349    9.0942299366
2350    9.13753890991
2355    9.16468000412
2364    9.19549012184
2435    9.22982311249
2380    9.27316999435
2386    9.30384302139
2421    9.33449792862
2414    9.36523103714
2406    9.4086151123
2437    9.45209693909
2444    9.47792005539
2459    9.51623797417
2490    9.53969311714
2489    9.57274198532
2500    9.61042094231
2521    9.64761900902
2596    9.69590711594
2523    9.73410606384
2540    9.77251601219
2539    9.81575894356
2559    9.84067201614
2559    9.87533593178
2559    9.90503096581
2554    9.93756890297
2559    9.98120212555
2557    10.0343410969
2598    10.0618650913
2594    10.0949559212
2646    10.1233699322
2609    10.1559009552
2601    10.1894249916
2617    10.2279789448
2630    10.2715461254
2636    10.3146820068
2676    10.3388710022
2664    10.3627529144
2682    10.3969140053
2685    10.4313900471
2742    10.4697489738
2674    10.5132470131
2653    10.5516870022
2625    10.5949180126
2597    10.6381440163
2567    10.6757459641
2533    10.70835495
2519    10.7540431023
2505    10.7963440418
2492    10.8274641037
2468    10.8554990292
2476    10.8883550167
2451    10.9173390865
2456    10.9503560066
2446    10.9817209244
2487    11.0156729221
2432    11.0511341095
2417    11.0871241093
2394    11.1180119514
2388    11.1663229465
2423    11.1979861259
2372    11.2299458981
2375    11.2605359554
2332    11.3139789104
2303    11.3574008942
2303    11.3872630596
2303    11.4172389507
2363    11.4477419853
2281    11.4807510376
2294    11.5383620262
2275    11.5716030598
2268    11.6103560925
2279    11.6497011185
2258    11.6880300045
2243    11.7317080498
2243    11.7750549316
2240    11.8134799004
2233    11.8413910866
2213    11.8749461174
2206    11.9134500027
2214    11.9540650845
2203    11.9781229496
2189    12.0175900459
2194    12.0545170307
2217    12.0862309933
2215    12.1231179237
2232    12.1606590748
2224    12.1927080154
2228    12.2231678963
2294    12.2566399574
2291    12.2951200008
2230    12.3443479538
2227    12.3800170422
2224    12.41802001
2231    12.4520909786
2216    12.4785170555
2277    12.5107650757
2188    12.5537929535
2193    12.5977931023
2195    12.6338140965
2204    12.669303894
2194    12.7118389606
2175    12.7500400543
2180    12.7779300213
2195    12.8147370815
2191    12.8596289158
2202    12.8937470913
2220    12.9328539371
2211    12.9674019814
2222    12.9995779991
2212    13.0426340103
2220    13.0734829903
2210    13.1143260002
2229    13.1536960602
2228    13.197245121
2233    13.2457818985
2289    13.273088932
2227    13.3067290783
2230    13.3388710022
2290    13.3708689213
2224    13.4026899338
2285    13.4337129593
2233    13.4656100273
2227    13.5083150864
2229    13.5378050804
2232    13.5774860382
2246    13.6202850342
2259    13.6582400799
2274    13.6865110397
2269    13.7186150551
2279    13.7524120808
2292    13.7811079025
2300    13.8151221275
2316    13.8483960629
2320    13.8864610195
2318    13.9140210152
2314    13.9473531246
2337    13.990557909
2390    14.0214169025
2330    14.0649349689
2331    14.1083741188
2354    14.1440989971
2362    14.1772620678
2362    14.2053849697
2383    14.2386519909
2383    14.2667500973
2379    14.3000791073
2393    14.3332669735
2392    14.3665390015
2475    14.402215004
2476    14.4502370358
2419    14.4934449196
2428    14.5205600262
2424    14.5539050102
2435    14.5870230198
2435    14.6180179119
2456    14.6613810062
2477    14.7040951252
2485    14.7320969105
2492    14.7629289627
2504    14.7997500896
2496    14.8331539631
2511    14.8768019676
2502    14.9201629162
2502    14.9586648941
2497    14.9963169098
2466    15.029006958
2444    15.0568420887
2426    15.0937740803
2384    15.1359210014
2363    15.174587965
2342    15.2031159401
2338    15.2368299961
2334    15.2648010254
2339    15.3030369282
2330    15.3289899826
2303    15.3572409153
2328    15.3930609226
2303    15.4227559566
2302    15.4512209892
2293    15.4929869175
2274    15.5317940712
2270    15.5752170086
2254    15.6096498966
2242    15.6362500191
2249    15.6673331261
2286    15.6996691227
2224    15.7430980206
2209    15.7866880894
2218    15.8301670551
2195    15.8636538982
2204    15.8951170444
2206    15.9256110191
2202    15.9566979408
2246    15.9874300957
2164    16.0208508968
2224    16.0638101101
2163    16.1024188995
2148    16.1338601112
2148    16.176789999
2131    16.2297780514
2133    16.2624080181
2125    16.2956409454
2142    16.333892107
2198    16.3736131191
2127    16.4109859467
2116    16.4422540665
2118    16.5003778934
2111    16.5384860039
2111    16.5768809319
2119    16.615101099
2104    16.6466391087
2109    16.682790041
2111    16.709841013
2111    16.7420139313
2111    16.7752799988
2104    16.803196907
2097    16.8415629864
2128    16.879693985
2111    16.922533989
2104    16.9663200378
2106    17.0049750805
2106    17.033493042
2111    17.0665729046
2111    17.102545023
2103    17.140955925
2096    17.1842820644
2109    17.2326500416
2107    17.2754371166
2104    17.3035199642
2101    17.3368339539
2169    17.3678650856
2096    17.4115390778
2111    17.4383230209
2111    17.4965229034
2111    17.5293030739
2100    17.5359969139
2106    17.577466011
0    17.6141829491
2101    17.620059967
2156    17.6417400837
0    17.6890900135
2093    17.697425127
2099    17.7340750694
2102    17.7608520985
2107    17.7728791237
2103    17.799300909
0    17.8355529308
2104    17.8437519073
2110    17.8650860786
0    17.9043819904
2110    17.9125781059
2102    17.9504630566
2104    17.9601299763
2118    17.9794020653
0    18.0143120289
