2656    0.0364990234375
2656    0.0695390701294
2663    0.104169130325
2652    0.143836975098
2651    0.168809175491
2652    0.20602107048
2632    0.254394054413
2650    0.290444135666
2648    0.321398019791
2646    0.364146947861
2673    0.407871961594
2704    0.445281028748
2705    0.488217115402
2774    0.531068086624
2716    0.58401799202
2724    0.622606992722
2713    0.659954071045
2713    0.688815116882
2726    0.716866970062
2715    0.760282039642
2774    0.802649021149
2715    0.834151029587
2714    0.872250080109
2725    0.900019168854
2715    0.935873985291
2716    0.978675127029
2775    1.0068860054
2714    1.04015612602
2716    1.07839608192
2717    1.10698008537
2716    1.13541412354
2716    1.16850805283
2725    1.20336294174
2784    1.23006105423
2725    1.26595807076
2715    1.30950808525
2715    1.34778308868
2714    1.39039206505
2714    1.41720509529
2716    1.45128417015
2714    1.48237609863
2726    1.51112699509
2716    1.55773711205
2716    1.59518408775
2716    1.62681412697
2786    1.65687298775
2715    1.6923661232
2776    1.72021412849
2717    1.75321507454
2722    1.79131412506
2715    1.83479499817
2714    1.87116408348
2707    1.91853499413
2718    1.95592308044
2715    1.98778295517
2699    2.03116703033
2695    2.05798697472
2677    2.08960294724
2660    2.12086606026
2640    2.15171194077
2629    2.20296311378
2559    2.23556995392
2515    2.269272089
2521    2.30289697647
2471    2.33357310295
2432    2.36783099174
2387    2.39430499077
2328    2.42847895622
2326    2.45745301247
2267    2.49152612686
2244    2.530616045
2197    2.56000113487
2171    2.60325407982
2179    2.64435315132
2201    2.68283295631
2223    2.71635103226
2296    2.74476695061
2371    2.78297495842
2448    2.81561899185
2507    2.84884500504
2499    2.88359308243
2559    2.92341995239
2627    2.96698594093
2687    3.00557208061
2707    3.04880094528
2718    3.09188508987
2713    3.12988996506
2723    3.16118097305
2724    3.19378113747
2714    3.23738098145
2724    3.26517701149
2777    3.30331897736
2720    3.34633612633
2715    3.37487101555
2784    3.40772294998
2718    3.43855714798
2699    3.47144603729
2687    3.49923110008
2691    3.53761816025
2663    3.5714609623
2635    3.60499405861
2609    3.64792013168
2584    3.68253898621
2642    3.70914912224
2551    3.75311613083
2518    3.78094005585
2503    3.8142311573
2514    3.85133099556
2499    3.88726806641
2468    3.93010497093
2441    3.97331595421
2436    4.0100440979
2411    4.04190206528
2417    4.08840703964
2391    4.11791110039
2379    4.15269303322
2370    4.18748998642
2356    4.2133500576
2413    4.24468111992
2326    4.27711415291
2318    4.31065917015
2317    4.35576915741
2303    4.38841104507
2303    4.42396616936
2300    4.46461415291
2284    4.5003991127
2289    4.53621697426
2277    4.56303906441
2265    4.59541201591
2279    4.62686395645
2248    4.67019605637
2252    4.71312713623
2249    4.73980903625
2243    4.78634214401
2248    4.82629299164
2244    4.86655902863
2303    4.90987706184
2296    4.94479298592
2225    4.97838997841
2225    5.01167201996
2222    5.04237699509
2198    5.08858895302
2206    5.12658596039
2183    5.15472412109
2185    5.19501614571
2173    5.23901104927
2145    5.2764840126
2130    5.30395197868
2114    5.33646798134
2103    5.3739631176
2162    5.41147994995
2091    5.4489300251
2101    5.48683309555
2097    5.5252289772
2110    5.55771613121
2108    5.59508609772
2161    5.63909101486
2100    5.67547416687
2105    5.72246408463
2127    5.75234794617
2118    5.78741312027
2126    5.82559895515
2133    5.85878896713
2166    5.90169715881
2185    5.92540001869
2245    5.96428203583
2198    6.00315904617
2226    6.03244614601
2247    6.07573509216
2265    6.11906599998
2256    6.14650511742
2268    6.17711210251
2271    6.2205760479
2285    6.26388812065
2285    6.30074501038
2292    6.33168101311
2285    6.37518811226
2285    6.4181599617
2292    6.44305109978
2286    6.48299598694
2301    6.5228099823
2303    6.55293416977
2381    6.5855140686
2317    6.61739802361
2330    6.66491794586
2420    6.70454096794
2466    6.74031400681
2486    6.76830101013
2480    6.80127596855
2520    6.85106611252
2520    6.89891910553
2526    6.90635609627
2530    6.93830800056
0    6.97262310982
2533    6.97639799118
2538    7.01086711884
0    7.05182409286
2528    7.05470395088
2542    7.09803795815
0    7.13685011864
2541    7.14477705956
2559    7.17402696609
0    7.2104640007
2552    7.21696901321
2578    7.2410941124
0    7.27402806282
2590    7.27862501144
2591    7.30860495567
0    7.3469851017
2583    7.35326504707
2601    7.40419912338
0    7.44243407249
2623    7.44535899162
2638    7.47844099998
2640    7.50664305687
2629    7.54973006248
2643    7.58349704742
2645    7.60734415054
2654    7.63169503212
2677    7.66204094887
2736    7.69370603561
2662    7.71971511841
2748    7.75466394424
2676    7.77949094772
2687    7.81920194626
2695    7.85716295242
2707    7.89575695992
2705    7.93462109566
2705    7.96799397469
2705    7.99625110626
2709    8.0301861763
2722    8.06101417542
2719    8.09763598442
2712    8.12942409515
2723    8.16146016121
2714    8.20472717285
2711    8.25259304047
2784    8.28537416458
2713    8.32894015312
2715    8.36752414703
2714    8.39607715607
2725    8.43431711197
2726    8.46132612228
2725    8.49490594864
2726    8.53129005432
2786    8.56221795082
2714    8.59594917297
2717    8.62462806702
2776    8.65834712982
2724    8.68530917168
2711    8.7183599472
2704    8.76666212082
2744    8.79995703697
2644    8.84332799911
2667    8.88929104805
2520    8.92495107651
2448    8.95597600937
2358    8.99930405617
2294    9.03002214432
2303    9.06174111366
2219    9.09379911423
2228    9.12583303452
2227    9.16927313805
2319    9.21238994598
2397    9.23929905891
2393    9.27019309998
2481    9.304240942
2588    9.34670805931
2648    9.38509202003
2651    9.42835307121
2650    9.46629500389
2661    9.49846601486
2651    9.54201817513
2722    9.56845498085
2670    9.60191297531
2747    9.64514398575
2771    9.67197704315
2705    9.70412397385
2705    9.73718810081
2719    9.78291797638
2712    9.82616901398
2720    9.85428905487
2711    9.89254212379
2784    9.92756009102
2712    9.95744395256
2714    9.99934911728
2724    10.0258510113
2724    10.059472084
2712    10.1029520035
2715    10.1462650299
2775    10.1841461658
2716    10.2171709538
2724    10.2606229782
2714    10.3040659428
2723    10.3422801495
2726    10.3737659454
2723    10.4145629406
2725    10.4556391239
2715    10.5009880066
2784    10.5383241177
2725    10.5620181561
2722    10.6012561321
2713    10.6396090984
2712    10.682860136
2711    10.7210299969
2766    10.7644510269
2714    10.8004601002
2773    10.849435091
2704    10.877972126
2696    10.9154331684
2710    10.9462590218
2701    10.9723131657
2704    11.0081880093
2692    11.0438351631
2695    11.0800430775
2685    11.1082561016
2696    11.1442420483
2672    11.1926810741
2674    11.2406361103
2674    11.2686419487
2671    11.302036047
2687    11.3338601589
2686    11.3658750057
2668    11.40924716
2726    11.4652581215
2654    11.5033211708
2639    11.5463080406
2613    11.589138031
2587    11.6274449825
2548    11.6586389542
2532    11.7072310448
2499    11.7407319546
2481    11.7733249664
2497    11.8162679672
2488    11.8592989445
2512    11.9026050568
2537    11.9301991463
2539    11.9639379978
2541    12.0014510155
2559    12.033449173
2575    12.0763361454
2559    12.1199641228
2585    12.1586990356
2598    12.1864261627
2605    12.2197329998
2614    12.2517571449
2606    12.2804479599
2669    12.3155250549
2687    12.3613829613
2641    12.3936419487
2659    12.4163191319
2674    12.4541270733
2667    12.4944720268
2691    12.5370481014
2701    12.5705239773
2708    12.6025760174
2705    12.634403944
2717    12.6757669449
2718    12.7014729977
2716    12.7385499477
2715    12.7769329548
2721    12.80768013
2785    12.838283062
2775    12.8723189831
2723    12.9034731388
2712    12.9419879913
2784    12.9854221344
2712    13.0290241241
2715    13.0677969456
2724    13.1002340317
2713    13.1472401619
2786    13.1839711666
2725    13.2156920433
2724    13.2466659546
2715    13.290199995
2713    13.3337841034
2715    13.3723790646
2714    13.3992340565
2716    13.4413919449
2720    13.4849729538
2713    13.5279390812
2724    13.564893961
2773    13.6082999706
2716    13.6345760822
2714    13.6678681374
2786    13.7132439613
2727    13.7467041016
2725    13.7849330902
2727    13.8358261585
2723    13.8754661083
2716    13.9214761257
2715    13.9503121376
2725    13.9838750362
2723    14.0173239708
2714    14.0608170033
2712    14.1035170555
2704    14.1461501122
2686    14.1839561462
2656    14.2163579464
2665    14.2528300285
2582    14.2854700089
2579    14.3316061497
2492    14.3705589771
2441    14.3988809586
2497    14.4325649738
2394    14.4608819485
2349    14.4986729622
2319    14.5280539989
2267    14.5611240864
2259    14.6139831543
2218    14.6476540565
2189    14.6886110306
2156    14.7317709923
2156    14.762912035
2134    14.8068449497
2123    14.8451230526
2111    14.8718690872
2105    14.904307127
2100    14.9361131191
2130    14.963737011
2101    14.9972109795
1977    15.0307121277
1905    15.0641641617
1784    15.0925850868
1787    15.1219770908
1692    15.1524431705
1614    15.1908731461
1589    15.2297670841
1439    15.268337965
1380    15.3113839626
1359    15.3538639545
1514    15.3797061443
1780    15.4128911495
1792    15.4447879791
1656    15.4883899689
1463    15.5268390179
1456    15.5700449944
1508    15.6185030937
1686    15.6517629623
1897    15.682819128
2053    15.7157561779
2111    15.7488329411
2101    15.7775061131
2072    15.8137841225
2042    15.8571100235
2022    15.8955991268
2037    15.9387531281
2109    15.9655461311
2200    15.998666048
2325    16.0295741558
2451    16.0664269924
2549    16.1082670689
2612    16.1420969963
2656    16.1705591679
2724    16.2040131092
2747    16.2321841717
2694    16.2655251026
2709    16.2971031666
2719    16.3287899494
2708    16.3608009815
2709    16.3899509907
2712    16.4234759808
2778    16.4551301003
2771    16.4984869957
2713    16.5369520187
2713    16.5656189919
2724    16.6048259735
2723    16.6320641041
2715    16.6653671265
2715    16.6925029755
2715    16.7553181648
2713    16.7996029854
2711    16.8323800564
2711    16.8654220104
2715    16.9190411568
2706    16.9504001141
2708    16.9933030605
2715    17.0195760727
2715    17.0559370518
2716    17.0823869705
2705    17.1164209843
2709    17.1431930065
2701    17.176607132
2708    17.2250130177
2697    17.2686519623
2693    17.3071839809
2685    17.3505041599
2744    17.3886320591
2746    17.427850008
2669    17.4622550011
2662    17.5056769848
2652    17.5476281643
2627    17.576677084
2596    17.6090869904
2558    17.6428079605
2529    17.6764659882
2512    17.7150609493
2511    17.7470121384
2506    17.7778680325
2482    17.8142089844
