2205    0.0285439491272
2209    0.0676538944244
2210    0.10832285881
2207    0.146732807159
2212    0.178519964218
2219    0.212008953094
2214    0.235589981079
2264    0.274117946625
2215    0.312742948532
2207    0.341364860535
2217    0.377065896988
2272    0.403553962708
2209    0.432554006577
2206    0.466492891312
2208    0.499089002609
2200    0.543308973312
2217    0.569412946701
2224    0.607882976532
2226    0.656491994858
2232    0.690104961395
2223    0.724188804626
2225    0.763044834137
2228    0.794207811356
2234    0.825318813324
2237    0.856416940689
2247    0.887768983841
2244    0.936883926392
2249    0.974943876266
2241    1.01239490509
2252    1.04634380341
2263    1.07311701775
2315    1.10744094849
2261    1.14016699791
2253    1.168145895
2254    1.20476484299
2256    1.24296092987
2247    1.27403998375
2232    1.31016993523
2248    1.34645795822
2246    1.3778398037
2246    1.41042089462
2237    1.45469999313
2245    1.48200082779
2241    1.52615594864
2248    1.55342388153
2243    1.58301687241
2240    1.61693501472
2248    1.64546585083
2236    1.68284201622
2240    1.71566295624
2242    1.75399780273
2267    1.78042602539
2319    1.81450295448
2250    1.85854387283
2240    1.89784502983
2234    1.9250228405
2262    1.96399283409
2247    2.00366783142
2255    2.04257297516
2254    2.0853638649
2248    2.12952589989
2264    2.16865801811
2257    2.21298193932
2259    2.24709701538
2257    2.2748029232
2258    2.32179689407
2310    2.35390686989
2264    2.38328099251
2253    2.42270994186
2314    2.45752501488
2247    2.48641991615
2251    2.52281188965
2267    2.55371403694
2259    2.5862159729
2262    2.61646580696
2311    2.65955400467
2263    2.70353889465
2258    2.73982596397
2246    2.77325391769
2263    2.8066868782
2263    2.84015798569
2251    2.8785200119
2303    2.90692782402
2264    2.93526983261
2270    2.96919798851
2303    2.99849390984
2327    3.03299403191
2325    3.06259584427
2273    3.09570980072
2278    3.13918685913
2278    3.17818593979
2272    3.22200393677
2272    3.26527094841
2280    3.29159283638
2274    3.32404994965
2262    3.36157894135
2270    3.39695191383
2273    3.45243597031
2276    3.49040603638
2282    3.51875782013
2283    3.57058596611
2282    3.5997979641
2296    3.63320994377
2288    3.66103982925
2282    3.69829297066
2341    3.72546982765
2286    3.76454281807
2286    3.79984903336
2288    3.83888483047
2292    3.87783193588
2286    3.91478991508
2290    3.9533598423
2281    3.99688887596
2280    4.03580093384
2283    4.08058285713
2299    4.12288093567
2298    4.15985989571
2365    4.19092798233
2294    4.22208690643
2293    4.24918603897
2302    4.28116297722
2303    4.31151294708
2356    4.35681891441
2300    4.3874168396
2297    4.43204784393
2365    4.45840597153
2296    4.50252103806
2309    4.53278899193
2300    4.56524682045
2356    4.59294986725
2301    4.62778782845
2324    4.65921282768
2324    4.68789601326
2321    4.72352790833
2321    4.76714992523
2314    4.8037519455
2324    4.83590292931
2314    4.87914586067
2325    4.90870094299
2319    4.94159388542
2317    4.98559093475
2319    5.02983689308
2388    5.06797981262
2331    5.10697388649
2333    5.15587091446
2327    5.19496703148
2337    5.23392486572
2331    5.27579498291
2333    5.30482983589
2329    5.33837580681
2331    5.38238692284
2340    5.42366480827
2344    5.46245980263
2349    5.48925280571
2348    5.53864383698
2353    5.57564997673
2348    5.61449980736
2351    5.65346384048
2352    5.68717980385
2352    5.72081780434
2358    5.74978399277
2351    5.79368495941
2354    5.84276485443
2362    5.88191199303
2360    5.92619085312
2362    5.96534991264
2362    6.00962686539
2356    6.04882001877
2360    6.0917840004
2372    6.13420081139
2371    6.17216491699
2423    6.21584796906
2382    6.2597079277
2380    6.29864692688
2379    6.34257698059
2375    6.37656903267
2377    6.41050982475
2390    6.44257187843
2379    6.48642992973
2372    6.53527593613
2370    6.56426382065
2382    6.59262800217
2436    6.63236880302
2395    6.67649388313
2400    6.70445299149
2452    6.74845194817
2392    6.78749990463
2391    6.83169698715
2395    6.85789299011
2396    6.89702796936
2450    6.93113994598
2401    6.965061903
2391    6.99400496483
2393    7.02649903297
2397    7.0707988739
2395    7.0975279808
2394    7.12673401833
2392    7.16025495529
2392    7.20446181297
2400    7.2307908535
2392    7.26471781731
2395    7.3027780056
2385    7.34002995491
2391    7.38734292984
2385    7.43636894226
2409    7.46427297592
2412    7.50290799141
2408    7.54180884361
2398    7.56862688065
2420    7.60061597824
2410    7.64382481575
2413    7.68790602684
2425    7.72669887543
2428    7.76299500465
2423    7.7994248867
2427    7.838326931
2427    7.88008594513
2432    7.90382099152
2487    7.94256186485
2414    7.98161196709
2422    8.02511191368
2441    8.06428098679
2426    8.10805296898
2422    8.14729785919
2421    8.19168996811
2420    8.23587989807
2488    8.27698802948
2422    8.30329489708
2432    8.33978295326
2449    8.3788998127
2449    8.41050982475
2440    8.45442199707
2435    8.50601482391
2442    8.5389509201
2445    8.56750893593
2440    8.60150194168
2435    8.63923001289
2435    8.6719558239
2438    8.71590280533
2432    8.77479195595
2432    8.80192780495
2423    8.83104300499
2424    8.86542892456
2422    8.90476489067
2423    8.93770480156
2414    8.98117303848
2423    9.00771188736
2447    9.04288482666
2445    9.07360887527
2434    9.10161495209
2440    9.13582181931
2446    9.17201495171
2439    9.211124897
2437    9.25053286552
2441    9.28112101555
2422    9.3090698719
2423    9.34120583534
2436    9.37769389153
2428    9.41684699059
2421    9.46106481552
2424    9.50510382652
2432    9.54894185066
2428    9.58328080177
2477    9.61737990379
2474    9.66011786461
2420    9.70372486115
2475    9.73773884773
2428    9.76703190804
2423    9.80115199089
2434    9.8353908062
2426    9.87887883186
2432    9.9226629734
2416    9.97241592407
2478    10.0160348415
2413    10.0601129532
2422    10.0993080139
2422    10.1435959339
2412    10.191190958
2412    10.2257549763
2407    10.2597448826
2409    10.2959070206
2460    10.3221178055
2412    10.3686168194
2410    10.4117119312
2418    10.4380118847
2400    10.4711158276
2406    10.5001549721
2407    10.5333988667
2411    10.5661528111
2401    10.5938708782
2464    10.6262500286
2468    10.6602799892
2412    10.6935908794
2407    10.721809864
2403    10.7503278255
2441    10.7942700386
2393    10.828068018
2392    10.8804938793
2391    10.9093959332
2391    10.9419248104
2397    10.9760069847
2399    11.010160923
2401    11.034309864
2388    11.0677428246
2384    11.0998139381
2392    11.1440830231
2403    11.1830248833
2396    11.2223539352
2401    11.265185833
2391    11.301003933
2377    11.33472085
2438    11.370005846
2386    11.4088559151
2387    11.4411079884
2385    11.4735469818
2384    11.5169959068
2378    11.5594270229
2371    11.5981810093
2388    11.6293768883
2365    11.6605658531
2358    11.7042238712
2362    11.7482478619
2363    11.7922308445
2364    11.8268330097
2363    11.8662250042
2355    11.8953948021
2363    11.937073946
2361    11.9761528969
2354    12.0201740265
2358    12.0692229271
2352    12.1079089642
2345    12.1443388462
2358    12.1704478264
2344    12.2115879059
2411    12.2427289486
2348    12.2751688957
2354    12.3089399338
2322    12.3478798866
2329    12.3915579319
2331    12.4353449345
2380    12.4785978794
2331    12.5228090286
2328    12.5622169971
2327    12.6015360355
2328    12.643985033
2386    12.6701300144
2339    12.7065320015
2371    12.7453539371
2319    12.7765660286
2313    12.8204538822
2314    12.8539538383
2316    12.891712904
2316    12.9352519512
2366    12.9789168835
2315    13.0184259415
2323    13.0623338223
2323    13.0968878269
2360    13.1315560341
2303    13.1575009823
2313    13.1936848164
2353    13.2379918098
2300    13.2810239792
2300    13.3245728016
2363    13.3620660305
2296    13.3943970203
2298    13.4270119667
2297    13.4656288624
2339    13.5098128319
2276    13.5542588234
2283    13.5883820057
2286    13.6247828007
2291    13.671104908
2294    13.7022538185
2289    13.7335100174
2297    13.7639458179
2290    13.7952008247
2277    13.8395009041
2272    13.8658568859
2332    13.9153439999
2278    13.9519948959
2268    13.9958310127
2263    14.0223069191
2269    14.0663058758
2269    14.1089828014
2273    14.1479508877
2272    14.1911168098
2281    14.2155058384
2264    14.2524518967
2260    14.2953288555
2262    14.3203229904
2262    14.3589158058
2254    14.3823049068
2259    14.4229738712
2267    14.4612050056
2267    14.4915759563
2253    14.5353658199
2258    14.5794169903
2264    14.6132109165
2263    14.6485598087
2241    14.6922299862
2244    14.7377169132
2297    14.7716658115
2243    14.8039298058
2243    14.8377938271
2232    14.8771488667
2232    14.9211118221
2249    14.9513309002
2226    14.9827809334
2224    15.0270769596
2232    15.0547389984
2272    15.0920538902
2264    15.1295099258
2208    15.1686480045
2193    15.2120728493
2193    15.2560138702
2194    15.2952969074
2243    15.3290069103
2199    15.3596019745
2189    15.4034149647
2200    15.4424519539
2189    15.4870839119
2258    15.5258920193
2199    15.5612390041
2192    15.597607851
2188    15.6317520142
2194    15.6740539074
2195    15.7094838619
2198    15.7447419167
2192    15.7751038074
2198    15.8106458187
2205    15.8410778046
2206    15.8918528557
2200    15.9299108982
2192    15.9737598896
2193    16.0179078579
2189    16.0569119453
2198    16.0842978954
2251    16.116822958
2197    16.1601829529
2249    16.2043979168
2187    16.2584350109
2194    16.2976129055
2194    16.3403689861
2249    16.3795058727
2192    16.423293829
2198    16.4622559547
2198    16.506278038
2202    16.5454158783
2187    16.589455843
2195    16.6283528805
2196    16.654350996
2202    16.6865389347
2198    16.7197239399
2203    16.7505428791
2247    16.7839989662
2199    16.8174359798
2217    16.8458578587
2209    16.8793869019
2209    16.9079008102
2191    16.9563410282
2194    16.9901909828
2200    17.0340559483
2247    17.0721669197
2193    17.1165039539
2198    17.1545879841
2197    17.2020578384
2179    17.2386980057
2182    17.2680659294
2187    17.2983298302
2175    17.3357839584
2244    17.3714458942
2170    17.4153418541
2194    17.4594869614
2250    17.485601902
2202    17.5188429356
2190    17.5583078861
2199    17.5903959274
2187    17.6341190338
2195    17.6735258102
2199    17.7128360271
2196    17.7607638836
2186    17.7971909046
2203    17.8333828449
2207    17.8646719456
2192    17.8921868801
2206    17.9244418144
2210    17.9633469582
2212    17.9970548153
2218    18.0365569592
