2105    0.0459451675415
2109    0.0734391212463
2094    0.105023145676
2107    0.135926961899
2100    0.163973093033
2100    0.199640035629
2098    0.225278139114
2111    0.261723995209
2110    0.304665088654
2111    0.347892999649
2110    0.383290052414
2103    0.411858081818
2103    0.445280075073
2103    0.47381901741
2104    0.511599063873
2100    0.53627705574
2096    0.569802045822
2105    0.613327026367
2103    0.656769990921
2097    0.69496011734
2098    0.737640142441
2099    0.77619099617
2099    0.819887161255
2100    0.86325097084
2104    0.901877164841
2102    0.940461158752
2110    0.972380161285
2105    1.01584815979
2107    1.05948209763
2111    1.10323214531
2117    1.13656616211
2118    1.16982412338
2122    1.20062303543
2119    1.23246908188
2126    1.26437211037
2127    1.29661798477
2134    1.32915997505
2128    1.37211894989
2132    1.40531611443
2153    1.45763206482
2140    1.50075912476
2156    1.53319406509
2145    1.57492208481
2141    1.61250114441
2204    1.64686393738
2151    1.67244195938
2153    1.70605397224
2149    1.73795604706
2140    1.77043914795
2144    1.80576014519
2190    1.84930896759
2132    1.88757705688
2118    1.92272210121
2124    1.96595716476
2124    2.00456595421
2118    2.0424311161
2110    2.07594299316
2128    2.10436797142
2146    2.13788700104
2152    2.1662709713
2150    2.19960594177
2165    2.23799109459
2237    2.26643800735
2175    2.2998790741
2195    2.32820796967
2197    2.36164212227
2203    2.40023803711
2196    2.44380307198
2198    2.47209095955
2195    2.50508213043
2194    2.53800415993
2243    2.56947994232
2236    2.61022806168
2237    2.63595795631
2182    2.67163801193
2185    2.69740414619
2193    2.73306107521
2182    2.76234102249
2185    2.79651117325
2193    2.83227300644
2181    2.87298417091
2196    2.90867614746
2206    2.94938111305
2194    2.99011301994
2204    3.01610708237
2196    3.04970812798
2188    3.09267115593
2203    3.12341499329
2192    3.16656112671
2249    3.1896879673
2260    3.24271416664
2260    3.27603912354
2193    3.28171014786
2202    3.31531214714
2200    3.34726214409
2203    3.38225698471
2251    3.41262316704
2185    3.45600605011
2202    3.48707103729
2199    3.51591014862
2195    3.55187606812
2191    3.59491109848
2211    3.63703608513
2213    3.67554616928
2212    3.7040309906
2218    3.73717403412
2215    3.77666211128
2211    3.81326603889
2218    3.8391699791
2260    3.87244200706
2222    3.90432596207
2212    3.95382499695
2203    3.98295617104
2219    4.01476216316
2273    4.04588603973
2204    4.09298706055
2217    4.12981009483
2216    4.1609749794
2209    4.19167995453
2207    4.22311306
2217    4.25381708145
2221    4.28449201584
2209    4.34137010574
2209    4.37410211563
2220    4.38121700287
2237    4.40247797966
0    4.43805193901
2229    4.44526815414
2226    4.47546601295
0    4.51151704788
2283    4.51734995842
2220    4.55213093758
0    4.58588814735
2226    4.59428095818
2231    4.63187003136
2232    4.66065216064
2227    4.67403197289
0    4.71218299866
2220    4.72530913353
2227    4.75922894478
2231    4.79265499115
2231    4.80053496361
2235    4.8321659565
0    4.86638712883
2229    4.87465214729
2234    4.91193199158
0    4.94988512993
2237    4.95694994926
2235    4.98719000816
0    5.02071094513
2237    5.02396702766
2231    5.05708312988
0    5.09054613113
2231    5.11904811859
2233    5.13759803772
2249    5.16648316383
0    5.19966697693
2224    5.2051551342
2221    5.23526000977
0    5.26592993736
2277    5.2713830471
2231    5.30029296875
0    5.3449420929
2236    5.35284805298
2224    5.37792015076
2236    5.41642093658
2226    5.4553360939
2217    5.48349094391
2228    5.51994514465
2228    5.56160116196
2226    5.59119510651
2233    5.62107110023
2224    5.65452408791
2205    5.69306516647
2205    5.74131512642
2209    5.79461812973
2213    5.83626794815
2222    5.87508201599
2267    5.91741394997
2218    5.94416594505
2212    5.98731994629
2213    6.01522707939
2215    6.04872894287
2207    6.08210110664
2207    6.11049413681
2213    6.15386509895
2207    6.18226504326
2213    6.2106449604
2260    6.24419403076
2209    6.28250813484
2207    6.31582403183
2265    6.34443211555
2264    6.37844014168
2209    6.41668796539
2203    6.4496409893
2197    6.47757315636
2193    6.51563000679
2193    6.54354405403
2202    6.5814640522
2192    6.60435295105
2206    6.64269995689
2199    6.6759390831
2196    6.7192671299
2196    6.75162196159
2190    6.78718709946
2252    6.82289195061
2186    6.85087013245
2195    6.88356804848
2256    6.92085003853
2178    6.96434307098
2235    7.00264000893
2183    7.03452110291
2179    7.07273411751
2180    7.10579299927
2191    7.13858699799
2175    7.17048501968
2184    7.20617008209
2175    7.24165701866
2179    7.2657289505
2241    7.30028796196
2181    7.32934403419
2185    7.36715316772
2184    7.40399003029
2229    7.43464612961
2220    7.46603012085
2229    7.49687600136
2227    7.52803206444
2172    7.56216716766
2168    7.60438704491
2160    7.64792299271
2174    7.67970108986
2165    7.71223211288
2172    7.74468612671
2169    7.78814005852
2148    7.82653403282
2148    7.86991500854
2151    7.91286706924
2153    7.95132708549
2153    7.99461507797
2157    8.03294706345
2149    8.07627701759
2133    8.11453914642
2143    8.14463996887
2145    8.17699599266
2135    8.22050213814
2144    8.25398898125
2140    8.29891896248
2130    8.33920907974
2118    8.37711715698
2123    8.41553711891
2122    8.44383907318
2179    8.47966504097
2119    8.52262210846
2116    8.56809997559
2123    8.60121512413
2119    8.63384199142
2157    8.66767597198
2104    8.6964840889
2105    8.73020410538
2109    8.76409602165
2103    8.78782200813
2163    8.82661700249
2106    8.85428404808
2100    8.8969681263
2099    8.94045495987
2107    8.98239803314
2157    9.02552914619
2098    9.06034612656
2104    9.09577894211
2103    9.12218999863
2108    9.15773200989
2150    9.20275807381
2102    9.24295806885
2101    9.28103208542
2107    9.3217420578
2156    9.34997415543
2155    9.38593411446
2100    9.42448115349
2099    9.45792293549
2110    9.50049114227
2110    9.53009104729
2104    9.56470799446
2100    9.59058403969
2101    9.62900996208
2101    9.66670012474
2103    9.71031403542
2101    9.74838995934
2100    9.78030395508
2096    9.82351207733
2099    9.86651515961
2077    9.90808296204
2147    9.93302106857
2086    9.97883009911
2083    10.0220279694
2082    10.0645170212
2085    10.1031880379
2086    10.1466209888
2089    10.1937689781
2135    10.2315311432
2076    10.2597360611
2070    10.2959229946
2069    10.3314580917
2078    10.3791241646
2070    10.4125859737
2072    10.4461951256
2064    10.479694128
2068    10.5176489353
2078    10.5546441078
2066    10.6031429768
2069    10.6365520954
2083    10.6649489403
2086    10.7030570507
2083    10.741464138
2092    10.7898039818
2079    10.8231940269
2082    10.8551559448
2085    10.8989641666
2076    10.9424340725
2083    10.9803760052
2084    11.0136239529
2085    11.0518860817
2093    11.0872700214
2081    11.1256821156
2137    11.1693129539
2067    11.2126200199
2076    11.2613670826
2072    11.2895491123
2065    11.3231420517
2062    11.3667061329
2066    11.3921101093
2078    11.4475359917
2078    11.4852280617
2069    11.5221230984
2066    11.5605759621
2070    11.6037099361
2068    11.6458909512
2079    11.6843850613
2072    11.7273650169
2072    11.7557270527
2126    11.8035709858
2079    11.8369970322
2077    11.8704590797
2067    11.8992919922
2064    11.9324281216
2077    11.9651091099
2068    12.008480072
2130    12.0346870422
2079    12.067289114
2071    12.1116240025
2079    12.1373400688
2068    12.1638481617
2052    12.1965751648
2115    12.2312760353
2051    12.2690610886
2056    12.3129751682
2052    12.3513820171
2064    12.3819980621
2062    12.4103040695
2053    12.443860054
2049    12.478894949
2058    12.5044579506
2054    12.5427279472
2049    12.5792880058
2060    12.6113231182
2057    12.643392086
2060    12.6735601425
2051    12.709717989
2051    12.7480549812
2054    12.7913351059
2057    12.8347091675
2054    12.8682510853
2049    12.9066710472
2103    12.955094099
2057    12.993530035
2056    13.0263381004
2054    13.0585720539
2059    13.0903720856
2054    13.1209199429
2057    13.1529531479
2056    13.185281992
2056    13.227107048
2048    13.2593650818
2054    13.2875730991
2104    13.3225109577
2041    13.3524539471
2044    13.3882319927
2034    13.4366159439
2033    13.4748620987
2033    13.5066771507
2099    13.5425741673
2050    13.5681681633
2103    13.604375124
2049    13.6425311565
2045    13.6826810837
2044    13.7209920883
2029    13.750439167
2042    13.7827141285
2042    13.8265311718
2042    13.8605539799
2035    13.8976860046
2041    13.930077076
2036    13.9733059406
2029    14.0167710781
2036    14.054008007
2045    14.0965731144
2044    14.1352801323
2040    14.1639959812
2034    14.212968111
2033    14.2516331673
2034    14.2902550697
2029    14.3225140572
2034    14.3647911549
2036    14.3966591358
2030    14.4398441315
2030    14.4832019806
2043    14.5256440639
2044    14.5742640495
2038    14.6022939682
2039    14.6344890594
2035    14.6633019447
2036    14.6963300705
2036    14.7295360565
2091    14.7714731693
2049    14.8014440536
2036    14.831690073
2030    14.8585641384
2034    14.8903520107
2047    14.922039032
2047    14.9539580345
2089    14.9971959591
2030    15.0279560089
2043    15.0587370396
2039    15.0894460678
2042    15.1205041409
2036    15.1487669945
2035    15.1846179962
2089    15.2233510017
2050    15.25654006
2046    15.2924079895
2057    15.3258070946
2039    15.3592970371
2045    15.397053957
2058    15.4457709789
2056    15.4891331196
2114    15.5260341167
2062    15.5581459999
2054    15.6012539864
2045    15.6435799599
2058    15.681743145
2062    15.7131171227
2055    15.741795063
2045    15.7732889652
2063    15.8094699383
2065    15.8445351124
2063    15.8818099499
2052    15.9136040211
2055    15.9499361515
2059    15.9870979786
2062    16.0315351486
2060    16.0584130287
2052    16.09060812
2060    16.1186690331
2058    16.1521649361
2057    16.2006559372
2064    16.2382559776
2050    16.281703949
2069    16.3203840256
2051    16.3525381088
2053    16.396075964
2069    16.4393720627
2063    16.4758870602
2073    16.5117001534
2078    16.5525729656
2075    16.5792169571
2072    16.6229269505
2074    16.6585490704
2070    16.6871991158
2076    16.7307009697
2072    16.7642030716
2077    16.8000090122
2068    16.8351800442
2077    16.8740000725
2131    16.9089169502
2075    16.9399311543
2067    16.9732570648
2061    17.0012180805
2075    17.0373220444
2064    17.0752911568
2072    17.1223061085
2069    17.1645929813
2084    17.1982469559
2138    17.23656106
2096    17.2630491257
2084    17.2948470116
2137    17.3388490677
2085    17.3822000027
2086    17.4204959869
2085    17.4722521305
2079    17.5047149658
2088    17.5481791496
