1991    0.0285210609436
2049    0.0619430541992
1999    0.0996351242065
1999    0.136599063873
1997    0.168162107468
1995    0.20209813118
2002    0.247019052505
2063    0.273779153824
2018    0.30943608284
2010    0.354995965958
2004    0.397892951965
2005    0.431160926819
2008    0.469645023346
2006    0.498185157776
2008    0.523155927658
2003    0.55656003952
2003    0.599898099899
1997    0.63812994957
2011    0.668920993805
2013    0.70042014122
2008    0.734791040421
2011    0.776440143585
2015    0.816017150879
2014    0.854151010513
2016    0.885981082916
2007    0.929324150085
2008    0.967219114304
2008    1.00067615509
2006    1.04398798943
2015    1.08243298531
2008    1.1307580471
2005    1.17402505875
1998    1.2173781395
2007    1.26110506058
2005    1.29442095757
2012    1.33118104935
2003    1.36795306206
1998    1.39656305313
2010    1.42980504036
2008    1.46185207367
2004    1.49022006989
2004    1.52834916115
2001    1.57147502899
2002    1.61448502541
2002    1.6513800621
2003    1.69016194344
1998    1.72893810272
2004    1.76798796654
2001    1.81132006645
2008    1.84947609901
2058    1.87884116173
2013    1.91823410988
2011    1.95494914055
1997    1.99784111977
1999    2.03504395485
1996    2.07720303535
2062    2.11566114426
2005    2.15942502022
2008    2.20290493965
2010    2.2363049984
2008    2.26958394051
2011    2.30135011673
2006    2.33249115944
2000    2.37568211555
1999    2.41887497902
2010    2.46232199669
2012    2.50572514534
2013    2.54434108734
2008    2.58273410797
2006    2.61992096901
2007    2.66342401505
2008    2.69660711288
2009    2.73410797119
2008    2.76094198227
2007    2.7955429554
2005    2.83912205696
2005    2.88205504417
2005    2.92037796974
2002    2.96026015282
2006    2.99019694328
2010    3.02516007423
2012    3.05133414268
2016    3.0865521431
2008    3.1299200058
2016    3.15589904785
2069    3.19322395325
2007    3.23546409607
2010    3.27109193802
2055    3.30887293816
2012    3.33917403221
2003    3.36728811264
2003    3.40155506134
2012    3.43086695671
2004    3.46517109871
2010    3.49955010414
2012    3.52384710312
1999    3.56179594994
2006    3.60025501251
2004    3.6479139328
2004    3.6909661293
2001    3.72448515892
1997    3.75763607025
2010    3.79212713242
2001    3.8305850029
2003    3.87416815758
2054    3.91256213188
2006    3.96092700958
1989    4.00495100021
1991    4.0433909893
2003    4.07580208778
2001    4.10827994347
2054    4.15178108215
1992    4.19082093239
2014    4.23410606384
2005    4.26101398468
1990    4.29451608658
1987    4.32685995102
2005    4.36977100372
2042    4.41385698318
1990    4.45203995705
1990    4.48580408096
1990    4.51468110085
1992    4.54855298996
1990    4.58270812035
1986    4.61860513687
1997    4.65464305878
1990    4.6957950592
1997    4.72172212601
1998    4.75276303291
1997    4.79371094704
1990    4.81990194321
1999    4.85295295715
1995    4.89598202705
1991    4.92501401901
1997    4.9621181488
2054    4.99919295311
1990    5.03208613396
1990    5.07588911057
1982    5.11455202103
1988    5.15783309937
2040    5.18993401527
1987    5.2182059288
1996    5.25345897675
1989    5.29696011543
1989    5.3395690918
1988    5.37765097618
1996    5.40946102142
1993    5.43790793419
1993    5.47009706497
1992    5.51260995865
1993    5.55576515198
2001    5.58286499977
1986    5.61156010628
1996    5.64494395256
1997    5.69087505341
1989    5.7291200161
1995    5.76003503799
1987    5.78865695
1987    5.82218909264
1994    5.86542701721
1991    5.89254498482
1995    5.93438410759
2000    5.97264003754
1996    6.02565312386
1989    6.05947613716
1990    6.09823298454
1990    6.15087795258
1990    6.18586707115
1995    6.21639204025
1987    6.26019001007
1989    6.30251193047
1990    6.33987212181
1987    6.37332701683
1996    6.40615200996
1987    6.44944214821
1988    6.49177408218
1993    6.5350921154
1997    6.56147098541
1998    6.59660410881
1984    6.63080596924
1993    6.66916108131
1993    6.69767403603
1997    6.73624014854
1992    6.7750620842
1986    6.81818294525
1991    6.86163711548
1992    6.89841604233
1991    6.9234380722
1995    6.95856809616
1997    6.98840808868
1998    7.01901602745
1993    7.05458903313
1999    7.08024215698
1984    7.11607694626
1997    7.15726613998
1989    7.2003660202
1997    7.2488629818
1989    7.29143404961
1990    7.33489608765
2046    7.37847900391
1997    7.41250300407
1990    7.44615006447
1986    7.48862409592
1987    7.53214001656
1985    7.57804107666
1988    7.61034607887
1989    7.64347505569
1990    7.67110395432
2000    7.70828104019
2000    7.74616408348
1999    7.77708911896
1990    7.80943012238
1990    7.84164404869
1991    7.87339806557
2043    7.91664814949
2046    7.95502996445
1981    7.9983689785
1995    8.0350921154
1989    8.07916903496
1989    8.11747598648
1993    8.16080594063
1996    8.20409607887
1989    8.24214506149
1991    8.28970503807
1991    8.32286500931
1987    8.35606098175
1988    8.38940596581
1996    8.42999005318
1982    8.47564697266
1993    8.50180196762
1982    8.53441214561
1981    8.57786893845
1994    8.61613297462
1985    8.6441450119
2040    8.67754912376
1989    8.70975995064
1993    8.75726795197
1985    8.79371809959
1990    8.82126402855
1992    8.85490107536
1989    8.886687994
1993    8.91859602928
2045    8.95043611526
1990    8.98076295853
1993    9.01558113098
1988    9.05045795441
1997    9.08530211449
1986    9.125259161
1982    9.16028499603
1996    9.20034003258
1987    9.23572492599
1985    9.27689003944
1994    9.31539201736
1993    9.35419511795
2000    9.40233016014
1999    9.43910694122
1989    9.47297811508
1982    9.51287698746
1984    9.5548620224
1992    9.5984890461
1990    9.64171600342
1996    9.66836500168
1991    9.70164394379
1986    9.73485612869
1986    9.77848505974
1988    9.81715893745
2000    9.86061906815
1995    9.88752913475
1990    9.91947603226
1989    9.95213413239
2042    9.98056006432
1999    10.0139269829
1996    10.0468330383
1989    10.0902941227
1990    10.1284909248
1982    10.1605341434
1988    10.2040519714
2042    10.24725914
2000    10.2851569653
1992    10.3262810707
1999    10.3587150574
1989    10.3872079849
2044    10.4251630306
1984    10.464097023
1985    10.5074369907
1989    10.5457100868
1988    10.588570118
1993    10.6268091202
2043    10.6590459347
1989    10.7023780346
1988    10.7457170486
1993    10.7836811543
1984    10.827023983
1992    10.8652970791
1992    10.9085581303
1984    10.9517531395
1991    10.9893651009
1997    11.0356550217
1989    11.0726120472
1981    11.1007480621
1984    11.1341371536
2000    11.1658730507
1997    11.2046511173
1989    11.2331590652
1997    11.2649171352
1997    11.2955069542
1989    11.338488102
1990    11.3820099831
1990    11.4169840813
1999    11.4526391029
1993    11.4833419323
2000    11.5141451359
1997    11.5461061001
1987    11.5848710537
1986    11.6136801243
1997    11.6444420815
1989    11.6776061058
2000    11.7046740055
1991    11.7528121471
1993    11.790897131
1993    11.8227679729
1987    11.8520009518
1988    11.8916349411
1981    11.9299860001
1984    11.9721601009
1981    12.0098381042
1988    12.0423309803
1996    12.0842249393
1992    12.1180090904
1997    12.1417701244
2041    12.1773340702
1999    12.2043170929
1988    12.2400040627
1984    12.2681281567
1984    12.311686039
1984    12.3489301205
2050    12.3808021545
1998    12.412124157
1991    12.4602839947
2046    12.5037641525
1986    12.5369491577
1984    12.5642781258
1993    12.5964710712
2011    12.6323931217
1984    12.6584079266
2052    12.6963951588
2048    12.7296040058
1999    12.7609300613
1984    12.7908511162
1998    12.8237531185
1988    12.8670840263
1993    12.9055950642
1995    12.940155983
1992    12.978112936
1997    13.0169341564
1992    13.0506060123
1990    13.0873680115
1993    13.1211209297
1993    13.1498670578
1990    13.1836149693
1993    13.2123060226
1995    13.246078968
1988    13.2747471333
1997    13.3116569519
1987    13.3486139774
1995    13.3812389374
2045    13.4144389629
1994    13.4417860508
1984    13.4830789566
2042    13.5174109936
1997    13.5515990257
1997    13.5756499767
1996    13.6148891449
1987    13.6543240547
1993    13.692636013
1984    13.7264490128
1995    13.7586209774
1992    13.8024859428
1985    13.8412289619
1993    13.8842201233
1989    13.9277060032
2002    13.9541130066
2008    13.9900181293
2008    14.0284450054
2060    14.0717530251
2071    14.0976080894
2014    14.1308660507
2004    14.1642670631
2004    14.2076151371
2007    14.2460451126
2004    14.2749040127
2006    14.3075349331
2011    14.3410999775
2066    14.3850469589
2008    14.4233829975
2012    14.454595089
1999    14.4911680222
2005    14.5279419422
2008    14.5548241138
2004    14.5855281353
2007    14.6212599277
2008    14.6471381187
2000    14.6852741241
2009    14.7234959602
2005    14.7666471004
2005    14.7944860458
2014    14.8272480965
2004    14.8700499535
2008    14.9134130478
2010    14.9516339302
2009    14.9995250702
2013    15.0332040787
2005    15.0674550533
2016    15.1065130234
2016    15.1310260296
1997    15.1644909382
2003    15.196835041
2070    15.2286720276
2016    15.2605061531
2063    15.3039240837
2007    15.3419220448
2009    15.3749270439
2007    15.4080519676
2060    15.4359750748
2008    15.4790239334
2004    15.512556076
2004    15.5458810329
2011    15.574242115
2004    15.6078701019
2005    15.635684967
2003    15.6693069935
2003    15.7027699947
2012    15.7349729538
2056    15.7734191418
2012    15.8024611473
2016    15.8417639732
2004    15.8858699799
2063    15.909995079
2072    15.9445950985
2011    15.9742240906
2009    16.0041821003
2000    16.0326230526
2006    16.0658841133
2008    16.0940310955
2006    16.1273319721
2006    16.1605830193
1997    16.2139620781
1996    16.2523350716
1986    16.2805271149
2002    16.3139951229
1999    16.3575210571
2002    16.4007179737
2063    16.4267680645
2064    16.4555549622
1994    16.494738102
2002    16.5276460648
2014    16.5697181225
1987    16.6084120274
2006    16.6467480659
2005    16.6784639359
2006    16.7092540264
2005    16.741740942
1999    16.7848300934
2010    16.8159091473
1996    16.8476500511
2012    16.8794541359
2016    16.9113430977
2070    16.9531080723
2011    16.9900281429
2055    17.0367801189
2007    17.0736739635
2012    17.1055109501
2062    17.1523571014
2016    17.1883411407
2000    17.2203819752
2008    17.2636780739
2005    17.3063731194
1984    17.3546869755
1994    17.3929810524
1999    17.4357421398
1994    17.4742310047
2005    17.5126731396
2054    17.5487771034
1989    17.5871601105
1997    17.6306350231
1986    17.6695370674
2002    17.7123291492
2051    17.7380211353
1991    17.7812399864
1990    17.8191449642
1981    17.8635590076
2064    17.8910081387
1999    17.9230830669
2051    17.9541671276
2011    17.9831140041
2002    18.0170581341
