2706    0.0333030223846
2708    0.0667839050293
2708    0.105045080185
2718    0.1453769207
2708    0.179471969604
2710    0.218044042587
2722    0.260286092758
2710    0.298043012619
2780    0.342391967773
2770    0.380414962769
2712    0.410388946533
2723    0.442312002182
2713    0.478183031082
2713    0.519165992737
2772    0.55791592598
2714    0.60057091713
2736    0.639014959335
2714    0.682425022125
2713    0.720973968506
2784    0.769092082977
2784    0.804357051849
2723    0.835133075714
2726    0.865801095963
2782    0.901463985443
2725    0.93507194519
2726    0.961805105209
2725    0.998420953751
2721    1.03562903404
2715    1.07881307602
2725    1.10967898369
2714    1.14644408226
2722    1.18430995941
2716    1.21695804596
2715    1.24990797043
2722    1.28575205803
2724    1.3337469101
2726    1.36862707138
2726    1.39492607117
2719    1.42874407768
2715    1.47158908844
2775    1.5139939785
2715    1.5538790226
2719    1.5808839798
2712    1.61764812469
2767    1.65621399879
2768    1.6844959259
2708    1.71701693535
2715    1.74984002113
2693    1.79305291176
2671    1.83579707146
2667    1.87400603294
2687    1.9174349308
2698    1.94474601746
2696    1.98016691208
2695    2.01337695122
2684    2.03744912148
2681    2.07315993309
2667    2.10521411896
2675    2.13718509674
2721    2.16903090477
2649    2.20482707024
2634    2.25807213783
2625    2.29623794556
2609    2.32188200951
2596    2.35800409317
2569    2.38995504379
2556    2.42824792862
2547    2.4660449028
2536    2.50226402283
2521    2.53499102592
2500    2.56706190109
2486    2.61088895798
2485    2.6378569603
2489    2.66979503632
2530    2.70855498314
2505    2.74508595467
2462    2.77414608002
2436    2.81193208694
2475    2.84992003441
2420    2.88292598724
2412    2.91097307205
2405    2.94437098503
2407    2.97222590446
2408    3.004144907
2447    3.03739309311
2397    3.06598496437
2396    3.10922312737
2388    3.14792108536
2382    3.17605090141
2383    3.21192908287
2378    3.24762105942
2388    3.28272104263
2363    3.32126998901
2358    3.36143493652
2419    3.40024590492
2361    3.42840504646
2362    3.46045708656
2367    3.49341511726
2374    3.52740597725
2344    3.55130910873
2406    3.58513498306
2412    3.62098193169
2350    3.64659190178
2346    3.69825792313
2342    3.73657011986
2350    3.77161192894
2360    3.7964720726
2357    3.83216404915
2350    3.87064909935
2349    3.89813303947
2358    3.93722605705
2350    3.96203398705
2407    3.99905800819
2364    4.0424489975
2354    4.08605313301
2371    4.12817907333
2373    4.16567993164
2364    4.19883990288
2356    4.24144101143
2388    4.27102708817
2382    4.30620408058
2391    4.33202290535
2367    4.36096405983
2383    4.39832401276
2393    4.42273902893
2397    4.46232700348
2389    4.50044298172
2452    4.53283190727
2412    4.57117795944
2419    4.60417795181
2400    4.63594198227
2407    4.66766309738
2409    4.69937801361
2432    4.73631000519
2428    4.78412890434
2423    4.82763600349
2438    4.86582303047
2437    4.89863491058
2459    4.92933297157
2453    4.97019410133
2458    4.99846100807
2480    5.03467297554
2470    5.06536793709
2481    5.09308195114
2480    5.1366250515
2502    5.17435097694
2499    5.20631098747
2510    5.24278903008
2517    5.26787805557
2539    5.29882907867
2524    5.33231091499
2539    5.37501502037
2540    5.41306805611
2541    5.44477510452
2552    5.48811197281
2568    5.52125501633
2569    5.55932593346
2592    5.60755300522
2587    5.64606690407
2593    5.68802905083
2621    5.71685600281
2636    5.75075697899
2627    5.79356408119
2640    5.83192801476
2653    5.86356592178
2673    5.895373106
2664    5.93858504295
2673    5.97698998451
2744    6.00522494316
2746    6.03845691681
2750    6.07187104225
2699    6.10342097282
2710    6.13488507271
2701    6.16991901398
2715    6.19481897354
2707    6.22957611084
2713    6.28450393677
2722    6.32444190979
2723    6.35063409805
2713    6.38391709328
2712    6.41218113899
2714    6.44528913498
2724    6.47722911835
2714    6.52055096626
2713    6.56384110451
2714    6.60215592384
2720    6.6506729126
2715    6.68895792961
2711    6.73173308372
2718    6.7583630085
2709    6.79020905495
2704    6.82209706306
2773    6.85407090187
2706    6.88594603539
2712    6.91813111305
2700    6.96169900894
2695    6.99998402596
2694    7.04313611984
2687    7.09532809258
2676    7.13887500763
2673    7.1772339344
2648    7.22070813179
2639    7.26400113106
2629    7.28897190094
2621    7.32122612
2597    7.34958410263
2609    7.38295698166
2598    7.4189760685
2582    7.45974302292
2577    7.50567913055
2556    7.54907298088
2616    7.59199690819
2559    7.61662006378
2567    7.65130996704
2538    7.68124604225
2537    7.70916390419
2524    7.74578905106
2524    7.78642606735
2526    7.81890201569
2517    7.8616271019
2508    7.89501094818
2510    7.9333589077
2510    7.97612690926
2511    8.00358104706
2515    8.03670811653
2498    8.08016896248
2500    8.11308503151
2490    8.14133000374
2504    8.18006896973
2505    8.21595096588
2552    8.25924110413
2497    8.30125999451
2496    8.33982801437
2496    8.38292312622
2498    8.42105102539
2499    8.46422505379
2501    8.50763010979
2559    8.5509750843
2497    8.58892297745
2512    8.6331410408
2521    8.6700091362
2519    8.70177793503
2571    8.748691082
2503    8.79231309891
2518    8.82519412041
2531    8.85586500168
2537    8.89037704468
2536    8.93509292603
2543    8.97069907188
2598    9.00670695305
2540    9.05003905296
2555    9.09350895882
2552    9.13226413727
2554    9.1710870266
2568    9.19962096214
2570    9.23274302483
2589    9.27070808411
2598    9.31374192238
2603    9.35296797752
2613    9.38794612885
2612    9.42288398743
2614    9.46293210983
2617    9.50127196312
2642    9.54505991936
2643    9.58200192451
2657    9.61041498184
2652    9.64301490784
2675    9.67764902115
2664    9.70862793922
2743    9.73886394501
2687    9.77041506767
2678    9.81384801865
2687    9.85226511955
2689    9.90041399002
2692    9.93727898598
2710    9.96923112869
2758    10.0124731064
2715    10.0403990746
2705    10.0732169151
2762    10.1165659428
2708    10.1551179886
2708    10.1987569332
2710    10.2270009518
2712    10.2608790398
2713    10.299847126
2723    10.3314979076
2714    10.3773329258
2714    10.4131860733
2726    10.4488711357
2726    10.4746129513
2714    10.5106940269
2713    10.548582077
2723    10.5800690651
2715    10.6233720779
2713    10.6677410603
2714    10.7062790394
2715    10.7446789742
2716    10.7773070335
2713    10.831608057
2725    10.8571560383
2713    10.89113307
2714    10.9223561287
2715    10.9653940201
2713    11.0079190731
2713    11.0511491299
2772    11.0952091217
2715    11.122811079
2712    11.1615951061
2723    11.1905059814
2712    11.2294709682
2704    11.273373127
2694    11.3091359138
2673    11.3527281284
2608    11.3909180164
2558    11.4192090034
2621    11.4552109241
2535    11.4931759834
2576    11.5264890194
2614    11.5648269653
2622    11.592813015
2673    11.6297209263
2685    11.6714320183
2687    11.7131531239
2773    11.7550139427
2720    11.7915799618
2778    11.8234479427
2768    11.8667299747
2712    11.9099140167
2714    11.9480509758
2713    11.9749500751
2723    12.0107069016
2713    12.0509190559
2723    12.0829041004
2713    12.1264140606
2723    12.1681849957
2724    12.1921961308
2725    12.2285470963
2725    12.2585549355
2726    12.2936170101
2715    12.3306760788
2715    12.3636770248
2715    12.406897068
2725    12.4376111031
2723    12.4684019089
2726    12.5006990433
2714    12.5410809517
2725    12.5661759377
2725    12.6044120789
2713    12.657656908
2715    12.6958999634
2718    12.7418460846
2713    12.7755019665
2724    12.8124809265
2716    12.8498871326
2725    12.8817429543
2724    12.9136481285
2713    12.9567809105
2773    13.0003159046
2721    13.0433299541
2712    13.0815320015
2712    13.1100440025
2713    13.1485221386
2713    13.1858201027
2723    13.2340819836
2714    13.272644043
2713    13.3110361099
2712    13.3405380249
2781    13.3752679825
2713    13.4033000469
2719    13.4475839138
2713    13.4850940704
2723    13.5335850716
2725    13.5657839775
2714    13.6032810211
2714    13.6444270611
2725    13.6685070992
2723    13.7053539753
2723    13.7439489365
2724    13.7873430252
2720    13.8291270733
2724    13.8697679043
2715    13.9070830345
2725    13.9382219315
2723    13.9689400196
2714    14.0010581017
2718    14.0334911346
2716    14.0661830902
2725    14.1043770313
2716    14.137130022
2725    14.1713519096
2715    14.209747076
2772    14.2533340454
2715    14.2799589634
2714    14.3272020817
2714    14.3649821281
2714    14.4081840515
2725    14.450494051
2724    14.4926009178
2715    14.5307049751
2724    14.5614259243
2724    14.5921399593
2722    14.6239039898
2713    14.6523239613
2712    14.7014420033
2722    14.7371621132
2719    14.7690999508
2706    14.8007719517
2697    14.8336820602
2704    14.8890650272
2704    14.9217989445
2682    14.9295611382
2680    14.9521000385
2660    14.983962059
2638    15.0144281387
2612    15.0514810085
2590    15.0934100151
2559    15.1353600025
2523    15.172342062
2541    15.2141730785
2437    15.2609100342
2413    15.2867000103
2384    15.3202021122
2367    15.3525440693
2357    15.3961920738
2334    15.4348330498
2319    15.4635930061
2324    15.4997210503
2364    15.5420899391
2421    15.5863139629
2502    15.6285989285
2631    15.6669459343
2639    15.6990170479
2653    15.7426059246
2643    15.78094697
2602    15.8241300583
2585    15.8676080704
2605    15.9065160751
2649    15.9451630116
2684    15.9740140438
2700    16.0075910091
2700    16.0461530685
2712    16.0947620869
2768    16.1384520531
2720    16.1720509529
2723    16.2089309692
2723    16.2354090214
2772    16.2659680843
2724    16.3016860485
2714    16.3399739265
2715    16.3781509399
2724    16.4137890339
2713    16.4792261124
2713    16.5137019157
2712    16.5215620995
2711    16.5514559746
0    16.5812559128
2721    16.5858170986
2715    16.615309
0    16.6453750134
2720    16.6505839825
2714    16.6809289455
0    16.7141649723
2724    16.7230899334
2711    16.7547380924
2781    16.7975559235
2724    16.8057661057
2724    16.8363800049
0    16.8620660305
2715    16.8759880066
2713    16.8895671368
0    16.9298961163
2723    16.9379119873
2716    16.9757349491
0    17.0083971024
2713    17.0109469891
2712    17.0385301113
0    17.0816640854
2723    17.0896959305
2713    17.1126170158
0    17.1455209255
2715    17.1533310413
2712    17.1762161255
0    17.2045900822
2712    17.2156500816
2722    17.2399070263
0    17.28449893
2721    17.2888760567
2722    17.3377590179
2722    17.3773870468
2719    17.4019880295
2708    17.4366030693
2720    17.4664530754
2719    17.4983589649
2776    17.5304579735
2719    17.5620400906
2703    17.5953960419
2705    17.6384959221
2714    17.6799190044
2705    17.7228169441
2704    17.7513539791
