2136    0.0316870212555
2129    0.0691480636597
2135    0.106475114822
2150    0.148852109909
2158    0.195602178574
2188    0.241272211075
2204    0.271205186844
2205    0.317752122879
2226    0.350578069687
2249    0.388881206512
2267    0.425667047501
2254    0.468042135239
2277    0.5008020401
2288    0.544404029846
2313    0.57074213028
2303    0.610961198807
2300    0.638183116913
2323    0.684760093689
2321    0.71741104126
2321    0.756587982178
2312    0.780764102936
2321    0.819925069809
2325    0.844053030014
2315    0.87833404541
2315    0.926040172577
2343    0.963432073593
2333    0.995939016342
2389    1.03902816772
2353    1.0924551487
2361    1.13486504555
2376    1.1623301506
2382    1.1946310997
2380    1.22693610191
2391    1.25423121452
2407    1.28683805466
2420    1.31944513321
2423    1.35209202766
2450    1.37632918358
2445    1.41378116608
2445    1.44714617729
2454    1.47632098198
2511    1.52010512352
2443    1.55106902122
2439    1.5824110508
2412    1.62335419655
2398    1.65628504753
2396    1.68844008446
2360    1.73213505745
2332    1.77535605431
2312    1.81345200539
2297    1.85542416573
2285    1.89376807213
2333    1.92189121246
2263    1.9779291153
2270    2.01101016998
2259    2.04902720451
2253    2.09484601021
2255    2.13808608055
2243    2.1688170433
2232    2.21213316917
2233    2.23894906044
2236    2.27298903465
2227    2.31576609612
2221    2.34298706055
2210    2.37488913536
2209    2.40826702118
2201    2.45153212547
2188    2.48514413834
2198    2.52624702454
2233    2.55428314209
2179    2.58731603622
2175    2.62167906761
2172    2.66051602364
2167    2.70427918434
2150    2.74275302887
2208    2.78567409515
2153    2.81727409363
2197    2.85524821281
2140    2.89772319794
2134    2.93548607826
2134    2.97384214401
2127    3.01687598228
2143    3.04386615753
2141    3.07968711853
2136    3.11851119995
2121    3.16163516045
2121    3.20497012138
2117    3.23175501823
2114    3.26541018486
2114    3.31349802017
2111    3.34966611862
2100    3.38687515259
2101    3.43038702011
2088    3.47383713722
2097    3.51212310791
2064    3.55549907684
2091    3.59891414642
2086    3.63588404655
2087    3.68222308159
2100    3.72571611404
2105    3.76332521439
2109    3.80686020851
2194    3.8341460228
2193    3.86758899689
2150    3.90608811378
2161    3.93958115578
2157    3.97541713715
2163    4.00870609283
2168    4.04695820808
2168    4.08537817001
2167    4.12888908386
2175    4.15491700172
2172    4.18821001053
2173    4.22164702415
2175    4.24975609779
2248    4.28289699554
2195    4.31576919556
2212    4.35854911804
2220    4.39404320717
2211    4.42167401314
2268    4.44899106026
2214    4.49004602432
2225    4.51503610611
2223    4.54678416252
2223    4.59267306328
2232    4.63660001755
2240    4.67788219452
2249    4.71429204941
2262    4.74853920937
2269    4.79147315025
2277    4.82966113091
2283    4.86313819885
2296    4.89409303665
2288    4.93074512482
2302    4.9689002037
2303    5.0063791275
2319    5.05033516884
2316    5.09355807304
2316    5.13703513145
2330    5.17994308472
2335    5.2066450119
2341    5.23819804192
2352    5.28207015991
2353    5.30747199059
2344    5.3447971344
2364    5.37206411362
2364    5.40457510948
2366    5.43698406219
2377    5.48427700996
2371    5.51648521423
2403    5.55373620987
2398    5.58102703094
2394    5.61336112022
2409    5.64568114281
2483    5.67294621468
2416    5.70546507835
2448    5.73588299751
2505    5.76635813713
2453    5.80485010147
2465    5.84900712967
2489    5.87434220314
2482    5.91072511673
2494    5.94672107697
2512    5.98049020767
2591    6.0068590641
2526    6.03983902931
2547    6.07419610023
2554    6.11670613289
2569    6.15494418144
2610    6.19442915916
2615    6.23133802414
2626    6.26438307762
2641    6.2994260788
2711    6.34115505219
2649    6.37784719467
2638    6.41029119492
2625    6.43770098686
2630    6.47022199631
2597    6.50273108482
2579    6.53508520126
2571    6.57231712341
2552    6.6010761261
2559    6.63538908958
2553    6.67774510384
2556    6.70520615578
2559    6.73286914825
2559    6.76731204987
2541    6.8017950058
2535    6.83415412903
2521    6.86182808876
2524    6.90252804756
2509    6.92677998543
2497    6.96909403801
2496    7.01643610001
2491    7.04406118393
2549    7.08387303352
2465    7.11113405228
2515    7.13837718964
2455    7.17070603371
2440    7.20310020447
2493    7.23039007187
2421    7.26768398285
2419    7.29499101639
2404    7.33730721474
2407    7.36973905563
2396    7.40258216858
2392    7.43571615219
2387    7.49388098717
2375    7.53244614601
2371    7.57036805153
2376    7.60278701782
2364    7.63019704819
2366    7.66771316528
2363    7.69524216652
2432    7.72422218323
2360    7.75698518753
2348    7.78946805
2353    7.81678819656
2343    7.85899806023
2348    7.8866751194
2347    7.91914105415
2348    7.9565911293
2349    7.99422502518
2350    8.02141618729
2348    8.05403900146
2353    8.08199214935
2326    8.11449313164
2331    8.14700698853
2338    8.17548704147
2323    8.20291018486
2329    8.2356171608
2329    8.26341104507
2330    8.3006131649
2330    8.32801508904
2333    8.36027312279
2390    8.39267611504
2329    8.42516207695
2325    8.45278215408
2322    8.48550701141
2315    8.520165205
2343    8.55564713478
2334    8.58817505836
2321    8.6206870079
2328    8.64801001549
2329    8.68035411835
2334    8.71297001839
2334    8.74562311172
2352    8.78328418732
2408    8.81637215614
2352    8.8598511219
2358    8.90144300461
2375    8.92839813232
2364    8.95838618279
2381    8.9909081459
2377    9.0343811512
2388    9.05981206894
2421    9.09773302078
2481    9.13538813591
2440    9.16935610771
2440    9.19752407074
2448    9.23496603966
2452    9.27257609367
2531    9.29869699478
2478    9.33511710167
2559    9.36426115036
2514    9.39874410629
2529    9.44227218628
2521    9.48046708107
2544    9.50749802589
2550    9.54567718506
2554    9.56829714775
2550    9.6036221981
2637    9.6394841671
2571    9.67287516594
2559    9.71619606018
2568    9.75983810425
2559    9.79654407501
2586    9.82824802399
2605    9.86041903496
2599    9.88789010048
2593    9.92079114914
2614    9.95381808281
2622    10.0022881031
2681    10.0360291004
2684    10.0678679943
2651    10.0998630524
2666    10.1316821575
2656    10.1637830734
2723    10.19612813
2735    10.2285151482
2685    10.256259203
2691    10.2990310192
2690    10.3269071579
2697    10.3540401459
2690    10.3899772167
2675    10.4273819923
2656    10.4649682045
2626    10.492688179
2589    10.5257120132
2625    10.555809021
2567    10.5856020451
2530    10.6212251186
2519    10.6485300064
2511    10.6820940971
2496    10.7201581001
2483    10.7512471676
2466    10.7891981602
2480    10.8273451328
2458    10.8577082157
2452    10.9011571407
2449    10.9277870655
2432    10.9596881866
2422    10.9877719879
2409    11.020745039
2421    11.0618491173
2393    11.0999350548
2382    11.1496601105
2354    11.1833870411
2406    11.2217891216
2326    11.2613132
2333    11.2910091877
2328    11.3307681084
2328    11.3654789925
2326    11.3953959942
2299    11.4273421764
2303    11.4588570595
2298    11.4916000366
2284    11.5192611217
2295    11.5532209873
2283    11.5874869823
2271    11.6303400993
2272    11.6539261341
2271    11.6928501129
2256    11.7184331417
2268    11.7534630299
2243    11.7806711197
2241    11.812485218
2232    11.8409800529
2218    11.8767671585
2227    11.9091050625
2218    11.9367961884
2215    11.9684121609
2219    12.0043401718
2214    12.0331091881
2279    12.0667731762
2232    12.0925481319
2227    12.1291351318
2240    12.1699011326
2249    12.2020051479
2303    12.2439990044
2251    12.2876470089
2264    12.3289160728
2266    12.3553299904
2260    12.3904490471
2235    12.4287340641
2236    12.4720702171
2238    12.5149431229
2221    12.542098999
2224    12.5744941235
2225    12.6247310638
2207    12.6570601463
2205    12.68435812
2209    12.7231800556
2210    12.7587070465
2218    12.7914540768
2212    12.8290190697
2213    12.8742771149
2202    12.9022321701
2208    12.9339871407
2224    12.9625852108
2234    13.0011370182
2225    13.0276491642
2248    13.063724041
2252    13.0902061462
2241    13.1224420071
2241    13.1557261944
2240    13.1871571541
2248    13.2210450172
2242    13.2602341175
2235    13.3042960167
2243    13.3284242153
2236    13.3675420284
2250    13.3916721344
2240    13.4259841442
2238    13.4600532055
2246    13.4861249924
2267    13.5217370987
2265    13.5517241955
2258    13.5823590755
2268    13.6253900528
2300    13.6717641354
2315    13.7113170624
2331    13.7404651642
2326    13.787263155
2329    13.8276951313
2407    13.8618180752
2345    13.8989560604
2362    13.9307181835
2369    13.9687700272
2373    14.0006780624
2372    14.0487110615
2386    14.092233181
2455    14.1228871346
2415    14.1545860767
2407    14.1980381012
2422    14.239989996
2421    14.2660560608
2436    14.2992990017
2439    14.3374311924
2451    14.3710150719
2465    14.4068632126
2456    14.4405281544
2452    14.4664340019
2468    14.4996180534
2482    14.5307261944
2494    14.5739212036
2509    14.6169111729
2526    14.6422731876
2529    14.6759371758
2529    14.7223520279
2579    14.767482996
2522    14.8057661057
2511    14.8386971951
2486    14.8786070347
2478    14.9038431644
2462    14.9369301796
2436    14.9703500271
2406    15.0085539818
2376    15.0521931648
2363    15.0956361294
2359    15.1332960129
2341    15.1693232059
2358    15.2057991028
2325    15.2335631847
2331    15.266354084
2376    15.2978241444
2289    15.3297259808
2288    15.3729891777
2282    15.4004900455
2274    15.4325630665
2263    15.4637491703
2244    15.4981980324
2297    15.5368461609
2222    15.5802021027
2224    15.6234521866
2216    15.6799581051
2212    15.7210550308
2207    15.7485311031
2192    15.7820851803
2198    15.8118021488
2183    15.8443222046
2170    15.8793091774
2167    15.917853117
2220    15.9610540867
2146    15.9887971878
2160    16.0182611942
2206    16.0574500561
2148    16.1005811691
2157    16.1387171745
2132    16.1665630341
2127    16.199532032
2128    16.2277500629
2142    16.2627961636
2144    16.2877910137
2143    16.3276751041
2123    16.3726801872
2130    16.4077441692
2110    16.4327330589
2123    16.4806470871
2111    16.5079050064
2119    16.5404200554
2126    16.5697290897
2122    16.6022322178
2125    16.6354432106
2117    16.6732540131
2111    16.7210640907
2122    16.7540030479
2119    16.7902140617
2125    16.8290481567
2098    16.85780406
2101    16.8901650906
2119    16.9230852127
2163    16.9604871273
2104    16.9986450672
2104    17.0359020233
2096    17.0882492065
2098    17.1206960678
2104    17.1489691734
2115    17.1901261806
2101    17.2183680534
2104    17.2490470409
2111    17.2847521305
2110    17.3103840351
2102    17.3561542034
2162    17.386890173
2111    17.4176690578
2107    17.4484550953
2111    17.479224205
2111    17.5100140572
2103    17.5513851643
