-1.188717199324291540e+00 -5.730197893330466918e+00 -1.495899398473750308e+00 -2.237823092877381903e+00 -1.190893157554738480e+01 -8.580988365931920825e+00 4.015101150769446736e-01
-1.228119812005271871e+00 -5.240666327065399699e+00 -1.488426898248116137e+00 -2.799589710880816540e+00 -1.596918007310088328e+01 -4.455778762545691052e+00 -9.916898961076066055e-01
-7.822466163601063949e-01 -5.676504473896527847e-02 1.348715268907690001e+00 -1.450799533719657530e+00 8.392601197809113067e-01 -1.020019940648115853e+00 6.521213235190497226e-01
2.664473256999937423e-01 8.180364444952356706e+00 -4.107659967641034138e-01 1.738615229636145454e+00 8.362571688718432483e+00 5.356086687810002189e+00 -4.885438734413449779e-01
1.890104772169134140e-01 5.560868657723794684e+00 -1.143087004791827566e+00 1.447403677045951520e+00 9.046159842591643852e+00 4.251425798950421608e+00 4.465850942656858780e-01
-3.263627861213675985e-01 4.093712244692266466e+00 4.876679924369259345e-01 4.699423233257625232e-01 9.530528354990671858e+00 4.586865999385643100e+00 1.050175214574863070e+00
-4.410885956441857325e-01 7.253051191508346207e-01 7.586412495446265281e-02 3.980771034153588461e-01 1.099057408319568374e+01 9.760508579972366761e+00 -7.983013221541254145e-01
-6.142747125622672888e-01 3.560450453842442520e-01 1.045680729731011116e+00 -4.676477121474617027e-01 9.806918539036486138e+00 8.984089130672346712e+00 -6.484179421048745784e-01
-4.543212501338041442e-01 1.373413884850338551e-01 4.811422410286820828e-01 -3.566816900652017980e-02 8.456213951254026640e+00 3.298894797756769748e+00 6.408088365535645758e-01
1.739092055835315120e-01 3.120194862531245672e+00 -8.459861435015593178e-01 1.443198661846970543e+00 5.142885944314230962e+00 -1.483166614642451586e-01 2.005532479869495344e+00
-2.348678250104333232e-01 -2.907518876430837951e-01 -2.411316687765073574e+00 8.333468042157700373e-02 -9.726230962983574813e+00 -7.785568828986630052e+00 5.341091032939784267e-01
-5.489256450926625064e-01 3.873287188287101834e+00 -2.247490052679244552e-02 -2.376964891692169013e-01 -3.993407811474732672e+00 -3.085571021535697067e+00 -2.593209563321567490e+00
-7.739129953263034212e-01 -4.543604960393557435e-01 6.665846123872131157e-01 -9.042522422854448738e-01 2.993714689921365690e-01 -1.865643543173145291e+00 1.284015666498554697e+00
-8.641679862758691044e-01 -2.407468963145534158e+00 3.607604202393329684e-01 -1.381227613043106484e+00 2.012875995974335586e-01 2.074930118531051360e+00 -8.927135736374399722e-01
-1.072598137383772521e+00 -3.714381580941419791e+00 -1.898011859107616495e+00 -1.762713665738102398e+00 -3.810578352828007942e-01 -5.587404240193652782e+00 -1.158298413719724418e-02
-9.493957666521214422e-01 -3.261137379876513975e+00 2.165281792657680338e-01 -1.624538801861207693e+00 -6.201847434305605589e+00 -8.090728995173765981e-01 -2.268595136903881482e-01
-3.569819178963778983e-01 2.589359089244544165e+00 2.524140602963443669e+00 -2.164277586812907994e-01 -4.884887178104169614e+00 -9.255340321656805314e-01 -3.133001602294876342e+00
-6.002415397920231044e-01 -1.722695566605714435e+00 2.157644156206711905e+00 -8.532165003422264027e-01 -1.619148983294752764e+00 -6.447367068972430504e-01 -1.659302050675770523e+00
-7.192426002782524863e-01 -3.432791239340315936e+00 -9.715547614327014747e-01 -1.082857011990246310e+00 -4.991962564152860438e+00 -3.639422988125590841e+00 -1.834197361088344691e-01
-5.456540255248035765e-01 1.529127867060989243e-01 1.253787588042460044e+00 -8.251765044657706216e-01 -3.009910882407729638e+00 -3.079475237522050435e+00 4.537273030028109666e+00
