6.947796927904265063e-01 -3.962301081145768178e-01 -1.520295371053077271e-01 -3.033024029071570427e-01 -3.390510230471389108e-01 6.621876401946185098e-01 -2.819837364613738129e-01
7.790882728961173731e-01 -2.897824277783049296e-01 -2.093080596406097782e-01 -4.280143805340052010e-01 -3.611989858281128840e-01 7.099578329085189932e-01 -3.335366113088879536e-01
2.046223315769477025e-01 -1.466644703498970470e-01 -1.507556929578661165e-01 -1.858731482789096057e-01 -2.430813028189399427e-01 5.272047366676573255e-01 -1.204114369707258853e-01
-1.144125094735671810e+00 4.639515315973662957e-01 -1.073901879617862043e-01 9.708068647791900929e-01 5.421083976718276132e-01 -1.818564357590772007e-01 3.601899744108299495e-01
-6.667500269984218964e-01 2.084517406723700728e-01 -4.536124506324981653e-02 6.848465846653759570e-01 3.943545897087814001e-01 -1.328992260978316686e-01 1.544695915313465118e-01
-2.642126921210968260e-01 2.062735821148362764e-02 -2.573141747877703556e-01 3.061357545627270138e-01 1.886867644099258501e-01 -6.494669630687102679e-02 1.115236379849721265e-01
-3.603502493083856478e-02 -1.409977078255221505e-01 -1.615694123213233246e-01 1.110470720031346975e-01 7.733173295184152252e-02 2.428707148112225211e-01 5.433959199468098994e-02
4.217263597659165475e-02 -1.563994644427430247e-01 -1.836501015883633126e-01 5.516309482477250309e-02 -2.504361974203787866e-02 2.699624109181285037e-01 -5.871521176685894072e-02
-1.049765277634608640e-01 4.581170277307471117e-02 -1.468368000446694521e-01 7.537873542287193418e-02 2.306120862854884879e-01 6.345129655133731339e-02 1.078795090625792874e-01
-1.194364634312542695e+00 3.692386932672743760e-01 -2.059161794945653656e-01 8.234157937614257072e-01 6.700563900076094148e-01 -2.208852389430662200e-01 3.785572346132365928e-01
-7.489162310976773540e-01 2.709756349718084878e-01 -2.583016743044799224e-01 7.874877076011757016e-01 4.819674370266451291e-01 -3.564636234052308561e-01 2.601396828199257216e-01
-2.233950283504048118e-01 1.316941032364865594e-01 -1.984245087332552893e-01 2.945280292596219596e-01 1.186269314145488168e-01 8.522881205058976395e-01 -5.892130396912576007e-02
3.126379797697426688e-01 -1.551484369631877802e-01 -1.599191634134517759e-01 -8.260429201545599343e-02 -6.932715629818220204e-02 1.754434994709342110e-01 -1.995394670197686848e-01
4.537166788940055762e-01 -2.523548390410835229e-01 -5.056794912471571785e-02 -2.182689256050640292e-01 -1.324523870220138400e-01 5.111309118732735302e-01 -1.969417078893566930e-01
1.023403836638146824e+00 -4.468822238531804381e-01 -7.733101815262392875e-02 -3.899427763360995836e-01 -4.462943058530475793e-01 1.157022066376691916e+00 -3.728132898376338988e-01
6.748365994682627989e-01 -2.358866375818908234e-01 -1.667023523325420475e-01 -1.712263464638451582e-01 -1.022873609929201844e-01 1.254960335820289319e-01 -2.693127290026264831e-01
-4.725564066921124073e-01 1.887827480874560149e-01 -2.326249023078055256e-01 5.940519624331918047e-01 9.440544925587883440e-02 1.283199032475025869e-01 1.355545431494986353e-01
4.836385027964224675e-02 -3.446637356758108089e-02 -1.638859210220935392e-01 3.352552764017470432e-02 -3.317292487359707609e-02 5.278402512493175491e-01 -1.036915407914252435e-01
4.416877892060398492e-01 -2.962175032472492697e-01 -2.098861075302859147e-01 -5.486743842233195861e-02 -1.313567930536486128e-01 3.540350873081387073e-01 -1.047496616600671615e-01
2.584405419121667546e-01 -3.488376343476241037e-01 1.447654853109084068e-03 -3.819998848220686194e-03 -1.221112476485153135e-02 4.360826708121040909e-03 -1.403268340873163877e-01
