4.564644399762294746e+00 7.012434804843840075e-01 -1.146277238975993151e-01
5.733868449353433094e-01 7.966497865929878408e+00 -1.659306869303998155e+01
-3.463507307828144755e-01 1.239189514921453794e+00 -4.152228387862493264e+00
-5.020467066442666493e+00 -7.555283837081305798e+00 1.612890138534505979e+01
2.646039190625909532e-01 -1.143371033756073452e+01 2.609564008483268438e+01
8.419505555349972026e-01 -5.737952647841195741e+00 1.305855457415640508e+01
4.986870269434994785e-01 -6.233799293426420807e-01 8.828359593406293060e-01
-3.841101817206194480e-01 3.063259217085407382e+00 -6.291317096125430552e+00
1.136526255963360432e+00 -2.483864424767670442e+00 6.069883510588453213e+00
-3.153650264937510439e+00 -4.492167134909953674e+00 1.059528719863520330e+01
-5.233186089439287869e+00 1.837632350479379451e+00 -3.934917304136297034e+00
-6.087047045258889177e+00 6.765476577677727477e+00 -1.726452261510293695e+01
2.074731676636601296e+00 -2.326726327150430595e+00 3.752878723819173423e+00
5.219729791850631351e+00 -2.232886972176431506e+00 4.469852966705655462e+00
5.922684430388595267e+00 -6.890825098556971895e-01 1.864352931534118074e+00
2.265665910832968422e+00 5.151855594811048711e+00 -1.163900967859493996e+01
-6.460521723362202096e+00 9.420702643001266807e+00 -2.154536443093225273e+01
-1.235972818161892084e+00 3.086381381541420055e+00 -5.666185818186685097e+00
2.398602943586202407e+00 8.096370418839211602e-01 -6.777116602071522333e-01
2.933143942743972055e-01 -1.204230251505586269e+00 5.577951349083382304e+00
