734    0.0314559936523
749    0.0670819282532
771    0.0979580879211
823    0.144747018814
791    0.188553094864
766    0.221940994263
750    0.249221086502
704    0.283670902252
719    0.31320309639
758    0.356755018234
769    0.400156021118
841    0.443619012833
791    0.479698896408
769    0.53794002533
767    0.576356887817
823    0.608783006668
749    0.639657974243
767    0.683073997498
839    0.726806879044
824    0.765532016754
751    0.809041976929
783    0.847357034683
798    0.89026093483
735    0.928464889526
792    0.965075969696
750    1.00775098801
824    1.05123400688
765    1.07737588882
754    1.11313509941
788    1.15147304535
750    1.17965197563
803    1.21279287338
769    1.26119303703
764    1.29962706566
750    1.34273886681
747    1.37119007111
785    1.41448497772
803    1.45766687393
870    1.48879289627
786    1.52024197578
770    1.55942106247
810    1.61271309853
863    1.65038299561
785    1.68084907532
868    1.72515106201
825    1.76700901985
783    1.80479502678
789    1.84034800529
802    1.87503910065
785    1.91178798676
803    1.94985389709
771    1.99655294418
786    2.02868390083
842    2.0666410923
772    2.10439109802
783    2.14781188965
819    2.19095802307
767    2.22930693626
764    2.2676949501
862    2.29592299461
843    2.33461999893
787    2.35838103294
783    2.38264608383
784    2.41584300995
769    2.45901489258
843    2.48725390434
786    2.52594304085
785    2.56307506561
791    2.58978796005
787    2.62666797638
825    2.65335607529
805    2.68820405006
824    2.7270359993
785    2.77526903152
871    2.81309199333
835    2.8572010994
840    2.89561009407
819    2.93364787102
783    2.97552394867
858    3.00858998299
840    3.04127287865
827    3.07926797867
856    3.12152194977
838    3.16154909134
806    3.21346497536
787    3.24657797813
788    3.27620792389
802    3.31591892242
769    3.35471606255
771    3.37849998474
810    3.41744804382
805    3.44288706779
807    3.47861003876
839    3.50456905365
862    3.53818392754
867    3.58116102219
803    3.62351894379
824    3.68121910095
863    3.71917009354
858    3.76238203049
841    3.79979300499
839    3.84300303459
827    3.88595509529
803    3.91245293617
825    3.94366288185
804    3.99002504349
805    4.02729606628
802    4.06866598129
824    4.09705400467
787    4.13000798225
780    4.15825390816
859    4.19529604912
824    4.2227640152
845    4.25603890419
808    4.28789901733
807    4.31617188454
841    4.34956097603
799    4.37745094299
789    4.4094619751
828    4.44287705421
788    4.46988296509
805    4.50665307045
827    4.54250192642
822    4.5742430687
771    4.60601091385
803    4.63609600067
803    4.67008709908
788    4.70417904854
840    4.74837398529
866    4.78272104263
823    4.82563304901
804    4.86901092529
774    4.90629792213
827    4.94958305359
900    4.98820495605
826    5.03168702126
802    5.07026290894
789    5.0969619751
783    5.13088989258
842    5.1646668911
825    5.20382499695
804    5.23923993111
822    5.26543998718
858    5.30359697342
878    5.3407330513
767    5.37346601486
803    5.41683006287
864    5.44583702087
863    5.47490096092
860    5.50753593445
883    5.53619289398
861    5.57477998734
802    5.61863493919
876    5.65245389938
821    5.68626594543
718    5.72059297562
840    5.7587480545
769    5.78673505783
769    5.82015395164
785    5.85711789131
860    5.88396906853
904    5.91610693932
837    5.95444393158
891    5.98287391663
753    6.02118802071
826    6.05979895592
844    6.10815596581
839    6.15074205399
754    6.18735289574
823    6.22415995598
847    6.26056003571
830    6.29126501083
876    6.33311986923
805    6.37179589272
845    6.40744805336
826    6.4441409111
826    6.47605895996
824    6.50775408745
788    6.54458189011
802    6.58147788048
803    6.6251270771
844    6.65241289139
799    6.68560695648
903    6.72700691223
799    6.76973986626
767    6.7979118824
820    6.83650493622
827    6.87039208412
769    6.91285204887
774    6.93853592873
767    6.97155690193
824    6.99961590767
799    7.03916406631
837    7.08408999443
821    7.12733602524
764    7.16049194336
826    7.19791507721
824    7.23614096642
836    7.27952098846
824    7.30538988113
788    7.33894991875
799    7.37249302864
772    7.40145802498
806    7.43438792229
839    7.46097993851
784    7.49250388145
858    7.52424192429
827    7.56614494324
788    7.6093878746
844    7.65496706963
826    7.69191503525
782    7.72184705734
791    7.75311994553
788    7.78712701797
802    7.82529902458
861    7.86832499504
871    7.89570307732
858    7.92652201653
799    7.95962309837
806    7.98956990242
805    8.02674102783
787    8.06163406372
804    8.09656596184
805    8.12287807465
805    8.1591489315
799    8.20265102386
810    8.24365186691
799    8.28215289116
839    8.32561302185
822    8.36856293678
824    8.4065849781
827    8.43425393105
802    8.4627790451
767    8.4963259697
829    8.53293609619
754    8.57108902931
733    8.60428595543
773    8.63443899155
767    8.67817687988
826    8.72691106796
767    8.75563907623
804    8.78919386864
802    8.82201504707
823    8.86539888382
868    8.89014792442
770    8.92490100861
847    8.95435404778
826    8.97869896889
823    9.01825499535
825    9.06285595894
818    9.10272693634
804    9.14098405838
805    9.17259192467
820    9.20478391647
734    9.24811291695
869    9.27901005745
823    9.32251191139
799    9.37599301338
805    9.4180419445
774    9.44518089294
767    9.47739601135
823    9.50472402573
769    9.54303407669
767    9.58582901955
799    9.6240670681
870    9.65471696854
799    9.68628406525
719    9.71789908409
770    9.75117492676
720    9.7923810482
758    9.82394695282
827    9.85485100746
767    9.89816904068
879    9.93628787994
770    9.9758439064
802    10.0088639259
766    10.0421419144
781    10.0862751007
716    10.1190290451
767    10.1623389721
767    10.2054929733
783    10.2435410023
770    10.2770249844
751    10.3010389805
770    10.338711977
788    10.3768339157
773    10.4085469246
767    10.4519200325
758    10.489618063
770    10.5178120136
766    10.5606250763
781    10.5987858772
751    10.6268200874
787    10.6729419231
700    10.7105400562
732    10.7433340549
733    10.79271698
745    10.8255770206
785    10.8540220261
786    10.8865299225
730    10.9143650532
822    10.9676780701
751    11.0006458759
785    11.0305988789
739    11.0657038689
771    11.1041228771
767    11.1368319988
766    11.1803929806
752    11.2240109444
805    11.2606739998
753    11.3040709496
713    11.3373129368
844    11.3752450943
803    11.4052670002
827    11.4409999847
748    11.4830000401
684    11.5216710567
822    11.5702259541
719    11.6197099686
748    11.6626870632
766    11.7011320591
844    11.744551897
789    11.7879779339
734    11.8254020214
780    11.8530678749
783    11.8886899948
735    11.9189949036
793    11.9571380615
737    11.9906220436
787    12.0241110325
786    12.0509998798
685    12.0881040096
780    12.1241869926
767    12.1525580883
769    12.1861789227
771    12.2146930695
771    12.2512118816
698    12.283041954
735    12.3214659691
783    12.3544809818
752    12.387597084
750    12.4256088734
828    12.4606170654
790    12.4904630184
787    12.5203619003
719    12.5787250996
719    12.6175589561
751    12.6222438812
750    12.6619670391
769    12.6939659119
772    12.7371969223
781    12.7749180794
786    12.8031289577
788    12.8363640308
827    12.8674910069
823    12.895596981
792    12.9213449955
740    12.9566509724
756    12.9879000187
792    13.0243520737
799    13.0600380898
802    13.1068170071
786    13.1451029778
803    13.172960043
763    13.2149569988
767    13.2434439659
826    13.2791678905
751    13.3070719242
754    13.3402600288
788    13.3838000298
750    13.4267430305
751    13.4651958942
770    13.4986720085
739    13.5221099854
735    13.5589458942
736    13.6026000977
785    13.639537096
803    13.6720609665
788    13.7103939056
765    13.7536990643
790    13.7920539379
751    13.8200070858
751    13.8567259312
788    13.8956859112
749    13.9288649559
752    13.9669420719
773    14.0000240803
747    14.0436558723
771    14.0870130062
730    14.1254599094
782    14.1690070629
792    14.2121958733
799    14.2545969486
762    14.2928950787
783    14.3366250992
825    14.3745338917
771    14.4052729607
751    14.4377799034
785    14.4814510345
700    14.5294229984
802    14.5723249912
736    14.6363260746
736    14.6690950394
752    14.6755270958
751    14.7137260437
0    14.745871067
748    14.7534310818
784    14.788490057
826    14.8123650551
827    14.8250439167
736    14.8584768772
738    14.8921880722
767    14.900990963
810    14.9246740341
0    14.9633920193
804    14.9669110775
770    14.9952909946
747    15.0331759453
753    15.0654549599
746    15.098263979
824    15.1256830692
767    15.1582200527
811    15.2001969814
772    15.2247540951
810    15.2619469166
735    15.2999279499
769    15.3306190968
789    15.3631138802
783    15.3961770535
770    15.4445569515
785    15.4828910828
763    15.5162229538
783    15.5495989323
767    15.5930159092
777    15.6370680332
783    15.6748991013
785    15.7026190758
736    15.7533628941
807    15.8014380932
750    15.8296470642
784    15.8630568981
770    15.8955719471
732    15.93917799
784    15.972507
751    16.0157999992
745    16.0532860756
802    16.0821490288
740    16.1162569523
806    16.1595768929
785    16.1975119114
723    16.2411410809
789    16.2759640217
803    16.3141629696
786    16.3558380604
775    16.3994870186
754    16.4356479645
789    16.4724690914
716    16.5041539669
774    16.5361258984
788    16.5795929432
788    16.6208200455
736    16.6589090824
723    16.6888480186
762    16.724891901
767    16.7672269344
788    16.8110749722
787    16.8539369106
788    16.8815979958
785    16.9118800163
887    16.94688797
733    16.9817709923
732    17.0158798695
827    17.0509080887
718    17.0861170292
733    17.1246380806
767    17.168325901
826    17.2067348957
752    17.2387599945
769    17.2705450058
843    17.3035349846
837    17.3344349861
865    17.3668260574
765    17.4104180336
788    17.4543800354
