684    0.0258040428162
685    0.0718810558319
701    0.115146160126
665    0.15372800827
645    0.192002058029
722    0.223457098007
671    0.259350061417
669    0.296862125397
702    0.345122098923
758    0.388514995575
758    0.426452159882
665    0.469189167023
631    0.512446165085
751    0.539136171341
777    0.572139024734
618    0.603049039841
654    0.633043050766
681    0.665223121643
700    0.697166204453
667    0.732842206955
719    0.773777008057
669    0.811722993851
680    0.840123176575
685    0.890333175659
648    0.923331022263
701    0.959044218063
697    1.00284910202
716    1.02834606171
717    1.0632212162
737    1.08950710297
703    1.12468600273
682    1.16881418228
703    1.20720410347
649    1.24514913559
788    1.28413701057
733    1.32230710983
713    1.36561799049
749    1.40892004967
678    1.44588208199
789    1.47832512856
719    1.51046609879
631    1.55331611633
701    1.59477114677
714    1.6327791214
735    1.66797208786
703    1.69992113113
717    1.72828316689
723    1.76150202751
753    1.78973221779
751    1.82299399376
738    1.85624909401
752    1.89987921715
775    1.93784713745
737    1.98589920998
702    2.01324009895
699    2.04132318497
766    2.07456421852
718    2.10778522491
771    2.14138102531
812    2.17906022072
753    2.21373200417
729    2.25623011589
717    2.29446005821
719    2.33267712593
717    2.36624312401
729    2.39801621437
734    2.43745017052
770    2.46546506882
734    2.49860715866
772    2.53042507172
769    2.56729722023
739    2.60547304153
773    2.64909815788
719    2.6874229908
773    2.71420717239
763    2.74764204025
699    2.8054330349
790    2.84525203705
757    2.88343214989
736    2.91139221191
735    2.94957208633
723    2.98830199242
716    3.03147315979
736    3.07501006126
734    3.11355113983
705    3.14021611214
698    3.17095518112
750    3.19918107986
793    3.23855900764
717    3.28178811073
746    3.32471013069
700    3.35806322098
751    3.39157700539
731    3.43484807014
734    3.47812199593
750    3.51660299301
782    3.55987405777
767    3.58574008942
751    3.61147403717
804    3.66248607635
752    3.69546413422
735    3.72860121727
719    3.7612850666
771    3.80470705032
788    3.84744811058
784    3.88580203056
753    3.91689705849
736    3.96418309212
733    3.997164011
756    4.02584505081
752    4.06882405281
753    4.1068520546
751    4.13488411903
750    4.1662800312
787    4.20290017128
745    4.2434592247
788    4.26931905746
791    4.30111598969
788    4.33295702934
748    4.36452007294
754    4.39629101753
747    4.4328110218
751    4.4641160965
790    4.49263215065
783    4.52958011627
752    4.56631803513
783    4.59743714333
746    4.62923312187
765    4.65758299828
799    4.70103907585
786    4.73938918114
780    4.77311205864
770    4.81332612038
738    4.84037017822
733    4.87828803062
766    4.91502118111
810    4.9448890686
767    4.98009610176
751    5.02338218689
754    5.06666612625
752    5.103495121
784    5.13192605972
772    5.15964007378
825    5.19137310982
719    5.22390913963
718    5.2672290802
785    5.31072711945
716    5.35165119171
754    5.39506912231
733    5.42818617821
754    5.46045303345
771    5.48919200897
767    5.523635149
767    5.5512471199
702    5.58972406387
768    5.62762713432
786    5.65914320946
766    5.70169901848
788    5.73483705521
791    5.76645517349
788    5.79777312279
731    5.84098911285
719    5.87842321396
769    5.90685319901
799    5.9471681118
891    5.98521900177
799    6.01867103577
767    6.04694914818
750    6.08028316498
771    6.1086602211
767    6.1421751976
737    6.17559504509
764    6.20397114754
825    6.23734307289
788    6.26600122452
736    6.30483007431
735    6.33683109283
749    6.36814022064
736    6.41147208214
803    6.4516851902
766    6.48167300224
788    6.51158905029
803    6.54662704468
776    6.5733230114
702    6.60673499107
699    6.647742033
736    6.68598914146
770    6.72958302498
753    6.76803803444
736    6.79580712318
736    6.83364510536
787    6.86744117737
861    6.89624404907
803    6.92492103577
805    6.95936012268
804    6.99947714806
719    7.04261898994
788    7.08263921738
783    7.12088012695
803    7.15385818481
721    7.19177317619
719    7.22482919693
716    7.26138401031
806    7.29946422577
781    7.35024905205
788    7.38340520859
739    7.4314250946
785    7.46961808205
802    7.50156402588
806    7.53066515923
788    7.57033920288
844    7.60373520851
786    7.63462805748
749    7.66765213013
839    7.70562410355
799    7.74081015587
768    7.77907109261
785    7.80715417862
786    7.84075713158
787    7.8726952076
765    7.90612220764
741    7.93483519554
753    7.9684741497
789    8.01211619377
736    8.05087018013
770    8.08003807068
736    8.12352800369
754    8.1666841507
745    8.20925807953
750    8.25267410278
767    8.29064202309
717    8.33092999458
737    8.36420202255
785    8.3974301815
788    8.44074010849
810    8.48390507698
783    8.53733205795
767    8.57435202599
767    8.60699319839
804    8.63788414001
767    8.668446064
806    8.70266819
831    8.73940110207
766    8.79253816605
737    8.83038020134
770    8.86104607582
771    8.89203500748
754    8.9355700016
769    8.97877621651
684    9.01715922356
750    9.05550599098
750    9.08394908905
804    9.1164791584
799    9.14315414429
779    9.17498207092
768    9.20735907555
733    9.25934100151
750    9.28740406036
736    9.32355999947
792    9.36722803116
752    9.39838314056
666    9.44163107872
749    9.46741700172
753    9.50408315659
753    9.53080606461
746    9.56394004822
788    9.59468412399
719    9.63083004951
763    9.666918993
785    9.71361899376
734    9.75095820427
684    9.78304100037
738    9.81894922256
791    9.85487699509
767    9.89811611176
701    9.94084310532
701    9.96853613853
770    10.0022552013
685    10.0298399925
683    10.0623130798
717    10.0933201313
754    10.1253640652
754    10.1643500328
753    10.2039921284
735    10.2418301105
791    10.2836880684
758    10.3268790245
770    10.3599390984
734    10.3968470097
783    10.4349410534
722    10.4669270515
651    10.4950611591
693    10.5318720341
775    10.5750420094
733    10.6127541065
734    10.6408550739
767    10.682765007
699    10.7261471748
716    10.7646200657
734    10.8078761101
717    10.846350193
700    10.8895142078
684    10.9202740192
807    10.967539072
737    11.0047090054
777    11.0365412235
770    11.0676491261
719    11.106577158
717    11.1449730396
751    11.1735701561
684    11.2070331573
700    11.2350940704
703    11.2698810101
741    11.2981891632
747    11.3307790756
767    11.3690772057
750    11.4077701569
700    11.449775219
770    11.488145113
751    11.5163412094
682    11.549793005
754    11.5815711021
737    11.6255910397
753    11.6637880802
702    11.6953551769
702    11.7262341976
724    11.7563772202
749    11.7913331985
648    11.8395731449
719    11.8696570396
716    11.902433157
736    11.9302852154
702    11.9593710899
700    11.9969770908
685    12.0237641335
750    12.0574262142
802    12.1008632183
667    12.1299722195
734    12.1644542217
751    12.207447052
713    12.2508330345
682    12.2889401913
717    12.3172302246
735    12.3542001247
695    12.4026241302
645    12.449463129
734    12.4827671051
729    12.5150711536
757    12.5501642227
736    12.5752620697
772    12.6113381386
767    12.6550681591
708    12.6797611713
771    12.7108371258
699    12.7438471317
703    12.778414011
736    12.8164601326
755    12.8472239971
773    12.8908240795
702    12.9342792034
703    12.9823031425
751    13.0129950047
702    13.0435781479
699    13.0745050907
699    13.1056849957
717    13.1489031315
717    13.1924071312
701    13.2194550037
749    13.2571601868
713    13.2932090759
734    13.3209261894
756    13.3576931953
773    13.3910570145
811    13.4218161106
719    13.4535851479
734    13.4973571301
736    13.5407061577
717    13.5828840733
667    13.6164021492
665    13.6538832188
733    13.6779429913
717    13.7122900486
782    13.7463450432
754    13.7753942013
754    13.8097560406
716    13.8399281502
750    13.8789842129
732    13.9183850288
734    13.951595068
702    13.9856390953
697    14.0183420181
716    14.0467891693
736    14.0898501873
771    14.1279740334
722    14.1599810123
718    14.212854147
703    14.2487761974
701    14.3022670746
751    14.3355481625
700    14.3726429939
652    14.3982961178
704    14.4315772057
744    14.462198019
696    14.518928051
736    14.5512959957
687    14.5836880207
720    14.6211071014
747    14.6585969925
717    14.6965720654
758    14.7401340008
702    14.7880210876
752    14.8306460381
737    14.8686749935
690    14.9024190903
739    14.9379332066
740    14.9616270065
735    14.9956490993
714    15.0286960602
753    15.065677166
717    15.1040210724
757    15.1471002102
699    15.1929430962
698    15.2364811897
734    15.2748482227
706    15.3183100224
734    15.3446822166
750    15.3832511902
700    15.4260151386
770    15.4536881447
739    15.4845352173
683    15.5167431831
737    15.544355154
733    15.5855090618
719    15.6100361347
689    15.6429481506
753    15.6785399914
696    15.7047700882
753    15.7385621071
722    15.7821002007
719    15.8251130581
668    15.854829073
667    15.8843970299
699    15.9243140221
685    15.9626021385
751    16.006426096
722    16.0445230007
754    16.0802021027
698    16.1059560776
683    16.1378161907
739    16.1692831516
704    16.2130842209
682    16.2502291203
700    16.2836501598
737    16.3160860538
736    16.3473081589
717    16.3907361031
684    16.4339311123
683    16.4706940651
684    16.5013210773
682    16.5378210545
684    16.5755162239
748    16.6174921989
683    16.64610219
666    16.6792621613
682    16.7077710629
719    16.7403461933
715    16.7731912136
688    16.8061730862
662    16.8340291977
666    16.8667759895
684    16.9097840786
667    16.9472250938
631    16.9755270481
668    17.0086781979
664    17.0524451733
680    17.0875060558
758    17.1257691383
668    17.1555111408
668    17.1851511002
631    17.2202391624
665    17.2516191006
653    17.2884011269
646    17.3350481987
697    17.3767211437
