750    0.0384948253632
749    0.0821030139923
711    0.124481916428
763    0.162410020828
796    0.200281858444
767    0.233544826508
746    0.267163991928
717    0.305881023407
762    0.334246873856
747    0.367547988892
702    0.405702829361
736    0.442878007889
805    0.486153841019
719    0.513154029846
716    0.546480894089
733    0.590065002441
749    0.633318901062
769    0.668350934982
766    0.694543838501
827    0.727804899216
748    0.780246973038
787    0.818158864975
825    0.861526012421
823    0.904219865799
804    0.942472934723
787    0.970559835434
783    1.02276492119
787    1.05133485794
783    1.08452391624
712    1.11808395386
783    1.15178704262
807    1.19439888
767    1.23198986053
770    1.26675200462
737    1.29091000557
737    1.32503390312
753    1.3641140461
735    1.40866303444
788    1.45197200775
820    1.49048995972
842    1.53360795975
770    1.56460094452
827    1.59151387215
821    1.62353992462
788    1.65618991852
805    1.68866801262
735    1.72006702423
737    1.75082802773
737    1.798817873
838    1.83213496208
770    1.86047387123
764    1.89423799515
770    1.92660689354
767    1.96995902061
802    2.01310896873
770    2.0389559269
782    2.06799888611
783    2.10144400597
824    2.14501595497
824    2.18771386147
782    2.22609782219
785    2.25431704521
756    2.29122591019
755    2.32710385323
785    2.36008000374
780    2.38875985146
771    2.4293859005
766    2.46778392792
805    2.51117491722
827    2.54934000969
826    2.58119082451
766    2.61350798607
852    2.64143490791
827    2.67362999916
823    2.71492505074
826    2.75332689285
804    2.79721999168
803    2.83557105064
808    2.86428403854
798    2.89849901199
766    2.94202899933
856    2.98044586182
822    3.01292300224
799    3.04564404488
858    3.07796382904
837    3.12138104439
767    3.16353201866
827    3.19688892365
806    3.22139382362
845    3.25539493561
843    3.29869794846
820    3.3363878727
846    3.36958384514
805    3.40708494186
785    3.44354200363
803    3.47131800652
787    3.50569581985
804    3.53985190392
789    3.56391000748
790    3.59815883636
782    3.63230085373
783    3.66647982597
799    3.69568800926
799    3.73984885216
858    3.76401782036
787    3.79852199554
807    3.8382089138
791    3.8655359745
787    3.89829802513
824    3.94153904915
863    3.98506903648
860    4.01832699776
857    4.05411195755
875    4.09656381607
842    4.13961696625
844    4.17518281937
859    4.2082259655
859    4.24629998207
767    4.29039597511
803    4.32840394974
750    4.35904502869
802    4.39506983757
862    4.45296096802
767    4.49128603935
767    4.53473687172
767    4.57308483124
858    4.6117079258
788    4.64980483055
803    4.68811297417
845    4.7163169384
826    4.76000404358
878    4.79873204231
825    4.83193993568
866    4.8686299324
823    4.90636396408
788    4.93252086639
823    4.96823692322
791    5.01159381866
838    5.05474185944
844    5.09334588051
856    5.13119983673
824    5.164539814
837    5.20296692848
774    5.23143100739
844    5.26742887497
824    5.29367089272
876    5.32198786736
870    5.3469350338
841    5.37478399277
789    5.41098093987
807    5.44903182983
846    5.48586797714
843    5.5157699585
767    5.5471508503
857    5.59067797661
842    5.62876486778
824    5.66080594063
823    5.69272303581
765    5.72461605072
785    5.76799798012
843    5.80638384819
858    5.83814692497
805    5.87022781372
804    5.90231084824
843    5.93519186974
851    5.9886329174
783    6.03711390495
841    6.07380604744
838    6.10110998154
839    6.13617801666
823    6.16255092621
824    6.19602704048
857    6.22458004951
842    6.25772690773
844    6.2925889492
825    6.33085203171
874    6.35898900032
835    6.39160704613
843    6.42340803146
824    6.46798992157
823    6.50306200981
872    6.53635382652
767    6.5690369606
863    6.59959983826
857    6.63052988052
838    6.6735098362
841    6.71617388725
783    6.7590239048
899    6.79710102081
859    6.82872986794
821    6.86032104492
784    6.89307498932
857    6.92440891266
884    6.95502400398
829    6.98996400833
826    7.02846503258
804    7.07152295113
826    7.10958504677
847    7.14081096649
841    7.16859602928
823    7.22190904617
823    7.25913000107
857    7.26686286926
843    7.30071187019
826    7.34234404564
830    7.36791491508
827    7.40421390533
818    7.44765090942
770    7.48581194878
767    7.51762986183
824    7.55172395706
894    7.59947896004
820    7.6328959465
781    7.66784501076
842    7.70622682571
796    7.74978494644
827    7.79319286346
879    7.84167003632
788    7.88480687141
886    7.91171002388
843    7.9445669651
799    7.98841500282
827    8.02636694908
826    8.0582139492
824    8.10083985329
751    8.13485598564
767    8.15925502777
805    8.19709801674
754    8.24049401283
823    8.28307199478
843    8.31624698639
799    8.34484481812
839    8.38835883141
799    8.43193387985
803    8.47465181351
805    8.52188897133
805    8.55254983902
838    8.58537197113
864    8.61308383942
826    8.65050601959
788    8.69594502449
825    8.72416496277
828    8.75990104675
754    8.7911670208
844    8.82197594643
765    8.8535888195
802    8.88889288902
783    8.92672204971
827    8.9745349884
878    9.01217389107
824    9.0450630188
826    9.07878899574
767    9.11751890182
767    9.16074895859
799    9.19921803474
841    9.22789001465
845    9.26129198074
799    9.2970559597
843    9.32291388512
750    9.36862897873
769    9.3943810463
807    9.42504382133
783    9.45749998093
790    9.48965382576
779    9.53209400177
805    9.5757830143
703    9.6191740036
799    9.65232086182
738    9.68802690506
738    9.71664690971
785    9.75531291962
750    9.78350281715
766    9.83180499077
782    9.86918497086
765    9.90730404854
826    9.95065498352
799    9.99369192123
771    10.0206429958
746    10.0648338795
806    10.1077289581
789    10.1459088326
783    10.1852090359
767    10.2263438702
770    10.2648048401
736    10.3082869053
815    10.346570015
803    10.3750369549
805    10.4082739353
767    10.4401788712
745    10.4829978943
788    10.5156888962
752    10.5536880493
767    10.5866119862
783    10.6158089638
787    10.6496059895
789    10.6805269718
767    10.7130219936
751    10.7557179928
751    10.7988529205
717    10.8366580009
799    10.8646509647
750    10.9166798592
771    10.9534819126
751    10.9854669571
824    11.0279710293
767    11.0587918758
747    11.1015729904
766    11.1381738186
737    11.1760900021
785    11.2199668884
746    11.2582218647
772    11.3016350269
771    11.3298318386
767    11.3730249405
824    11.4110388756
790    11.4393148422
764    11.4692409039
752    11.5045719147
794    11.5477228165
785    11.5860300064
735    11.6297178268
763    11.6676738262
703    11.6992518902
735    11.7360799313
789    11.7795498371
748    11.8232209682
771    11.8624060154
736    11.896479845
785    11.9206409454
783    11.9552009106
735    11.9833369255
748    12.0238118172
766    12.0618720055
751    12.0995340347
717    12.1404218674
734    12.1782319546
731    12.2090969086
717    12.2372319698
706    12.2704060078
654    12.301350832
651    12.3340649605
735    12.375551939
719    12.4089548588
714    12.4372680187
714    12.4706938267
732    12.5093779564
717    12.5512850285
734    12.5892159939
766    12.6232688427
813    12.6487569809
767    12.6815488338
754    12.7132680416
802    12.7560739517
734    12.7942378521
754    12.8275928497
754    12.8643529415
719    12.8967239857
738    12.9396328926
788    12.971736908
750    13.0142848492
729    13.0578508377
788    13.0959379673
686    13.1265039444
754    13.157230854
772    13.1906578541
771    13.2291498184
767    13.2576708794
752    13.2833039761
732    13.3161959648
767    13.3518748283
773    13.3774578571
765    13.4100790024
774    13.4520838261
741    13.4955158234
720    13.5336289406
719    13.5653648376
700    13.595952034
716    13.6409058571
739    13.6787860394
717    13.7163829803
735    13.7486028671
824    13.7814528942
751    13.8252298832
734    13.8687820435
733    13.9066879749
754    13.9543068409
717    13.9924600124
802    14.0361859798
719    14.0637040138
745    14.0970108509
752    14.133658886
717    14.1695389748
353    14.2002878189
826    14.2385129929
1124    14.2717819214
1097    14.3149089813
1076    14.3582649231
681    14.4000828266
319    14.441838026
423    14.4787049294
492    14.5106899738
511    14.5540149212
597    14.5962450504
609    14.63712883
598    14.6856768131
614    14.7180500031
611    14.7614560127
628    14.8032000065
648    14.8447659016
651    14.8864710331
668    14.9247808456
668    14.9678878784
667    15.0063300133
671    15.0334539413
663    15.0663599968
662    15.0997719765
665    15.1330690384
664    15.1590678692
684    15.1899409294
677    15.2179169655
685    15.2478349209
684    15.2816100121
686    15.3152580261
687    15.3388938904
682    15.3725068569
698    15.4067769051
700    15.4534330368
701    15.486536026
680    15.5193250179
683    15.557076931
651    15.592222929
596    15.6255609989
549    15.656015873
543    15.6858718395
474    15.7187209129
319    15.7495880127
730    15.7951319218
1078    15.8420369625
1143    15.8778948784
1065    15.9050788879
603    15.9392089844
569    15.9777648449
440    16.0159490108
122    16.0576200485
229    16.0891399384
665    16.1209318638
736    16.164041996
791    16.2022969723
715    16.2354929447
736    16.2707378864
734    16.2996668816
753    16.3371138573
714    16.3805029392
750    16.4072790146
766    16.4437069893
747    16.4683430195
788    16.5028989315
783    16.5308008194
685    16.5669708252
788    16.6054198742
745    16.6339888573
735    16.6672999859
702    16.7065169811
754    16.733839035
807    16.7676370144
799    16.795126915
802    16.8276250362
734    16.8709759712
750    16.9145498276
733    16.9579148293
839    16.9966640472
733    17.0401239395
687    17.0784020424
735    17.1255888939
759    17.1639409065
753    17.1957118511
705    17.241768837
702    17.2709078789
700    17.3051578999
766    17.3476400375
767    17.3857529163
716    17.4173948765
698    17.448086977
729    17.4828259945
