874    0.0291600227356
877    0.0681450366974
893    0.106001853943
864    0.144351959229
894    0.177454948425
892    0.205847978592
899    0.243193864822
802    0.270509004593
802    0.302837848663
864    0.332310914993
857    0.370045900345
788    0.404988050461
782    0.438295841217
799    0.470500946045
845    0.5133228302
823    0.557641983032
871    0.58166885376
890    0.624258041382
835    0.683087825775
835    0.726445913315
799    0.733999013901
805    0.761359930038
0    0.798720836639
787    0.800892829895
805    0.83832192421
772    0.871249914169
767    0.905303001404
826    0.93158197403
805    0.96931385994
837    1.0020198822
821    1.03468203545
805    1.06744885445
862    1.1001958847
857    1.12784790993
852    1.16079092026
823    1.1928088665
767    1.22102284431
843    1.25447201729
844    1.28616499901
860    1.317882061
873    1.35983991623
867    1.39673686028
862    1.42853689194
822    1.45941901207
769    1.49118900299
804    1.52199101448
846    1.56834793091
897    1.60657501221
861    1.65024900436
803    1.68836593628
805    1.71995091438
804    1.76235604286
860    1.80561089516
886    1.84391999245
878    1.8753259182
829    1.90610599518
821    1.93505191803
802    1.98146486282
798    2.02518606186
830    2.06861495972
787    2.10728693008
805    2.15034985542
880    2.17462801933
920    2.20960497856
857    2.24212503433
880    2.28544592857
767    2.32862305641
770    2.37141990662
785    2.41470193863
845    2.45303583145
861    2.4968149662
911    2.53401088715
827    2.57016086578
895    2.61833691597
856    2.66176605225
837    2.70015788078
885    2.73357391357
854    2.77690505981
861    2.81477403641
887    2.84254384041
826    2.87757396698
878    2.91935300827
845    2.95002889633
841    2.98120188713
872    3.00501704216
839    3.04421401024
891    3.08164286613
893    3.11359906197
888    3.14591598511
894    3.1776099205
925    3.20540785789
858    3.23820996284
937    3.29926896095
863    3.33775687218
860    3.36474704742
858    3.39523601532
877    3.43075084686
927    3.46139383316
825    3.49237585068
846    3.5255279541
838    3.56410002708
802    3.59739685059
905    3.645870924
910    3.67901802063
903    3.71196103096
819    3.74448990822
906    3.78756403923
907    3.83059096336
889    3.85685706139
953    3.89012384415
868    3.93395185471
892    3.97235393524
873    4.01480984688
857    4.04314184189
874    4.07141590118
894    4.1120929718
843    4.14609098434
883    4.17771291733
975    4.2094669342
905    4.24300599098
871    4.27652382851
920    4.32468891144
893    4.36234903336
908    4.40457201004
886    4.43201804161
908    4.46944499016
903    4.50675296783
892    4.54997992516
843    4.57749605179
881    4.60813689232
895    4.64296102524
894    4.67276406288
922    4.71437287331
874    4.75250697136
907    4.79506897926
891    4.83856201172
860    4.87463283539
858    4.90787601471
889    4.95118188858
893    4.99457192421
893    5.03323793411
893    5.06461882591
915    5.10781884193
927    5.14061594009
923    5.17861199379
852    5.20661902428
888    5.24027085304
882    5.27368283272
860    5.30827498436
875    5.37060403824
921    5.40853500366
901    5.43655991554
890    5.47457098961
911    5.50210094452
941    5.53252792358
889    5.56761884689
924    5.61085104942
843    5.64952993393
910    5.69152784348
829    5.72707104683
876    5.75831890106
893    5.80674695969
927    5.8438129425
862    5.87384796143
860    5.90362095833
892    5.93662405014
909    5.96668982506
857    6.00086688995
876    6.03001093864
875    6.06412696838
911    6.10326600075
921    6.14149594307
918    6.18473601341
876    6.21378803253
907    6.24786996841
841    6.28211283684
911    6.31147003174
904    6.35456299782
890    6.37949991226
804    6.4129178524
802    6.44619393349
894    6.48709201813
873    6.52608203888
856    6.56932997704
904    6.60704398155
919    6.6502430439
897    6.68692302704
859    6.71970701218
861    6.75855588913
923    6.79221796989
935    6.82624697685
874    6.86922502518
889    6.89481186867
888    6.93044900894
894    6.97378897667
925    7.00961899757
876    7.04670190811
874    7.08334898949
876    7.12453103065
894    7.16203904152
927    7.1996178627
886    7.24294900894
874    7.28631496429
959    7.3134329319
863    7.35323500633
940    7.39018082619
925    7.42133998871
856    7.46828985214
937    7.50403690338
875    7.537348032
862    7.57489204407
858    7.61131000519
876    7.64931082726
871    7.69193291664
896    7.71775794029
939    7.75079703331
889    7.77916884422
890    7.81397891045
940    7.84354186058
878    7.87675595284
931    7.91900086403
970    7.95517396927
857    7.99379897118
872    8.02626299858
927    8.06341099739
840    8.09650397301
907    8.12962198257
925    8.17285084724
857    8.21589684486
857    8.25390505791
889    8.2822508812
873    8.3136048317
891    8.36175894737
873    8.40460896492
890    8.44786500931
986    8.47449493408
877    8.50738406181
896    8.5410349369
859    8.56986784935
859    8.59977889061
869    8.63493990898
910    8.67837095261
906    8.7052989006
904    8.74886989594
842    8.79166889191
915    8.8399939537
838    8.87212491035
856    8.90888690948
872    8.9354159832
892    8.96915483475
914    8.99887490273
859    9.04721188545
878    9.08578395844
893    9.12764596939
849    9.16214704514
855    9.20536494255
878    9.23204183578
893    9.26780891418
894    9.29465198517
857    9.33043885231
860    9.3612639904
858    9.39189505577
828    9.42259883881
826    9.45330500603
872    9.48145890236
874    9.51464104652
885    9.54274582863
843    9.57798695564
876    9.61643791199
876    9.65939283371
860    9.68895101547
857    9.72243690491
873    9.76584005356
869    9.80922794342
843    9.84246492386
842    9.87843799591
965    9.91674804688
953    9.96104884148
926    9.99931001663
948    10.029984951
910    10.0614979267
919    10.1044130325
871    10.147466898
661    10.1908299923
319    10.2237699032
319    10.2596158981
123    10.2980840206
174    10.3354539871
226    10.3681659698
245    10.4055259228
255    10.4542889595
255    10.5032989979
319    10.5402188301
317    10.5667169094
367    10.6004378796
454    10.6440980434
441    10.6819019318
406    10.7232968807
440    10.7663869858
548    10.7963910103
785    10.8364179134
1083    10.8615410328
1127    10.898663044
1144    10.9416649342
1134    10.9800319672
1080    11.0231900215
1054    11.0615038872
970    11.1051709652
962    11.1436090469
911    11.1744530201
999    11.2054610252
858    11.2328228951
905    11.2676429749
908    11.3105959892
843    11.334182024
826    11.3728029728
836    11.4176559448
868    11.4508638382
901    11.4818558693
855    11.5104398727
830    11.54708004
829    11.5776438713
827    11.6233179569
870    11.6615159512
830    11.692127943
822    11.7354390621
844    11.7661738396
785    11.7967529297
836    11.82999897
819    11.8583300114
827    11.8926298618
842    11.9199559689
884    11.9456138611
786    11.9821789265
819    12.024340868
841    12.0620028973
771    12.091078043
839    12.1388289928
632    12.1815779209
511    12.2189610004
284    12.2507250309
158    12.2865300179
157    12.3232018948
207    12.3598458767
243    12.3964059353
245    12.4331359863
287    12.4638750553
319    12.5078709126
355    12.5501680374
337    12.5881788731
319    12.6198840141
319    12.651829958
350    12.684294939
335    12.7211060524
255    12.7569799423
301    12.7900009155
335    12.8259890079
373    12.8694338799
404    12.9073889256
437    12.9508059025
420    12.9887168407
502    13.0201849937
543    13.0481858253
634    13.0807290077
671    13.1234560013
825    13.1619720459
961    13.1907429695
956    13.2293848991
1023    13.2679338455
1079    13.3051710129
1126    13.3387608528
1137    13.3866300583
1145    13.4290649891
1133    13.4660189152
1080    13.5051729679
1081    13.5468928814
1023    13.579985857
1071    13.6106450558
1023    13.6386299133
1023    13.6771149635
1023    13.7154500484
1004    13.7638168335
991    13.8073329926
944    13.8507289886
945    13.8942220211
910    13.9276070595
910    13.96448493
893    13.9910540581
939    14.0237538815
895    14.0536668301
897    14.0855460167
910    14.1185359955
908    14.162101984
841    14.2105760574
954    14.2425940037
962    14.2708008289
962    14.3074219227
859    14.3451328278
857    14.378344059
889    14.4108309746
767    14.4542908669
841    14.4979729652
908    14.5348360538
869    14.5627739429
852    14.6062288284
840    14.6329689026
857    14.6771390438
874    14.7053780556
860    14.7386898994
858    14.7803628445
842    14.8366818428
840    14.8709559441
799    14.9055278301
857    14.9432590008
828    14.9953069687
839    15.0288009644
821    15.064923048
862    15.094493866
872    15.1276650429
825    15.1561558247
822    15.199174881
752    15.2425608635
829    15.2793388367
828    15.3112978935
782    15.354544878
804    15.3954339027
805    15.4411599636
739    15.4768500328
771    15.5075700283
767    15.5381989479
771    15.5688378811
785    15.5996029377
842    15.6313970089
825    15.6750030518
751    15.7015140057
804    15.7303290367
802    15.7663149834
863    15.7996199131
840    15.837859869
919    15.8785400391
767    15.9113998413
840    15.9547560215
824    15.9966988564
835    16.0349450111
796    16.0821490288
799    16.1204349995
839    16.1534218788
843    16.1802680492
788    16.2154109478
804    16.2470998764
827    16.2926669121
875    16.3235049248
807    16.3593628407
790    16.3995850086
829    16.4253189564
822    16.460903883
799    16.4866318703
824    16.5295510292
783    16.5559699535
753    16.5893850327
877    16.6326408386
845    16.6765120029
798    16.7148308754
824    16.7582099438
762    16.7965729237
799    16.8399379253
799    16.8830099106
900    16.9215190411
854    16.9648389816
799    17.003166914
799    17.0462019444
780    17.0894329548
805    17.1277270317
827    17.1649329662
826    17.1984319687
822    17.2414410114
825    17.2834429741
845    17.3141109943
842    17.3609108925
873    17.4093289375
751    17.4478008747
809    17.481044054
828    17.5096788406
822    17.5433428288
