1930    0.0334930419922
1981    0.0644910335541
1933    0.0959601402283
1930    0.128357172012
1933    0.160004138947
1984    0.191051959991
1933    0.232845067978
1926    0.270097017288
1976    0.313212156296
1931    0.341654062271
1927    0.375190019608
1975    0.403599977493
1929    0.437091112137
1928    0.470685005188
1929    0.50933098793
1926    0.561824083328
1937    0.60924911499
1985    0.641767978668
1933    0.669615983963
1925    0.700958013535
1942    0.743885040283
1992    0.777646064758
1934    0.815992116928
1943    0.85819196701
1947    0.896334171295
1933    0.951892137527
1946    0.984549045563
1948    1.0178630352
1951    1.04900813103
1941    1.09141016006
1941    1.12193202972
1995    1.15505599976
1946    1.20885396004
1945    1.25102114677
1951    1.27549910545
1950    1.31084299088
1948    1.34018111229
1940    1.37438297272
1966    1.39852809906
1961    1.43249607086
1957    1.46484494209
1957    1.50856208801
1950    1.55224394798
1958    1.5957069397
1962    1.63370013237
1963    1.67717695236
1961    1.70922613144
1960    1.73745894432
1955    1.77518701553
1965    1.81332802773
1957    1.84140610695
1963    1.8801150322
1969    1.91748905182
1966    1.95008206367
1973    1.99301195145
1974    2.02719807625
1979    2.05134415627
2032    2.08744502068
2022    2.1298699379
1969    2.1680791378
2017    2.19980502129
1968    2.24317312241
1971    2.28665494919
1965    2.32317113876
1997    2.3553481102
1989    2.3942360878
2045    2.43260097504
1996    2.46342301369
1984    2.510846138
1996    2.53702902794
1996    2.57219409943
1987    2.60978102684
1989    2.65326213837
1984    2.68334102631
1998    2.71525001526
1992    2.74384593964
1982    2.78044915199
2047    2.8103749752
2002    2.85023713112
2001    2.8884510994
2011    2.92723608017
2005    2.96147203445
2013    2.99747896194
2011    3.0234670639
2004    3.06194710732
2008    3.09545898438
2008    3.14484095573
2009    3.17317295074
2007    3.21667814255
2023    3.25005912781
2027    3.28642106056
2019    3.31318497658
2019    3.34655404091
2019    3.38852310181
2026    3.43548202515
2065    3.46871304512
2023    3.50149607658
2027    3.53808903694
2020    3.5708990097
2024    3.60291814804
2036    3.6316511631
2034    3.66439700127
2086    3.70207500458
2034    3.73552894592
2034    3.76962995529
2038    3.81891894341
2041    3.85595798492
2036    3.90447115898
2038    3.94297599792
2036    3.98104095459
2029    4.01341414452
2056    4.0431330204
2110    4.07791495323
2057    4.10809016228
2046    4.15156817436
2048    4.19517612457
2061    4.24292802811
2054    4.27612495422
2047    4.3098731041
2050    4.34847903252
2051    4.38112306595
2070    4.41939616203
2066    4.452491045
2061    4.48117995262
2076    4.51956105232
2073    4.55740404129
2076    4.59353899956
2065    4.62658405304
2068    4.66960597038
2069    4.70051312447
2076    4.7323050499
2069    4.76103806496
2081    4.79792714119
2081    4.83251595497
2072    4.86898398399
2071    4.90858912468
2087    4.95231199265
2085    4.99454808235
2079    5.02825903893
2084    5.05855512619
2086    5.10226011276
2088    5.14094305038
2088    5.18490505219
2084    5.22304701805
2097    5.25809907913
2096    5.28496098518
2089    5.31440496445
2096    5.35175299644
2100    5.40244793892
2109    5.43401217461
2095    5.4659280777
2097    5.50422096252
2156    5.53901195526
2106    5.57012104988
2100    5.61362695694
2104    5.63980603218
2103    5.67369103432
2109    5.70059394836
2100    5.74271798134
2147    5.76932811737
2101    5.80523014069
2109    5.83614706993
2111    5.86795496941
2103    5.91185498238
2104    5.94980216026
2111    5.98041415215
2103    6.01178097725
2102    6.05910801888
2111    6.08519101143
2097    6.12151408195
2103    6.15459012985
2101    6.19189405441
2110    6.22923707962
2102    6.25707006454
2111    6.29411196709
2105    6.3375389576
2107    6.37609815598
2111    6.40445613861
2102    6.43627214432
2104    6.47297000885
2155    6.50752210617
2101    6.54425311089
2106    6.57510900497
2097    6.60737109184
2115    6.63680315018
2104    6.67028307915
2101    6.70882606506
2102    6.74108099937
2157    6.77218103409
2098    6.81552195549
2101    6.85564398766
2096    6.89069199562
2104    6.91726613045
2104    6.95092701912
2106    6.9935631752
2108    7.02382802963
2109    7.05780911446
2116    7.09416294098
2175    7.12714004517
2117    7.17132210732
2115    7.21921801567
2121    7.2570400238
2121    7.29491901398
2126    7.32677698135
2173    7.3586909771
2162    7.40216994286
2166    7.44570302963
2122    7.49922013283
2126    7.53696393967
2119    7.57503414154
2128    7.61031103134
2128    7.64065814018
2115    7.6743850708
2126    7.70131015778
2111    7.73335313797
2120    7.76638197899
2110    7.80988502502
2118    7.83648705482
2129    7.87120199203
2126    7.9109351635
2120    7.95603609085
2114    7.98861503601
2121    8.02665710449
2126    8.0611269474
2118    8.09992313385
2120    8.13075995445
2125    8.16666197777
2167    8.20005512238
2118    8.23700499535
2119    8.27492809296
2127    8.30785608292
2106    8.34639406204
2096    8.3898730278
2149    8.42827510834
2108    8.45937299728
2104    8.50284695625
2096    8.54090595245
2103    8.57320213318
2104    8.61654305458
2154    8.65493702888
2096    8.69851899147
2098    8.74163913727
2150    8.77549409866
2111    8.80967998505
2104    8.85289907455
2106    8.88623213768
2100    8.91935300827
2110    8.95290207863
2106    8.98136496544
2102    9.01471710205
2104    9.04318594933
2095    9.07623004913
2102    9.10491800308
2111    9.14812803268
2109    9.18656611443
2103    9.2248711586
2111    9.26248908043
2104    9.30508303642
2147    9.34845995903
2101    9.38706302643
2100    9.43042707443
2100    9.46989107132
2100    9.50177907944
2107    9.53250408173
2111    9.57401609421
2106    9.61561894417
2079    9.65349698067
2101    9.69697713852
2101    9.73569107056
2085    9.7797100544
2091    9.80301499367
2088    9.84078717232
2096    9.8644220829
2093    9.90301394463
2084    9.94149899483
2085    9.97003912926
2090    10.0035960674
2093    10.0488860607
2091    10.086081028
2064    10.1145250797
2081    10.151704073
2078    10.1937031746
2114    10.2317759991
2077    10.2636590004
2079    10.2975380421
2071    10.3419380188
2057    10.3799581528
2064    10.4113659859
2053    10.444715023
2096    10.4882700443
2051    10.5267031193
2050    10.5552511215
2045    10.5883970261
2042    10.6177940369
2059    10.6538200378
2065    10.6829521656
2057    10.7315239906
2051    10.7747960091
2053    10.8132359982
2038    10.8568539619
2027    10.9002830982
2034    10.9385139942
2033    10.9805221558
2043    11.0127699375
2078    11.0561301708
2045    11.0819630623
2020    11.1159360409
2021    11.1584939957
2027    11.185395956
2028    11.2177240849
2027    11.2488350868
2018    11.2929561138
2020    11.3310830593
2021    11.3631269932
2017    11.4065051079
2018    11.4449100494
2003    11.4883451462
2005    11.5267829895
1998    11.5705981255
2008    11.6139359474
2008    11.6490240097
2007    11.6818339825
2004    11.725039959
2006    11.7603149414
2003    11.793859005
2003    11.8513550758
2003    11.8854019642
1992    11.8919270039
1986    11.9280540943
0    11.9650020599
1989    11.9731221199
1991    11.9941251278
0    12.0401360989
1980    12.0481550694
1975    12.0826201439
0    12.1169531345
1977    12.1238329411
1984    12.1426701546
0    12.1810870171
1976    12.1895151138
1972    12.2084970474
0    12.2623770237
1974    12.2759399414
1977    12.3132829666
0    12.341848135
2017    12.3523340225
1976    12.3798670769
0    12.4163820744
1973    12.4195990562
1963    12.4427480698
1957    12.476336956
2004    12.5099201202
1957    12.5536799431
2002    12.5813529491
1966    12.613049984
1967    12.6451101303
1957    12.6771509647
1961    12.7091341019
2014    12.7512359619
1963    12.7884089947
1945    12.8209011555
1949    12.8503680229
1940    12.8887989521
1946    12.9321119785
1940    12.9699289799
2000    12.9956040382
1979    13.0290341377
1944    13.0627150536
1942    13.0910511017
1942    13.1235179901
1951    13.1572611332
1938    13.1955749989
1941    13.227738142
1943    13.2664029598
1977    13.3102390766
1937    13.3370261192
1931    13.3722100258
1935    13.4207861423
1930    13.4541380405
1933    13.4973039627
1935    13.5223250389
1934    13.5582060814
1923    13.5893089771
1926    13.6325769424
1980    13.66142416
1927    13.6951961517
1931    13.7293241024
1915    13.7680251598
1914    13.8118121624
1912    13.8453390598
1920    13.8869550228
1922    13.9142210484
1902    13.957501173
1913    13.9994881153
1914    14.0423359871
1912    14.0807771683
1912    14.1243391037
1913    14.1627120972
1912    14.1894049644
1913    14.2213430405
1921    14.2648720741
1899    14.3014681339
1889    14.3303120136
1896    14.36414814
1895    14.3982050419
1895    14.4374630451
1939    14.4647080898
1906    14.4989960194
1904    14.5265431404
1903    14.5702030659
1898    14.5984909534
1902    14.6404521465
1902    14.6664841175
1889    14.7039551735
1903    14.7398271561
1895    14.7830369473
1896    14.8264889717
1894    14.8687770367
1900    14.9163110256
1894    14.9495840073
1874    14.9860639572
1903    15.0232591629
1878    15.0669190884
1879    15.1102819443
1888    15.1437690258
1886    15.1806249619
1875    15.2214109898
1883    15.2648451328
1872    15.3081550598
1886    15.3388969898
1930    15.3708441257
1874    15.4139940739
1878    15.4573669434
1933    15.4833700657
1880    15.5123071671
1880    15.5459959507
1887    15.5887920856
1874    15.6273651123
1888    15.6643030643
1872    15.7078270912
1888    15.7351100445
1890    15.7686779499
1883    15.8127300739
1889    15.8494861126
1890    15.8850271702
1890    15.9229860306
1882    15.9667179585
1882    16.0094680786
1880    16.0492260456
1880    16.0927500725
1886    16.1347501278
1878    16.1718370914
1879    16.2048950195
1929    16.2336061001
1883    16.2722389698
1881    16.310708046
1889    16.3408191204
1885    16.3690681458
1886    16.4063179493
1881    16.4350399971
1882    16.4687361717
1890    16.4956800938
1924    16.5321371555
1896    16.5759840012
1871    16.6140789986
1886    16.6489520073
1879    16.6821370125
1880    16.7132310867
1901    16.7451660633
1895    16.773496151
1905    16.8095991611
1901    16.8352811337
1890    16.8694069386
1894    16.9129459858
1902    16.9550590515
1903    16.99350214
1888    17.0216889381
1941    17.0547909737
1895    17.0896980762
1889    17.1332271099
1892    17.1720631123
1893    17.2007651329
1907    17.2320411205
1897    17.2811491489
1940    17.3194129467
1965    17.3460609913
1909    17.378041029
1911    17.4199311733
1963    17.4575510025
1904    17.4899260998
1910    17.5386240482
1911    17.5852799416
1921    17.6188290119
1914    17.661853075
1921    17.6877520084
1910    17.721157074
1909    17.7629909515
1909    17.8002951145
1910    17.8346290588
1954    17.8717429638
1920    17.896517992
1909    17.9335739613
1922    17.9604401588
1907    17.993044138
1908    18.0364329815
