1893    0.0321040153503
1895    0.0603439807892
1906    0.108896970749
1922    0.135526895523
1920    0.16853094101
1913    0.221282958984
1914    0.266397953033
1922    0.300383806229
1922    0.340806007385
1915    0.392024993896
1957    0.42444396019
1915    0.451205015182
1914    0.500331878662
1959    0.548947811127
1904    0.586934804916
1911    0.616021871567
1915    0.655292034149
1965    0.688608884811
1922    0.722321987152
1930    0.750260829926
1927    0.784128904343
1927    0.812465906143
1931    0.845886945724
1927    0.877696990967
1935    0.920799970627
1937    0.955704927444
1934    1.00419282913
1939    1.04730701447
1925    1.09002995491
1939    1.12766003609
1942    1.16105294228
1947    1.18790483475
1937    1.2207608223
1944    1.26465201378
1945    1.29190683365
1993    1.32412195206
1944    1.36648988724
1934    1.40385699272
1944    1.44127082825
1949    1.47863197327
1948    1.51648283005
1992    1.55419397354
1940    1.58259797096
1948    1.61589288712
1950    1.64451885223
1960    1.67743182182
1959    1.70987391472
1957    1.743309021
1954    1.78480195999
1958    1.82768583298
1965    1.86593699455
1965    1.89685797691
1954    1.92777490616
1966    1.95859289169
1968    1.99070596695
1960    2.03314399719
1968    2.0639398098
1979    2.09622883797
1973    2.13945484161
2017    2.16446590424
1973    2.19934082031
1981    2.22940683365
1984    2.26239299774
1976    2.29484891891
1972    2.32676482201
1965    2.35884404182
1973    2.39157986641
1971    2.43461585045
2033    2.47244596481
1997    2.50382995605
1993    2.54263687134
1985    2.58142185211
1985    2.62521600723
1990    2.66938686371
1986    2.70195794106
1988    2.73958492279
2002    2.77781295776
2012    2.80817890167
2006    2.84001088142
2014    2.87691497803
2010    2.90882587433
2012    2.94069194794
1996    2.98332595825
1997    3.02665686607
2012    3.07000184059
2007    3.10820484161
2007    3.15095901489
2023    3.18937683105
2032    3.22019696236
2076    3.2522649765
2016    3.29587101936
2030    3.33938288689
2023    3.37789201736
2022    3.4210999012
2023    3.4591178894
2039    3.49281001091
2038    3.5305659771
2094    3.56226587296
2037    3.59434199333
2030    3.63287997246
2037    3.67584681511
2036    3.72133398056
2035    3.75930595398
2030    3.78722000122
2031    3.82104897499
2051    3.85446381569
2049    3.88704586029
2054    3.92924189568
2054    3.97240781784
2060    4.01282191277
2047    4.05080294609
2058    4.08976984024
2054    4.1185028553
2070    4.15229582787
2073    4.1854159832
2071    4.22897791862
2073    4.27098083496
2066    4.30952095985
2075    4.3530960083
2076    4.39521503448
2069    4.44249486923
2079    4.47091889381
2087    4.5146048069
2090    4.55273389816
2093    4.58275985718
2094    4.61466097832
2096    4.65810990334
2085    4.69686794281
2084    4.74062395096
2093    4.76859593391
2088    4.80610394478
2111    4.84165287018
2107    4.88261198997
2103    4.92071986198
2104    4.96346998215
2099    5.00718688965
2101    5.04557490349
2097    5.07240986824
2103    5.11014294624
2108    5.13699388504
2097    5.17041492462
2100    5.21362090111
2096    5.253718853
2103    5.28901100159
2104    5.3422908783
2156    5.37448191643
2104    5.40612792969
2104    5.43781089783
2111    5.46810889244
2114    5.50180482864
2106    5.54763698578
2147    5.58545804024
2118    5.6290409565
2119    5.65968990326
2110    5.68819594383
2116    5.71987390518
2118    5.75611901283
2128    5.80955696106
2114    5.8475279808
2130    5.87904596329
2120    5.92234992981
2122    5.96509480476
2130    5.9908618927
2126    6.0253508091
2117    6.05110692978
2116    6.08630681038
2117    6.12460184097
2134    6.1664659977
2126    6.19447588921
2137    6.22766685486
2133    6.25947594643
2142    6.29653286934
2141    6.3349738121
2182    6.36776280403
2139    6.39553499222
2136    6.43010592461
2141    6.46800994873
2139    6.50688481331
2131    6.53576302528
2131    6.56507992744
2136    6.59791088104
2126    6.64102482796
2133    6.67907500267
2130    6.72238087654
2132    6.76567387581
2136    6.80401587486
2132    6.83563089371
2133    6.86413002014
2141    6.91089487076
2189    6.94860696793
2133    6.99224591255
2134    7.03560781479
2134    7.07222294807
2136    7.10596299171
2187    7.14876198769
2181    7.18206381798
2134    7.21069002151
2182    7.25303792953
2139    7.28613400459
2135    7.31947088242
2141    7.35202097893
2136    7.38500094414
2144    7.4143409729
2134    7.44467782974
2136    7.48600697517
2142    7.53446483612
2142    7.56228899956
2125    7.60536789894
2140    7.63481783867
2140    7.66529393196
2144    7.70098495483
2142    7.72676897049
2133    7.77495098114
2144    7.81749200821
2179    7.85070085526
2137    7.89214491844
2137    7.93409085274
2134    7.97281193733
2145    8.00330781937
2138    8.0321199894
2125    8.06135487556
2125    8.09477186203
2126    8.12896203995
2136    8.17161488533
2128    8.21230387688
2125    8.25389289856
2179    8.29709291458
2134    8.32542681694
2139    8.35849499702
2184    8.39023900032
2133    8.43361997604
2136    8.46047401428
2133    8.49733495712
2135    8.53434181213
2144    8.57569003105
2125    8.60880184174
2117    8.65404486656
2141    8.69660997391
2129    8.72352385521
2120    8.75534796715
2118    8.7869348526
2118    8.8186519146
2128    8.85043787956
2122    8.89391183853
2173    8.93240785599
2124    8.96556591988
2122    8.99615097046
2123    9.03482198715
2117    9.07309293747
2162    9.10145282745
2166    9.13473081589
2113    9.18291783333
2124    9.21941184998
2168    9.26206684113
2120    9.30024290085
2114    9.33622598648
2104    9.37473797798
2110    9.4057238102
2100    9.43912982941
2103    9.48244595528
2153    9.5157968998
2104    9.54873585701
2104    9.58217692375
2111    9.62076091766
2104    9.65426087379
2102    9.69794297218
2104    9.73622298241
2104    9.7721619606
2094    9.83444881439
2101    9.85929584503
2111    9.89417386055
2111    9.92414093018
2105    9.95543599129
2093    9.98864102364
2084    10.0168750286
2085    10.0504150391
2086    10.088809967
2092    10.1275830269
2086    10.1744148731
2067    10.2019958496
2079    10.2414298058
2066    10.2810339928
2070    10.3153920174
2071    10.3528079987
2069    10.3802318573
2072    10.4126079082
2067    10.4404828548
2062    10.468667984
2056    10.5043079853
2062    10.5401849747
2055    10.5710678101
2054    10.5988378525
2053    10.6309869289
2063    10.6668689251
2065    10.6951928139
2058    10.7383508682
2041    10.7667858601
2041    10.8016319275
2035    10.8388249874
2042    10.8808298111
2037    10.9193730354
2035    10.9464509487
2036    10.9803228378
2067    11.0167179108
2079    11.0566089153
2027    11.0802989006
2020    11.1190109253
2022    11.1427459717
2029    11.176872015
2013    11.2118768692
2013    11.2567739487
2004    11.2916738987
2012    11.3280038834
2013    11.3610398769
2008    11.3889989853
2004    11.4224278927
2004    11.4610779285
2012    11.4934198856
1996    11.5417969227
1987    11.5798900127
1990    11.6165690422
2039    11.6478729248
2038    11.6760759354
1985    11.7139918804
2043    11.7399299145
1977    11.7736129761
1977    11.8009040356
1982    11.8322248459
2016    11.8709709644
1971    11.9046750069
1977    11.9384508133
1982    11.9772398472
1978    12.005854845
1972    12.0398628712
1957    12.0735368729
1951    12.1014230251
1950    12.1449978352
1962    12.1879730225
1958    12.2263820171
1959    12.2573649883
1965    12.2899188995
1939    12.322191
1939    12.3650889397
1936    12.4033899307
1942    12.4468050003
1941    12.4853270054
1941    12.5160729885
1944    12.5625879765
1941    12.5912108421
1930    12.6218688488
1931    12.6527459621
1926    12.6960418224
1931    12.737831831
1924    12.7768850327
1928    12.8248648643
1932    12.8580830097
1930    12.8861958981
1930    12.919025898
1915    12.9527409077
1918    12.9956548214
1967    13.0275788307
1914    13.0593559742
1912    13.0914678574
1914    13.1340079308
1917    13.1872019768
1908    13.2256059647
1955    13.2689619064
1906    13.3122498989
1895    13.3502089977
1895    13.3804328442
1894    13.4126968384
1949    13.4438359737
1939    13.479888916
1896    13.5172598362
1896    13.5503799915
1899    13.5854878426
1901    13.622866869
1897    13.6662960052
1889    13.6961638927
1878    13.7267830372
1887    13.7578458786
1878    13.8056240082
1878    13.8426349163
1879    13.8757839203
1885    13.9076149464
1881    13.9336929321
1935    13.9694190025
1881    14.0074849129
1880    14.0392599106
1878    14.0712358952
1879    14.1145370007
1880    14.1576600075
1884    14.2000598907
1867    14.2385089397
1857    14.276818037
1866    14.3099029064
1869    14.3526918888
1865    14.3792738914
1871    14.4097959995
1865    14.4456818104
1855    14.4841549397
1855    14.5272119045
1862    14.5699219704
1914    14.6081578732
1918    14.6467988491
1869    14.6791529655
1907    14.7066879272
1868    14.7399950027
1866    14.7722079754
1862    14.81533885
1865    14.8538780212
1866    14.8971219063
1847    14.940486908
1850    14.9882969856
1891    15.0366868973
1845    15.0750470161
1841    15.11353302
1844    15.1569979191
1843    15.2001969814
1847    15.2387549877
1843    15.2667410374
1838    15.2986419201
1894    15.3514389992
1844    15.3842699528
1848    15.4243979454
1845    15.4626820087
1849    15.4933860302
1893    15.5342488289
1844    15.5786919594
1850    15.6047449112
1841    15.6377949715
1841    15.665927887
1848    15.7024259567
1899    15.7332630157
1843    15.769564867
1848    15.807101965
1837    15.8505539894
1837    15.8885319233
1838    15.9320349693
1841    15.9754478931
1848    16.0124950409
1847    16.0507998466
1845    16.0814900398
1888    16.1097009182
1843    16.1463489532
1837    16.1938679218
1844    16.2392189503
1889    16.2768199444
1842    16.3202679157
1847    16.3627510071
1848    16.4004399776
1847    16.4437270164
1845    16.481938839
1859    16.515048027
1848    16.5530078411
1869    16.6014528275
1866    16.6343319416
1867    16.6622748375
1871    16.6956748962
1858    16.7238788605
1860    16.7577438354
1912    16.7862408161
1866    16.8188500404
1867    16.8722498417
1861    16.9207010269
1855    16.9639399052
1859    17.0071978569
1864    17.045735836
1863    17.0728869438
1882    17.1064629555
1920    17.1415529251
1880    17.1843559742
1881    17.2222900391
1884    17.2488088608
1883    17.2920269966
1932    17.3170478344
1921    17.3537628651
1881    17.3813099861
1880    17.4131238461
1887    17.4491238594
1878    17.4916908741
1878    17.5283539295
1886    17.559060812
1906    17.5908060074
1898    17.6334838867
1898    17.6767759323
1895    17.7145729065
1906    17.745787859
1897    17.7739579678
1902    17.8106138706
1901    17.8366658688
1948    17.8698658943
1940    17.8978040218
1899    17.934417963
1906    17.9763360023
1898    18.014592886
