1896    0.0280950069427
1904    0.083606004715
1921    0.121490955353
1914    0.160181999207
1921    0.198135852814
1909    0.231585025787
1914    0.264649868011
1959    0.297733068466
1914    0.334794998169
1908    0.376481056213
1966    0.413199901581
1917    0.445441961288
1911    0.474006891251
1916    0.507196903229
1921    0.538347005844
1916    0.570314884186
1955    0.602415084839
1908    0.645729064941
1912    0.693847894669
1928    0.726918935776
1923    0.762405872345
1979    0.800096035004
1934    0.833994865417
1927    0.861034870148
1927    0.899218082428
1931    0.923352956772
1935    0.961209058762
1928    0.990536928177
1927    1.03674292564
1930    1.07453298569
1933    1.10628890991
1941    1.14919400215
1926    1.17754507065
1937    1.21097803116
1949    1.24961185455
1941    1.29552507401
1997    1.33295893669
1943    1.36981701851
1949    1.40013384819
1949    1.43536186218
1987    1.4785349369
1945    1.52191495895
1991    1.55528998375
1943    1.58715605736
1951    1.62877607346
1990    1.68150901794
1938    1.71968102455
1941    1.74527597427
1947    1.7813000679
1953    1.8239159584
1958    1.84910392761
1960    1.89965605736
1966    1.93717002869
1957    1.96962594986
1961    1.99721097946
1961    2.03491187096
1961    2.07799696922
1964    2.11175203323
1965    2.14010691643
2027    2.17801189423
1973    2.21625804901
1979    2.24792695045
1981    2.28779792786
1969    2.32772707939
1976    2.35768294334
1982    2.40336894989
2021    2.44671607018
1973    2.48468399048
1989    2.51709794998
1991    2.54945993423
1992    2.5868639946
1992    2.62420606613
1992    2.65165901184
1985    2.69961595535
1999    2.73443508148
2039    2.76104998589
2043    2.79930305481
1989    2.83724999428
1985    2.87132096291
2011    2.90040802956
1987    2.93483090401
2016    2.96536803246
2012    2.99696302414
1997    3.04046201706
2002    3.07827591896
2002    3.1066839695
2012    3.14296507835
2049    3.18623900414
2016    3.22454690933
2003    3.26794195175
2015    3.29516386986
2018    3.33126401901
2012    3.36995005608
2014    3.41298794746
2066    3.44060897827
2028    3.47278499603
2027    3.52050900459
2026    3.56188893318
2021    3.60067605972
2064    3.62932896614
2050    3.66037988663
2045    3.6988940239
2039    3.73216295242
2045    3.76810288429
2029    3.81168103218
2038    3.8504960537
2043    3.89366006851
2046    3.92362499237
2027    3.9637298584
2051    3.99420785904
2053    4.0377368927
2110    4.08152198792
2053    4.12502503395
2064    4.15518188477
2060    4.19852590561
2057    4.2323679924
2099    4.26582407951
2053    4.30225205421
2070    4.34322595596
2077    4.3669719696
2070    4.40065002441
2074    4.43474888802
2072    4.4621989727
2073    4.50554490089
2071    4.54899001122
2096    4.58710193634
2086    4.634734869
2085    4.66276192665
2085    4.69627285004
2092    4.72316002846
2087    4.75879096985
2082    4.78870892525
2079    4.8217549324
2088    4.85971999168
2088    4.89275789261
2082    4.92077898979
2082    4.95379304886
2104    4.99186301231
2100    5.02487707138
2152    5.06033205986
2097    5.09881305695
2098    5.14210700989
2099    5.1844599247
2097    5.22196698189
2101    5.26187896729
2099    5.2878818512
2107    5.33122587204
2104    5.36464190483
2105    5.40013599396
2153    5.43832206726
2115    5.46744990349
2100    5.50153708458
2103    5.53047394753
2111    5.56437397003
2145    5.58813285828
2104    5.62681698799
2107    5.65068006516
2168    5.68488502502
2117    5.71931385994
2115    5.74334406853
2120    5.78299498558
2121    5.82121896744
2122    5.85198092461
2117    5.88013696671
2117    5.91244292259
2119    5.95588994026
2111    6.00380396843
2122    6.04135799408
2123    6.0724799633
2126    6.10616397858
2126    6.13988089561
2121    6.16867804527
2121    6.20254087448
2126    6.22635197639
2114    6.26017093658
2126    6.29042100906
2126    6.33377790451
2182    6.37205004692
2132    6.41502285004
2178    6.45820498466
2132    6.4964029789
2142    6.52548885345
2134    6.55779600143
2127    6.60010695457
2142    6.63505387306
2139    6.67342305183
2144    6.70932388306
2131    6.75778388977
2134    6.79661989212
2125    6.83991289139
2134    6.87837290764
2134    6.91658687592
2136    6.94922184944
2141    6.98207998276
2141    7.01544690132
2142    7.05897402763
2130    7.09694385529
2136    7.13299608231
2138    7.1646630764
2135    7.19779396057
2137    7.25395607948
2137    7.2917869091
2126    7.29994106293
2135    7.33261203766
0    7.35987401009
2132    7.372590065
2145    7.40271496773
2190    7.4459939003
2142    7.4540169239
2130    7.48753595352
2134    7.5110449791
2142    7.54935097694
2132    7.578125
2126    7.61146402359
2145    7.65461802483
2132    7.69777798653
2149    7.73452591896
2133    7.76541686058
2132    7.79735589027
2133    7.84044384956
2181    7.87129402161
2131    7.91428995132
2140    7.95497989655
2141    7.97885107994
2175    8.01186800003
2138    8.0537610054
2137    8.08222293854
2130    8.11822795868
2175    8.14649796486
2134    8.17997598648
2138    8.21097993851
2145    8.24551796913
2136    8.28461503983
2140    8.32401394844
2145    8.36365389824
2146    8.39819407463
2140    8.4228579998
2133    8.45794200897
2141    8.48796987534
2142    8.52074098587
2130    8.56407284737
2131    8.59976005554
2131    8.63651990891
2135    8.68004202843
2139    8.70674395561
2137    8.73959898949
2175    8.77843999863
2137    8.81565785408
2160    8.85903286934
2120    8.89725899696
2120    8.92545795441
2122    8.96088504791
2116    8.99161887169
2120    9.02719092369
2117    9.0628619194
2129    9.09852004051
2130    9.1294760704
2126    9.16014099121
2120    9.19198107719
2125    9.22412896156
2117    9.27297401428
2109    9.30628395081
2110    9.35960102081
2125    9.39760494232
2124    9.43435788155
2111    9.47622895241
2105    9.51315999031
2104    9.55624985695
2110    9.58492898941
2104    9.61861300468
2106    9.64917206764
2100    9.677298069
2106    9.7105820179
2106    9.73869395256
2098    9.77170395851
2101    9.81518006325
2104    9.84891104698
2100    9.88226103783
2100    9.92808103561
2153    9.96591186523
2099    10.0093710423
2093    10.0463850498
2148    10.0749878883
2156    10.1108269691
2108    10.1418790817
2137    10.1737849712
2095    10.2106978893
2095    10.2405488491
2085    10.275441885
2140    10.3021600246
2086    10.3343780041
2076    10.3778688908
2069    10.4161858559
2110    10.4449729919
2073    10.4778010845
2072    10.5067009926
2066    10.5398309231
2078    10.57853508
2069    10.6125149727
2070    10.6493470669
2107    10.6811609268
2061    10.7128739357
2096    10.759706974
2055    10.7847578526
2053    10.8181939125
2058    10.8491609097
2061    10.8834350109
2062    10.9228880405
2031    10.9613819122
2040    10.9927690029
2044    11.0233399868
2038    11.0588760376
2042    11.0882098675
2030    11.1309709549
2043    11.1552519798
2043    11.1922080517
2018    11.2305629253
2028    11.2654788494
2024    11.306208849
2027    11.3329720497
2032    11.3649048805
2021    11.3987050056
2019    11.4375
2022    11.474629879
2001    11.5128979683
2012    11.5421378613
2012    11.5770728588
1997    11.6034669876
1997    11.6369240284
2013    11.6775970459
1994    11.7160990238
1991    11.7585048676
1994    11.7866430283
1991    11.8198678493
1989    11.863476038
1990    11.9068129063
1976    11.9442639351
1984    11.9747879505
2022    12.0060460567
1978    12.0478210449
1967    12.0859758854
1981    12.1289548874
1960    12.1535730362
1964    12.1849479675
1951    12.2170739174
1968    12.2509438992
1966    12.2847840786
1966    12.3086328506
1964    12.3446800709
1950    12.3829610348
1942    12.4087388515
1945    12.4421639442
1944    12.4701700211
1942    12.5032219887
1944    12.537886858
1939    12.5726258755
1950    12.6121850014
1950    12.6367919445
1948    12.6713678837
1943    12.7244820595
1972    12.7569630146
1938    12.7968430519
1937    12.8217380047
1973    12.8583409786
1927    12.8996050358
1933    12.9426500797
1934    12.9682939053
1920    13.0062329769
1977    13.0445389748
1911    13.0879249573
1903    13.1261649132
1908    13.1698219776
1912    13.2131400108
1914    13.2512969971
1913    13.2951450348
1915    13.3327569962
1914    13.3646988869
1910    13.3974809647
1911    13.4402289391
1911    13.4669799805
1892    13.500551939
1901    13.5317630768
1900    13.5696110725
1895    13.6129059792
1900    13.6437530518
1906    13.6744990349
1899    13.70480299
1900    13.7408180237
1942    13.7793588638
1894    13.8073740005
1895    13.847440958
1892    13.880646944
1901    13.9178218842
1924    13.9589149952
1884    13.9971208572
1927    14.0282020569
1884    14.0619699955
1882    14.0901288986
1884    14.1339418888
1886    14.1624889374
1880    14.2010879517
1878    14.2355799675
1880    14.2790839672
1879    14.3151950836
1861    14.3485450745
1864    14.3920850754
1863    14.435708046
1863    14.4691369534
1863    14.5061738491
1855    14.5492219925
1861    14.5842969418
1862    14.6176080704
1864    14.661053896
1855    14.6993448734
1871    14.7412149906
1863    14.7784318924
1861    14.8133599758
1871    14.8406720161
1866    14.884057045
1859    14.9269390106
1865    14.9655199051
1848    14.9936139584
1844    15.0257558823
1846    15.0581319332
1842    15.0910439491
1837    15.1334130764
1843    15.1804490089
1848    15.213561058
1844    15.2418329716
1894    15.2777819633
1843    15.3051939011
1838    15.3369650841
1848    15.3705458641
1838    15.3990159035
1890    15.4325249195
1851    15.4727540016
1840    15.5110330582
1843    15.5569238663
1841    15.5844819546
1845    15.6176528931
1845    15.645539999
1841    15.6788928509
1847    15.7071740627
1846    15.7548089027
1848    15.7932019234
1849    15.8412978649
1850    15.8833079338
1852    15.9153430462
1838    15.957805872
1840    16.001116991
1837    16.0385389328
1852    16.0694220066
1854    16.101140976
1846    16.1332669258
1850    16.1648380756
1836    16.202657938
1850    16.2508990765
1851    16.2815449238
1840    16.3096878529
1843    16.3438429832
1851    16.3749899864
1854    16.4055349827
1846    16.4381639957
1852    16.4669530392
1845    16.4978380203
1845    16.5265169144
1848    16.5699369907
1848    16.5977320671
1842    16.6367399693
1839    16.6687719822
1844    16.7020959854
1848    16.7354359627
1914    16.7689008713
1873    16.7928080559
1864    16.8301520348
1855    16.8734579086
1867    16.9072759151
1917    16.9469189644
1867    16.9853830338
1864    17.0172889233
1867    17.0558450222
1860    17.0887649059
1865    17.137130022
1864    17.1702170372
1864    17.2019779682
1868    17.2337999344
1855    17.2684779167
1880    17.3103640079
1933    17.3462040424
1888    17.3790929317
1887    17.4277029037
1928    17.4611299038
1880    17.4897658825
1887    17.5316419601
1883    17.5643110275
1928    17.5963549614
1881    17.6254849434
1884    17.6647160053
1876    17.7096400261
1888    17.7396230698
1880    17.7716078758
1890    17.8034169674
1899    17.8361239433
1898    17.8688499928
1942    17.9128260612
1898    17.951333046
1896    17.9949588776
1900    18.0219039917
