2037    0.0490691661835
2039    0.0879080295563
2038    0.11551618576
2037    0.149625062943
2027    0.184109210968
2027    0.227941989899
2059    0.275190114975
2056    0.30951499939
2054    0.345159053802
2053    0.384103059769
2063    0.423038005829
2103    0.455440044403
2056    0.487770080566
2052    0.530772209167
2060    0.573116064072
2049    0.612013101578
2051    0.655489206314
2043    0.700772047043
2054    0.728134155273
2046    0.76159119606
2055    0.793886184692
2052    0.837244033813
2058    0.881328105927
2057    0.907284021378
2053    0.939918994904
2051    0.967993021011
2056    1.00189399719
2060    1.03748106956
2056    1.08327412605
2053    1.12118315697
2061    1.15196919441
2054    1.18502616882
2052    1.2132601738
2062    1.24656915665
2057    1.27419400215
2060    1.3065431118
2053    1.33560299873
2054    1.36961197853
2061    1.4131231308
2046    1.44672012329
2045    1.47543406487
2062    1.50714111328
2055    1.54008102417
2053    1.57807397842
2052    1.61252117157
2051    1.64103198051
2061    1.67471504211
2057    1.71764111519
2049    1.76162314415
2051    1.805945158
2046    1.85019612312
2056    1.89288520813
2056    1.92726206779
2048    1.95986318588
2052    1.98875308037
2052    2.02539205551
2049    2.06446814537
2049    2.10724616051
2052    2.15134000778
2057    2.18987417221
2058    2.22969198227
2052    2.26698803902
2054    2.31061315536
2061    2.34854912758
2057    2.38663220406
2059    2.42043113708
2050    2.45238804817
2053    2.48493504524
2056    2.51741409302
2057    2.5449051857
2055    2.58840608597
2047    2.61637306213
2093    2.64938497543
2102    2.67988014221
2053    2.71255517006
2099    2.75671005249
2054    2.79533004761
2051    2.82836699486
2056    2.85953211784
2056    2.89582514763
2051    2.9320909977
2061    2.97316598892
2060    2.99948310852
2053    3.03380203247
2052    3.07352304459
2050    3.12259221077
2054    3.15521001816
2053    3.18903398514
2053    3.22283816338
2056    3.2536380291
2055    3.29746103287
2054    3.32755208015
2054    3.37120819092
2048    3.41654205322
2057    3.45741915703
2049    3.49618315697
2102    3.53512001038
2096    3.57842898369
2048    3.62258410454
2055    3.65823698044
2048    3.69125413895
2062    3.72226309776
2053    3.7501502037
2060    3.78742599487
2041    3.82949018478
2063    3.86003899574
2041    3.90397405624
2063    3.93010306358
2046    3.96299099922
2033    3.99517607689
2036    4.03912615776
2044    4.06476998329
2032    4.09858202934
2088    4.13638114929
2038    4.16555714607
2039    4.19954204559
2044    4.23590517044
2033    4.2755010128
2043    4.30645799637
2040    4.33750915527
2043    4.36816716194
2035    4.39720201492
2081    4.43317008018
2083    4.46154308319
2042    4.50011301041
2037    4.52858805656
2037    4.55983805656
2029    4.60496020317
2027    4.64239311218
2029    4.67079901695
2039    4.70382905006
2077    4.73431921005
2032    4.767786026
2033    4.80574512482
2041    4.84328603745
2038    4.88734316826
2038    4.92513012886
2043    4.95597910881
2037    4.99446320534
2033    5.03485012054
2026    5.07833003998
2068    5.11157202721
2024    5.14281320572
2019    5.18642616272
2020    5.22920918465
2026    5.26831412315
2028    5.29722499847
2021    5.33153510094
2021    5.37056612968
2071    5.4024541378
2026    5.43463110924
2024    5.46816706657
2024    5.49654197693
2067    5.54047608376
2013    5.58530020714
2023    5.63925218582
2014    5.67314219475
2023    5.71216416359
2023    5.74619102478
2019    5.78020811081
2013    5.81463098526
2020    5.85364699364
2021    5.89750909805
2020    5.93489003181
2015    5.97885513306
2025    6.02630901337
2027    6.06962513924
2018    6.10836720467
2003    6.15202617645
2050    6.19609212875
1999    6.23553109169
1999    6.26957798004
1998    6.30396819115
2000    6.34765815735
2011    6.37337899208
2004    6.40700316429
2009    6.45103406906
2003    6.5000910759
2004    6.52764010429
2002    6.56011009216
2008    6.59307909012
2012    6.62431120872
2004    6.66702604294
1997    6.71086597443
2000    6.73394203186
2003    6.77428913116
1998    6.81215405464
2012    6.8508310318
2003    6.87951207161
2010    6.91558098793
2011    6.95146417618
2005    6.98313713074
2013    7.02759599686
2056    7.0664741993
2007    7.10901403427
2041    7.15121603012
1984    7.19030213356
1995    7.22890400887
1991    7.26516318321
1987    7.29935002327
1982    7.34199714661
2037    7.38012599945
2044    7.41308307648
1995    7.44161701202
1994    7.48103904724
1989    7.52814102173
1990    7.55744099617
1992    7.59148406982
1988    7.63064813614
1986    7.66028118134
1989    7.68936800957
1989    7.72545218468
1981    7.76692509651
1988    7.80958914757
1991    7.83912611008
1981    7.87864518166
1990    7.90338897705
1990    7.93807506561
1976    7.98184299469
1978    8.0144469738
2014    8.05213403702
1974    8.08476805687
1975    8.11250805855
2021    8.14511609077
1970    8.177932024
1984    8.20921301842
1969    8.24529099464
1969    8.27644300461
1970    8.30550503731
1977    8.33856916428
1974    8.37114715576
2016    8.41588115692
1968    8.45341920853
2028    8.49511814117
2021    8.53917717934
1966    8.58300304413
1968    8.62039613724
1981    8.66179299355
1980    8.68692111969
1969    8.7196969986
1966    8.76165604591
1979    8.7963180542
1984    8.82278513908
1973    8.8545691967
1980    8.88641619682
1972    8.91804909706
1972    8.96133613586
1970    9.00709605217
1969    9.05271315575
1973    9.09036302567
1973    9.13416314125
1959    9.16668105125
1974    9.20398712158
1981    9.22972011566
1963    9.265376091
1957    9.30401515961
1957    9.33466219902
1975    9.36327314377
1969    9.4062230587
1962    9.44598913193
1967    9.47426605225
1951    9.51873016357
1956    9.56678700447
1962    9.60002207756
1960    9.64412999153
1959    9.68304800987
2002    9.72721815109
1957    9.76591300964
1951    9.79313015938
1960    9.83735013008
1959    9.87539815903
2007    9.91807198524
1960    9.95114517212
1953    9.98807001114
1960    10.0264031887
1968    10.065639019
1962    10.1030521393
1961    10.1667010784
1961    10.1991372108
1963    10.2020690441
1961    10.2478721142
1959    10.2919461727
1963    10.3183701038
1953    10.3667821884
1998    10.4032320976
1957    10.4321630001
1965    10.468334198
1951    10.4977931976
1953    10.5419251919
1956    10.5859720707
2001    10.6196529865
1964    10.6738271713
1959    10.7079131603
1964    10.7441911697
1960    10.7816112041
1964    10.8152132034
1957    10.8598310947
1957    10.8991391659
1958    10.9415240288
1963    10.9660019875
2011    11.0018110275
1958    11.0299592018
1961    11.067453146
1958    11.1135840416
1957    11.1519720554
1965    11.181951046
1960    11.2167980671
1966    11.2469141483
1957    11.2769970894
1960    11.3073050976
1959    11.3516080379
2003    11.3907740116
1950    11.4337379932
1955    11.475135088
1959    11.5134210587
1954    11.5575740337
1955    11.5963811874
1960    11.6281850338
2006    11.6722381115
1961    11.7112140656
1950    11.7502222061
1965    11.7805221081
1951    11.8093521595
1948    11.8523650169
1956    11.8864300251
1956    11.9303410053
2001    11.957611084
1958    11.9907491207
1962    12.0230941772
1958    12.0619471073
1962    12.098334074
2005    12.1367380619
1964    12.1700000763
1951    12.2187850475
1961    12.2671949863
1951    12.3013391495
1961    12.3336350918
1968    12.3726341724
1961    12.4017510414
1958    12.4395651817
1955    12.470151186
1966    12.5003662109
1957    12.5291831493
1960    12.5625770092
1961    12.6057031155
1960    12.6544680595
1958    12.6868760586
1969    12.7243850231
1968    12.7493519783
1958    12.7840480804
1964    12.8141670227
1966    12.8495950699
1961    12.8867740631
1958    12.9157500267
1953    12.9497292042
1961    12.9932060242
1957    13.0321791172
1962    13.0698120594
1961    13.1032631397
1960    13.137373209
1955    13.1662430763
1956    13.200191021
1955    13.2443091869
1962    13.2709290981
1950    13.3052611351
1951    13.3442862034
1960    13.384278059
1982    13.4096341133
1969    13.4434461594
2013    13.4758841991
1972    13.5247499943
1975    13.5637440681
1975    13.597784996
1976    13.6365110874
1972    13.6695029736
1972    13.7035319805
1972    13.7377660275
1975    13.7824990749
1971    13.8216311932
1974    13.8690471649
2013    13.8978981972
1974    13.9353291988
1971    13.9625101089
1966    13.9985620975
1984    14.0247211456
1981    14.0601141453
1970    14.0908091068
1973    14.1235899925
1973    14.1613531113
2018    14.2085881233
1979    14.2512340546
1979    14.2900340557
1969    14.3337910175
1973    14.3680319786
2020    14.3971350193
2020    14.4310591221
1973    14.4648861885
1974    14.5082170963
1977    14.5379350185
1972    14.5816020966
1980    14.6306400299
2016    14.669560194
1973    14.7032151222
1973    14.7471420765
1988    14.7849969864
1966    14.8284130096
1971    14.8567080498
1988    14.9003090858
1987    14.9391040802
1990    14.9731969833
2036    15.0173280239
1989    15.0659000874
1996    15.0999720097
1984    15.1278471947
1987    15.1766061783
1985    15.2145102024
1981    15.2467861176
1987    15.290222168
1989    15.3327050209
1995    15.3769481182
1997    15.4156141281
1992    15.4548811913
1998    15.4929940701
1999    15.5223460197
1986    15.5588140488
1989    15.6102859974
1998    15.6461880207
1991    15.6802082062
1997    15.7109661102
1993    15.7419760227
1997    15.7721841335
1989    15.8010661602
1997    15.8404250145
2013    15.8665411472
2011    15.9027349949
2006    15.9288392067
2010    15.9647791386
2005    15.9961590767
2008    16.0351641178
2008    16.0776600838
2003    16.1349880695
2052    16.167509079
2011    16.2000150681
2007    16.2325739861
2012    16.265032053
2007    16.2928051949
2012    16.323636055
2006    16.3551781178
2002    16.3975939751
2003    16.4410741329
2004    16.4801402092
1996    16.523717165
1997    16.5653181076
2044    16.6043140888
2004    16.6468150616
2004    16.6848771572
2009    16.7161560059
2012    16.7498910427
2004    16.7890541553
2006    16.8193621635
2016    16.8594801426
2022    16.8982160091
2026    16.9369671345
2020    16.9658031464
2015    17.007196188
2019    17.0399770737
2021    17.0842521191
2024    17.1239011288
2022    17.1676590443
2029    17.1916999817
2031    17.2307641506
2028    17.2748031616
2023    17.3093750477
2023    17.3436560631
2023    17.3775510788
2029    17.4056811333
2021    17.4388611317
2026    17.473664999
2018    17.5121660233
2036    17.5444090366
2030    17.5885941982
2036    17.632256031
2033    17.6675059795
2034    17.7052869797
2035    17.7399361134
2035    17.7685880661
2040    17.8056709766
2038    17.8319830894
2035    17.8648071289
2034    17.8933501244
2043    17.9293920994
2036    17.9730820656
2034    18.0104210377
