0    0.00574898719788
2074    0.0583639144897
2066    0.0911159515381
2072    0.11545586586
2067    0.13898897171
2076    0.162067890167
2073    0.184989929199
2073    0.20299077034
2070    0.231018781662
2072    0.274033784866
2062    0.281792879105
2072    0.30445098877
0    0.337403774261
2068    0.340125799179
2073    0.36273598671
2073    0.405728816986
2069    0.433435916901
2062    0.467683792114
2079    0.499336957932
2070    0.543516874313
2073    0.582420825958
2073    0.621285915375
2072    0.668300867081
2072    0.71552491188
2118    0.769355773926
2062    0.81299996376
2072    0.851838827133
2070    0.883358955383
2068    0.927306890488
2078    0.966310977936
2079    1.0101518631
2064    1.05382585526
2070    1.09440588951
2070    1.12795996666
2073    1.16051387787
2072    1.20306777954
2072    1.23620080948
2073    1.26964592934
2070    1.31211590767
2076    1.34168696404
2077    1.37121486664
2078    1.40567398071
2071    1.44006085396
2076    1.46443581581
2078    1.49881792068
2073    1.52831077576
2117    1.56780791283
2072    1.60226798058
2070    1.64552688599
2111    1.68463993073
2065    1.72862386703
2069    1.76237392426
2069    1.79143381119
2070    1.82567882538
2118    1.86098599434
2071    1.89841198921
2071    1.92987394333
2079    1.97174096107
2072    2.01591992378
2066    2.04940581322
2079    2.08579897881
2078    2.12454986572
2072    2.1678647995
2053    2.21190595627
2050    2.25893783569
2046    2.2923438549
2046    2.32581591606
2097    2.36429786682
2047    2.39273881912
2057    2.43119883537
2055    2.46973085403
2064    2.49325680733
2053    2.53189897537
2044    2.56027889252
2095    2.59360289574
2098    2.62240886688
2057    2.66752696037
2055    2.70654988289
2055    2.73562288284
2111    2.78390979767
2056    2.82615399361
2054    2.8651509285
2054    2.90731096268
2063    2.93595290184
2057    2.96957683563
2062    3.00005483627
2098    3.03064084053
2050    3.0597038269
2051    3.11145687103
2058    3.1536719799
2044    3.17976498604
2042    3.21099495888
2050    3.24761199951
2043    3.27386283875
2088    3.32326889038
2053    3.38102984428
2047    3.41860079765
2035    3.44746494293
2051    3.49182987213
2046    3.51628088951
2048    3.55079388618
2041    3.58023190498
2037    3.61976885796
2089    3.65468883514
2030    3.68389987946
2077    3.71727895737
2039    3.76109099388
2036    3.79863786697
2030    3.84587287903
2043    3.88474583626
2033    3.9226667881
2032    3.95445895195
2026    3.98826694489
2035    4.02689790726
2035    4.07055687904
2085    4.11454200745
2039    4.15307784081
2033    4.19613194466
2083    4.2294588089
2043    4.2617418766
2035    4.30613088608
2041    4.34445095062
2089    4.38892793655
2020    4.42649579048
2083    4.46941995621
2024    4.51289081573
2024    4.5467748642
2023    4.57950782776
2023    4.63332390785
2016    4.67685198784
2019    4.71416378021
2019    4.75805497169
2026    4.79736280441
2019    4.84135389328
2026    4.88006496429
2021    4.92106795311
2015    4.95204496384
2019    4.98809981346
2024    5.02438187599
2020    5.05802989006
2077    5.093998909
2018    5.13005590439
2016    5.1602230072
2007    5.1955947876
2052    5.23871779442
2007    5.27759289742
2011    5.30852484703
2011    5.35594296455
2005    5.39526677132
2007    5.42891192436
2011    5.46320581436
2010    5.50222086906
2012    5.53387284279
2008    5.56498599052
2013    5.59632492065
2002    5.62887096405
2007    5.67274689674
2000    5.71031093597
2056    5.74983477592
2049    5.78249979019
2011    5.8254108429
1992    5.86451792717
1988    5.90261292458
1993    5.93502497673
1991    5.97876691818
1992    6.01766991615
1988    6.06175279617
1995    6.1093018055
1990    6.1364607811
2044    6.1717247963
2032    6.21584177017
2042    6.2410159111
1992    6.27472186089
1996    6.30874490738
2036    6.34785795212
1987    6.37999987602
1989    6.42319393158
1992    6.4645678997
1989    6.50871396065
1985    6.55313181877
1993    6.58735489845
1989    6.63147783279
1977    6.67047691345
1978    6.71270489693
1970    6.75181388855
1970    6.79386591911
1972    6.83685898781
1970    6.8753349781
1970    6.91802477837
1980    6.95705199242
1973    6.98559188843
1969    7.01915478706
1984    7.05505490303
1980    7.08363389969
1972    7.11755990982
1972    7.15041780472
2014    7.19747591019
1968    7.2354798317
1974    7.27415585518
2019    7.3075428009
2024    7.33630394936
1969    7.37585687637
1971    7.41954994202
1973    7.45887899399
2004    7.49132680893
1959    7.55181193352
1976    7.59053277969
1981    7.62293791771
1950    7.66692185402
2006    7.69372177124
1957    7.74764299393
1960    7.77625489235
1964    7.81359577179
1965    7.8428478241
1958    7.87584400177
1956    7.90379881859
1961    7.93168377876
1958    7.96465086937
1958    7.99752187729
1959    8.04099178314
2000    8.07998394966
1958    8.12391400337
1950    8.16114091873
1965    8.19290089607
2005    8.23632788658
2013    8.26364278793
1958    8.30247879028
1954    8.34552598
1957    8.37931680679
1965    8.41148996353
1962    8.44734883308
1964    8.48614478111
2011    8.5296998024
2004    8.57231497765
1955    8.61080479622
1965    8.64071798325
1960    8.670981884
1960    8.71498298645
1955    8.75378394127
1958    8.79757595062
1957    8.83569788933
1959    8.86878180504
1951    8.91264081001
1958    8.9399459362
1961    8.97185087204
1959    9.01559495926
1966    9.04179883003
1950    9.07786488533
1963    9.1139819622
2003    9.15088295937
1940    9.18196296692
1940    9.21477079391
1953    9.24605584145
1942    9.27866697311
1944    9.31035089493
1942    9.34778285027
1942    9.39607596397
1946    9.42698287964
1949    9.46664595604
1943    9.4910337925
1950    9.52735280991
1948    9.55830693245
1951    9.59075498581
1942    9.62329483032
1948    9.65424489975
1941    9.68637990952
1984    9.73028182983
1942    9.77319979668
1947    9.80664491653
1942    9.85022878647
1945    9.87588381767
1947    9.91181278229
1946    9.94417095184
1945    9.98693180084
1952    10.0174329281
1944    10.0480978489
1949    10.0792667866
1941    10.1076848507
1941    10.1413788795
1938    10.1796319485
1987    10.2183599472
1936    10.2571599483
1936    10.2982239723
1937    10.3284778595
1951    10.3640859127
1945    10.4021389484
1934    10.433426857
1943    10.4663059711
1985    10.4952828884
1993    10.5432767868
1950    10.5827260017
1946    10.6121838093
1990    10.6416599751
1951    10.6764509678
1946    10.7150428295
1951    10.7452008724
1941    10.7748069763
1940    10.8284127712
1944    10.8574168682
1987    10.8951649666
1940    10.9326469898
1948    10.9721689224
1996    11.00780797
1945    11.0419828892
1954    11.0806667805
1950    11.1175220013
1961    11.1565217972
1999    11.1839888096
1950    11.2164709568
1961    11.2491078377
1959    11.2917079926
1961    11.3241529465
1943    11.3667469025
1959    11.4044849873
1957    11.4370508194
1958    11.4811677933
1959    11.5185978413
1957    11.5524609089
1961    11.5910148621
1958    11.6239299774
2003    11.6674809456
1951    11.7109568119
1968    11.7543478012
1960    11.7995707989
2008    11.8335340023
1968    11.8708879948
1954    11.9041488171
1961    11.9381418228
1957    11.9661178589
1958    12.000264883
1958    12.0296700001
1958    12.063792944
1961    12.0922248363
1957    12.1344509125
1959    12.1735208035
1968    12.2176439762
2015    12.2567389011
1969    12.2889089584
1958    12.3164668083
1958    12.3496959209
1957    12.3824567795
1955    12.4148039818
2012    12.4449019432
1957    12.4805338383
1960    12.5247459412
1955    12.5678119659
1959    12.6116299629
1958    12.6453847885
1969    12.6818079948
1968    12.7096738815
1955    12.7424528599
2012    12.7739608288
1980    12.8049998283
1982    12.8362829685
2015    12.8639769554
1981    12.9046759605
1984    12.9485878944
1976    12.982601881
1975    13.0116248131
2020    13.0454549789
1972    13.0789148808
1971    13.1114518642
1973    13.1555349827
1969    13.1947097778
1980    13.225481987
1971    13.2710587978
1969    13.3133327961
1973    13.3470637798
1974    13.3791999817
2027    13.4357008934
2027    13.4745378494
1971    13.4832558632
1974    13.5091459751
2026    13.5396277905
1973    13.5548808575
1971    13.5747418404
0    13.6052939892
1971    13.6125619411
1980    13.6445419788
1976    13.6767938137
1976    13.7087688446
1976    13.7528979778
1991    13.7972028255
1989    13.835600853
1992    13.867347002
1990    13.9116199017
1993    13.9506828785
2039    13.9945809841
1985    14.0337088108
1995    14.0776638985
1989    14.1216449738
1997    14.169656992
1999    14.2120418549
1989    14.2414147854
1983    14.2708599567
1995    14.3052489758
1998    14.3396759033
1994    14.3791818619
1996    14.4135727882
1999    14.4379138947
1989    14.4726109505
1996    14.5022208691
1986    14.5314948559
1993    14.5578827858
1996    14.5931639671
1988    14.6308629513
1984    14.6752488613
1997    14.7013819218
1988    14.7348709106
2005    14.7683448792
1989    14.7918047905
1984    14.8256897926
2007    14.8700129986
2007    14.9094929695
2007    14.9533917904
2008    14.9917228222
2007    15.0220069885
2014    15.0544948578
1997    15.0983219147
2004    15.1247489452
2010    15.1586208344
2002    15.1880049706
2053    15.2311029434
2009    15.2588098049
2008    15.2866959572
2010    15.3211038113
2012    15.3599729538
2004    15.3886609077
2006    15.4224410057
2061    15.4576048851
2008    15.4968287945
2004    15.5357129574
1996    15.584446907
2005    15.6272938251
2021    15.6663269997
2004    15.7101647854
2020    15.7491037846
2027    15.7928788662
2005    15.8368639946
2024    15.8752048016
2031    15.9024147987
2069    15.9358758926
2025    15.9840509892
2014    16.0171368122
2029    16.0516648293
2068    16.0787279606
2031    16.1255078316
2020    16.1584608555
2014    16.2024638653
2019    16.2410488129
2020    16.2720468044
2028    16.3074147701
2021    16.3463718891
2074    16.3850619793
2016    16.4172949791
2023    16.4459819794
2019    16.485491991
2021    16.5183229446
2019    16.5513429642
2021    16.5954239368
2020    16.6432960033
2019    16.674587965
2027    16.7080388069
2020    16.7364749908
2084    16.7698578835
2041    16.8011748791
2040    16.8445048332
2036    16.8775639534
2040    16.914274931
2039    16.9484019279
2037    16.9960038662
2038    17.0352518559
2036    17.0748479366
2040    17.1065359116
2039    17.1508588791
2079    17.1898419857
2032    17.2335278988
2032    17.2694787979
2031    17.3055379391
2047    17.336566925
2039    17.3677399158
2038    17.4097678661
2093    17.4426558018
2034    17.4865679741
2035    17.5203528404
2056    17.5567779541
2046    17.5897297859
2056    17.6377398968
2047    17.6816968918
2058    17.7354049683
2050    17.7693049908
2053    17.8055768013
2065    17.8329048157
2062    17.8640458584
2054    17.892056942
2051    17.9306139946
2052    17.9559648037
2056    17.9883139133
2055    18.021365881
