-9.372053980912567733e-04 1.738498997891334552e+00 -2.805199248687910152e-01 9.260747670828255174e-02 -1.274175690231559854e-01 2.949799130077626619e-01 6.175634877416045360e-03
2.335266398680999056e-02 1.850345442058901391e+00 -1.867777144681384838e-01 -4.017907857413960393e-02 -3.694943878066561660e-01 2.289702720400069447e-01 5.722984726774391941e-03
1.215439804578132416e-01 7.932399377882578539e-01 -1.511848526854362162e-01 -6.379130357211135888e-03 -2.135617067873435138e-01 2.281511728830165064e-01 -4.556745967655324858e-03
1.891444680597320349e-01 -2.039084462356746119e+00 -5.866089514063562715e-01 6.002783696529397084e-02 1.074621533252850147e+00 4.414128981931665918e-01 5.394446218871433718e-01
-7.686409361385015959e-02 -1.013284142986531133e+00 -3.855498571905802696e-01 -1.374351827483885624e-01 8.315121557395268592e-01 5.353202297731661785e-01 1.047046235267048570e-01
-1.749034163276549092e-01 -6.787392556369429286e-01 -3.810966194698698906e-01 5.827691723408047475e-02 4.662376108939531583e-01 3.247557411791360260e-01 1.388083883369729300e-02
3.333822897933954588e-01 6.524370634104764699e-02 -2.277084787377460229e-01 2.317711364628110421e-02 2.930194126797845411e-01 3.287212200025184661e-01 3.909430947661956535e-01
-1.094444989938901380e-01 2.828122565654919152e-01 -2.958361446452513754e-01 -2.045496684748341343e-01 1.642358240759630716e-01 1.930849946751248825e-01 -2.634195892309571484e-03
-8.247877405072298607e-02 -7.246167585988388948e-02 -3.183608929077287319e-01 1.011749708477871629e-01 4.457420322137162216e-01 4.536815413883892867e-01 -7.661621384179059802e-02
-1.890322857347665753e-01 -1.522842557473671476e+00 -6.449855364368297650e-01 3.364089574063235943e-01 9.299725549353348164e-01 6.815877447773158737e-01 -4.635176270902068019e-02
5.035167308976090661e-02 -7.360055081370625585e-01 -4.849704258444890170e-01 2.860035562813122434e-01 7.573500661870952166e-01 4.771596268876582836e-01 1.434975206227862184e-02
1.646535241879076850e-01 -7.226306173605406835e-01 -4.318364655423817533e-01 -1.217275599635147115e-01 3.692992494030131745e-01 3.560602941465070281e-01 8.958233752960201302e-02
-2.320493923314237150e-01 2.943849276714327612e-01 -4.357056846770896996e-01 4.510825431951121511e-01 3.089488971647732507e-01 4.325026439487244523e-01 -2.429873373481460097e-01
-2.342320161776527965e-01 1.206624670899571594e+00 -2.288240364331498855e-01 -2.604164295586393063e-01 1.281421290194587927e-02 2.802877362080778423e-01 -3.841929678379731317e-01
3.021309261122185341e-01 1.335422556476464351e+00 -9.832423687501198883e-02 3.834603410642492549e-01 -2.741055453316616486e-01 1.663190899874562312e-01 -1.474048620385849488e-02
-2.340428248923276111e-01 1.384697403234262492e+00 -3.324479795542245042e-01 -1.187014994119883482e-01 -7.240835333512582461e-02 2.225276223226022310e-01 -2.154373463705798741e-01
-3.567182760499242045e-02 -3.172801007174972376e-01 -5.970445976063706306e-01 -1.945691926109859027e-01 7.243410084709148711e-01 4.351153409782013703e-01 -1.578376844045822625e-01
1.385578738964657608e-01 2.279114151494103235e-01 -4.475658437388582711e-01 -4.315318645142692255e-01 4.121235437436582827e-01 4.059176659564733836e-01 1.068052812027626974e-01
1.218144649934520263e-01 7.147888898590404327e-01 -4.006736742526099682e-01 -2.831630951555454412e-01 7.102368645260249969e-02 3.802760114783491630e-01 2.977050972867449977e-02
7.098692323540603533e-02 1.601563270045487375e-01 -2.206864080268975126e-01 -1.258213567068162952e-01 -6.158746598989563170e-02 2.197800938698415973e-01 1.527638740875660213e-02
