692    0.0379559993744
735    0.0762047767639
667    0.119261980057
722    0.161844968796
760    0.199175834656
688    0.235116958618
724    0.288668870926
678    0.33211183548
666    0.370413780212
683    0.408702850342
715    0.437444925308
701    0.471280813217
667    0.504151821136
667    0.533305883408
629    0.566015958786
684    0.609516859055
785    0.656553983688
735    0.698753833771
671    0.723164796829
709    0.756239891052
699    0.793074846268
703    0.831206798553
728    0.861960887909
696    0.895454883575
723    0.933506965637
703    0.965555906296
663    1.00812196732
719    1.03656196594
717    1.06953597069
735    1.11314487457
666    1.1567709446
720    1.19897699356
773    1.22319698334
767    1.25742888451
738    1.28917479515
751    1.33162093163
718    1.37433600426
734    1.45073890686
734    1.49358582497
793    1.4955508709
668    1.52809786797
0    1.57097887993
733    1.57926487923
735    1.60993599892
0    1.64201283455
733    1.64966893196
767    1.67164778709
0    1.70415091515
767    1.71576189995
770    1.7515308857
771    1.79191589355
717    1.80420899391
785    1.83223700523
0    1.86774778366
734    1.8757917881
718    1.90334200859
719    1.93327784538
787    1.94325590134
739    1.96348381042
0    2.01174688339
790    2.01997089386
829    2.05275297165
0    2.08598279953
729    2.09398698807
754    2.12547779083
751    2.16523885727
771    2.21160793304
787    2.24836778641
783    2.29009389877
767    2.32709479332
805    2.37072300911
787    2.39878177643
846    2.4321269989
736    2.48021793365
735    2.51623797417
831    2.55943799019
750    2.59752297401
749    2.6297929287
786    2.6732108593
769    2.70022797585
826    2.72856283188
756    2.77609395981
753    2.81422686577
753    2.84244394302
754    2.88129591942
772    2.90513300896
719    2.93926000595
764    2.98752093315
753    3.02554583549
751    3.05429077148
775    3.08857488632
837    3.12717986107
857    3.16029596329
860    3.19109082222
802    3.23430991173
794    3.26537394524
746    3.30874896049
807    3.3520898819
804    3.39512777328
807    3.43324780464
770    3.4649939537
767    3.50827479362
753    3.550812006
756    3.57678079605
752    3.61499500275
787    3.6629447937
787    3.69476294518
785    3.73802089691
841    3.76907396317
748    3.79704093933
763    3.83394384384
700    3.8640768528
769    3.90722680092
802    3.93358683586
753    3.96670389175
845    4.01430177689
769    4.05132389069
804    4.08957386017
804    4.12057185173
799    4.15229988098
901    4.19185495377
787    4.21927881241
803    4.25310182571
806    4.28682494164
825    4.33092594147
806    4.35795879364
867    4.40161895752
757    4.43138098717
843    4.47409200668
877    4.51727294922
812    4.55420088768
799    4.58727884293
770    4.63056778908
804    4.6735329628
799    4.71653199196
766    4.76429891586
734    4.8074297905
769    4.8481669426
786    4.87886691093
750    4.90948081017
858    4.9500849247
828    4.9914598465
828    5.04973292351
821    5.05772280693
788    5.0895857811
861    5.1330177784
821    5.1763279438
839    5.21405887604
824    5.24225592613
877    5.27903079987
878    5.30548191071
880    5.33717489243
827    5.37860178947
858    5.40666294098
803    5.44989085197
831    5.49402284622
857    5.53074598312
843    5.56380295753
838    5.60696387291
900    5.63375782967
842    5.66671586037
753    5.69491291046
754    5.73624587059
803    5.78071379662
827    5.81886386871
826    5.8497068882
751    5.88557291031
799    5.91689491272
840    5.95527100563
860    5.98505687714
846    6.02022886276
749    6.05881285667
841    6.10701298714
858    6.14810085297
859    6.18548083305
829    6.21756482124
783    6.26061582565
824    6.30054283142
805    6.33050990105
789    6.36289000511
826    6.40573096275
804    6.43546199799
843    6.46360778809
836    6.49715280533
786    6.55762600899
786    6.59141778946
838    6.60026597977
808    6.6341919899
0    6.66827082634
887    6.67373895645
844    6.70369195938
0    6.74666881561
829    6.74941396713
788    6.77707386017
790    6.82057189941
756    6.85770988464
792    6.89187097549
826    6.92611598969
839    6.96445083618
786    7.01219391823
826    7.04978084564
868    7.0767788887
803    7.11021900177
752    7.14111590385
806    7.17106080055
846    7.20234179497
787    7.24581599236
802    7.28888177872
807    7.31413888931
799    7.34691882133
820    7.38482880592
803    7.4198949337
799    7.45482492447
805    7.48048782349
844    7.5135819912
789    7.56102490425
828    7.60428285599
828    7.64253091812
736    7.67324090004
844    7.70496797562
841    7.73560881615
782    7.77783799171
843    7.8084628582
813    7.83911180496
767    7.86694693565
788    7.90369391441
773    7.93048286438
767    7.97248792648
789    8.0092959404
860    8.05874991417
825    8.09169077873
805    8.12425684929
803    8.16376280785
785    8.19658994675
803    8.23253798485
846    8.27095389366
802    8.31421995163
716    8.35144877434
835    8.39496278763
799    8.4385509491
826    8.47147297859
824    8.50670099258
805    8.54109883308
788    8.5883128643
799    8.63120985031
770    8.66920685768
773    8.70150995255
783    8.72962284088
697    8.76628184319
782    8.80459594727
715    8.83791399002
827    8.87346291542
855    8.9108748436
823    8.95052289963
753    8.99020290375
770    9.01524186134
791    9.04847979546
784    9.0818939209
803    9.1204969883
814    9.15625977516
769    9.18199491501
781    9.21795487404
767    9.26365995407
803    9.30434179306
754    9.32991290092
757    9.37057685852
790    9.39550185204
787    9.43051481247
788    9.45924377441
798    9.50799894333
716    9.54600286484
765    9.58440995216
748    9.61785197258
825    9.649477005
767    9.69291877747
752    9.73669195175
789    9.77986097336
747    9.81820082664
767    9.8513739109
767    9.88878083229
767    9.92544198036
814    9.95652580261
767    9.99967288971
790    10.042580843
733    10.0836589336
736    10.1078288555
808    10.1502518654
763    10.1936178207
803    10.2320659161
732    10.2712979317
826    10.3047478199
792    10.3484477997
782    10.3917679787
748    10.4302339554
717    10.4735789299
767    10.5117149353
735    10.5467679501
772    10.5825388432
803    10.6140789986
751    10.650457859
750    10.6833708286
736    10.7170729637
757    10.7494177818
753    10.7927119732
771    10.8308138847
756    10.8612527847
754    10.8929247856
749    10.9209558964
799    10.9580090046
699    10.9962639809
762    11.0343518257
763    11.0694179535
734    11.1027109623
755    11.1385579109
760    11.1767399311
756    11.2079148293
737    11.2468187809
737    11.2807908058
700    11.3137350082
844    11.348790884
787    11.3849349022
733    11.4134027958
750    11.4505839348
830    11.4939727783
753    11.5374059677
750    11.5757579803
788    11.6190159321
733    11.6572189331
771    11.6839368343
718    11.7215838432
770    11.7596509457
721    11.8019318581
771    11.8351018429
757    11.8715779781
740    11.8979079723
735    11.9378039837
785    11.974064827
827    12.0176818371
719    12.0605108738
772    12.0990488529
805    12.1425089836
734    12.1808309555
752    12.2140209675
754    12.2602739334
734    12.2986710072
683    12.3367419243
773    12.3689658642
770    12.4123418331
768    12.4562749863
751    12.4840269089
749    12.522138834
771    12.5704298019
846    12.6036479473
781    12.6468448639
767    12.6898009777
750    12.7147469521
773    12.7471528053
767    12.7799668312
805    12.8098618984
751    12.8379669189
737    12.8745667934
786    12.9092597961
739    12.9341578484
734    12.9675879478
695    13.0111858845
748    13.0550398827
783    13.0938417912
748    13.1324288845
749    13.1763370037
719    13.2197608948
805    13.2581908703
732    13.301060915
767    13.3489258289
844    13.3825368881
793    13.4259078503
719    13.464373827
792    13.4926838875
755    13.5254259109
737    13.5621938705
686    13.5954649448
684    13.6290078163
803    13.6570188999
767    13.6999049187
751    13.7433168888
784    13.7859687805
823    13.8192198277
733    13.8559207916
754    13.9030637741
700    13.9401288033
809    13.9712719917
748    14.0145998001
802    14.0578999519
716    14.0843799114
767    14.1177618504
767    14.159637928
767    14.1979207993
698    14.2312870026
755    14.2746379375
828    14.3127698898
786    14.3437919617
769    14.3912158012
733    14.4346628189
733    14.4729259014
719    14.4995758533
749    14.5423460007
734    14.5854558945
734    14.6240589619
810    14.6677958965
788    14.6952188015
768    14.728758812
750    14.7556488514
753    14.7896649837
754    14.8258547783
770    14.8791217804
793    14.922590971
700    14.953291893
791    14.9844918251
786    15.012570858
780    15.0496108532
767    15.0877668858
790    15.1193358898
808    15.1531279087
751    15.1956470013
804    15.2373559475
745    15.2790679932
770    15.3156728745
788    15.3477399349
782    15.375854969
756    15.412047863
805    15.4402079582
797    15.4740548134
734    15.5101988316
759    15.5484127998
783    15.5913658142
735    15.6292529106
823    15.6625390053
810    15.711001873
797    15.7541799545
712    15.7791819572
745    15.809073925
715    15.8412549496
753    15.8734028339
719    15.9066898823
717    15.9576249123
696    16.0009968281
783    16.0389828682
698    16.0669438839
829    16.0948979855
826    16.1281788349
734    16.1714668274
785    16.2099068165
749    16.2532889843
751    16.2833609581
785    16.3270459175
787    16.3703238964
753    16.4086859226
747    16.4358448982
732    16.4717149734
783    16.5032057762
767    16.5360319614
734    16.5790338516
786    16.6220209599
782    16.6604149342
789    16.7026538849
769    16.7315149307
715    16.7664139271
770    16.8036358356
777    16.8367729187
788    16.8756167889
805    16.9034879208
847    16.9379777908
767    16.9665498734
826    17.0002708435
783    17.0438308716
734    17.0861649513
771    17.1230268478
768    17.1697678566
811    17.2082519531
717    17.2514998913
765    17.278234005
843    17.310615778
767    17.3466517925
786    17.3750498295
769    17.4184658527
