791    0.0314610004425
736    0.0597050189972
732    0.0957510471344
769    0.124198913574
781    0.157862901688
803    0.191529989243
788    0.230293989182
753    0.25944685936
751    0.302690029144
687    0.344969034195
756    0.370579957962
753    0.400876045227
802    0.439983844757
766    0.478086948395
866    0.51576089859
784    0.544206857681
769    0.577910900116
803    0.606495857239
803    0.639950990677
785    0.668710947037
823    0.702024936676
747    0.74539399147
729    0.777983903885
771    0.812872886658
767    0.857634067535
751    0.889056921005
717    0.932574033737
732    0.975700855255
767    1.01900696754
773    1.05580806732
750    1.09767794609
734    1.13262891769
824    1.15923905373
789    1.19724202156
734    1.23173284531
769    1.26515388489
843    1.29322600365
843    1.32865691185
785    1.36210083961
766    1.40530204773
802    1.44651794434
784    1.48968696594
790    1.52827501297
782    1.57161092758
786    1.60906505585
770    1.65251302719
754    1.69037103653
791    1.72883105278
722    1.77273106575
786    1.81617903709
785    1.85956096649
824    1.89805984497
799    1.9409160614
865    1.96773004532
824    1.99912905693
773    2.05079007149
794    2.09659600258
772    2.13010907173
841    2.16076397896
842    2.19159793854
843    2.21994590759
844    2.25360393524
767    2.28667187691
804    2.31674003601
806    2.35166406631
755    2.37959885597
770    2.42297101021
827    2.45502305031
824    2.49822092056
827    2.54145693779
844    2.57878303528
773    2.6097650528
767    2.64682507515
770    2.68281888962
766    2.71128296852
799    2.7437980175
786    2.79250597954
797    2.84082388878
808    2.87358188629
802    2.90599298477
870    2.94345188141
799    2.97093701363
781    3.00390696526
750    3.04226589203
802    3.08549499512
756    3.11730790138
841    3.1607260704
785    3.19871497154
870    3.23940992355
839    3.28027296066
732    3.31836986542
771    3.34780693054
845    3.38023090363
841    3.41297197342
767    3.44046401978
767    3.47290992737
824    3.51082491875
717    3.54922986031
750    3.59202194214
797    3.62065196037
787    3.65361499786
753    3.68749403954
751    3.72992706299
788    3.76773405075
806    3.80063700676
797    3.84394001961
784    3.88551092148
828    3.93272089958
824    3.97107696533
786    4.00295805931
757    4.03173899651
747    4.06550788879
754    4.10031485558
894    4.13896894455
857    4.16651201248
767    4.22257900238
839    4.26571989059
827    4.29259490967
865    4.32583403587
803    4.35771298409
860    4.38930797577
808    4.42007493973
842    4.44831204414
843    4.48665094376
767    4.52525091171
879    4.56921195984
828    4.60740494728
799    4.63961601257
835    4.67339086533
786    4.70032286644
754    4.73374891281
843    4.7607049942
839    4.7992079258
865    4.8367729187
785    4.88261890411
842    4.92008900642
840    4.95258903503
891    4.99250388145
805    5.01871800423
858    5.05193185806
882    5.08883190155
872    5.13669896126
799    5.17037606239
804    5.19590187073
808    5.23267483711
806    5.25756287575
824    5.29261898994
769    5.32252192497
805    5.35254096985
825    5.40797996521
839    5.44546890259
753    5.49329805374
825    5.53655099869
826    5.57505989075
787    5.61833691597
804    5.64395284653
804    5.67460989952
844    5.7102060318
847    5.74086403847
788    5.77156090736
787    5.80234289169
784    5.83840894699
866    5.88173794746
844    5.94311404228
844    5.98108196259
824    5.98399186134
805    6.01725006104
786    6.05570292473
824    6.0940220356
803    6.12187004089
805    6.15483593941
860    6.20740699768
770    6.24269604683
875    6.28088593483
783    6.30857801437
787    6.3438539505
900    6.37469387054
839    6.40550899506
802    6.43768286705
869    6.48077392578
785    6.50746893883
884    6.55024504662
768    6.5830180645
807    6.61618995667
845    6.64724087715
826    6.68795394897
846    6.71378588676
861    6.74457097054
749    6.77751207352
830    6.80916690826
787    6.85232496262
805    6.87895703316
799    6.91234397888
786    6.94318985939
822    6.97476696968
857    7.01897001266
830    7.05608487129
802    7.09947896004
843    7.13792586327
786    7.17389988899
772    7.21134185791
831    7.24514698982
902    7.26889395714
857    7.30771398544
771    7.33157706261
786    7.36903595924
752    7.41170191765
819    7.45023798943
824    7.49317002296
872    7.5298500061
843    7.5611770153
783    7.59297895432
807    7.629778862
754    7.66672706604
857    7.73041605949
857    7.76349401474
805    7.76673483849
748    7.8097410202
0    7.84309887886
862    7.85141801834
819    7.88981890678
0    7.92325687408
829    7.92644095421
822    7.95103788376
773    8.01415705681
751    8.05196285248
859    8.09037494659
782    8.13377904892
750    8.17629504204
767    8.20426607132
790    8.24729585648
786    8.27535390854
784    8.30875706673
786    8.33946490288
767    8.37217998505
881    8.41074895859
767    8.43869185448
767    8.47550201416
799    8.51872897148
765    8.56204295158
802    8.60024785995
808    8.63093996048
807    8.66675400734
756    8.70770788193
767    8.74615693092
797    8.78323197365
773    8.81668400764
770    8.85979390144
804    8.90280985832
799    8.94018793106
775    8.97037196159
770    9.00358891487
805    9.04184293747
803    9.07530903816
821    9.11851501465
770    9.15669488907
770    9.19718003273
767    9.23021697998
732    9.25960493088
785    9.30271792412
750    9.34529805183
767    9.37431502342
735    9.4084508419
856    9.44252204895
751    9.47188687325
791    9.50110697746
783    9.54038500786
799    9.56963086128
737    9.60374403
771    9.6278488636
790    9.66707706451
737    9.69611501694
731    9.74013805389
788    9.779556036
791    9.81133103371
786    9.84965705872
733    9.87771987915
766    9.91853499413
788    9.94480705261
784    9.98087501526
824    10.0189049244
754    10.0501949787
807    10.0892820358
786    10.1223819256
786    10.1572508812
754    10.1884560585
845    10.2208600044
844    10.2489850521
754    10.2898180485
751    10.3206059933
740    10.3569760323
734    10.394808054
719    10.4357640743
788    10.4691770077
785    10.4979689121
786    10.5308508873
717    10.5851869583
805    10.6281199455
808    10.6578149796
805    10.6942088604
716    10.7267539501
764    10.7668349743
750    10.8051869869
796    10.8432569504
750    10.8764698505
738    10.9197850227
797    10.9631609917
767    11.0065169334
804    11.0443749428
803    11.0827229023
737    11.1362400055
735    11.1689338684
752    11.2071380615
774    11.2452199459
737    11.277356863
738    11.3104479313
788    11.3535809517
802    11.3806340694
767    11.4140589237
759    11.4583699703
779    11.4960939884
827    11.5381779671
781    11.5714528561
750    11.6146728992
787    11.6415939331
806    11.6776888371
732    11.710916996
756    11.7391660213
702    11.7773878574
702    11.8007180691
766    11.8387620449
745    11.8919858932
734    11.9352688789
686    11.9734449387
770    12.016602993
814    12.0597648621
730    12.1016290188
735    12.1399760246
766    12.177957058
715    12.2127630711
755    12.2511868477
773    12.2880899906
803    12.3317790031
803    12.3750989437
733    12.413369894
828    12.4417488575
735    12.4899420738
774    12.5275919437
752    12.5592579842
763    12.6026198864
748    12.6456818581
734    12.6829409599
721    12.7228059769
719    12.7611029148
716    12.8044650555
758    12.8312048912
786    12.868710041
827    12.8953368664
788    12.9272420406
780    12.958840847
805    12.9903650284
809    13.0268280506
813    13.0598418713
767    13.1018979549
755    13.144119978
749    13.1669318676
751    13.2027750015
755    13.2461149693
808    13.2718799114
805    13.3088200092
840    13.3526859283
767    13.3858850002
803    13.4192829132
780    13.4477539062
779    13.4811608791
775    13.5146050453
719    13.5532028675
787    13.581264019
823    13.6139919758
737    13.6504240036
770    13.6810629368
814    13.7120380402
787    13.7403080463
786    13.7728049755
684    13.8111670017
769    13.8498740196
774    13.888671875
764    13.9170658588
783    13.9500398636
803    13.9824030399
751    14.0257189274
785    14.0728309155
814    14.1065468788
804    14.1356160641
771    14.1777369976
750    14.2263958454
750    14.2698638439
790    14.3071780205
798    14.3458399773
751    14.3790998459
863    14.4224579334
788    14.4601750374
750    14.4933340549
770    14.5237939358
767    14.567013979
821    14.5949828625
785    14.6437709332
799    14.6762499809
723    14.7122030258
740    14.7377710342
730    14.7701339722
753    14.8022990227
765    14.8457448483
783    14.8714599609
777    14.9047439098
791    14.9367539883
783    14.9767110348
736    15.0177829266
779    15.0613200665
827    15.0945000648
787    15.1303679943
787    15.1561250687
770    15.1917710304
782    15.2351820469
790    15.2737679482
779    15.3216888905
807    15.3648688793
804    15.4132950306
699    15.4506878853
736    15.4930119514
827    15.5312788486
807    15.5745830536
768    15.6129479408
732    15.6567070484
750    15.7051179409
752    15.748239994
770    15.7917230129
785    15.8393499851
830    15.877614975
765    15.9211399555
768    15.9545619488
737    15.9878900051
769    16.0313289165
789    16.0759549141
749    16.1139750481
717    16.1456079483
767    16.1775100231
740    16.2091670036
829    16.2510590553
771    16.288173914
756    16.3200190067
750    16.3526389599
767    16.421653986
808    16.4597799778
717    16.4865188599
753    16.5190269947
705    16.5542080402
756    16.5926780701
753    16.6362650394
771    16.6796979904
892    16.7175328732
752    16.7606840134
766    16.7972919941
805    16.834086895
787    16.8661968708
787    16.9098689556
828    16.9486138821
774    16.985216856
718    17.0182490349
739    17.0554139614
735    17.0824248791
792    17.1141798496
749    17.1476678848
786    17.175369978
805    17.2086360455
799    17.2421438694
866    17.2806639671
843    17.3141880035
765    17.3427560329
802    17.3761229515
767    17.4095249176
739    17.4378578663
735    17.4713358879
749    17.4996728897
