774    0.0378699302673
717    0.0693480968475
746    0.103083133698
734    0.132197141647
735    0.184096097946
715    0.217236995697
752    0.254151105881
736    0.291705131531
773    0.329582929611
769    0.357434988022
770    0.391088962555
719    0.418651103973
714    0.45218706131
682    0.499773979187
754    0.540533065796
666    0.568727970123
699    0.601895093918
729    0.635144948959
697    0.668334960938
705    0.70147895813
696    0.729677915573
701    0.762857913971
750    0.794263124466
703    0.826091051102
742    0.858039140701
702    0.900604963303
686    0.938852071762
700    0.966691970825
701    1.00333213806
718    1.03472709656
682    1.06285214424
702    1.09793400764
754    1.13512206078
715    1.17321395874
716    1.21552801132
769    1.25897097588
703    1.31750297546
754    1.35569214821
750    1.38128900528
754    1.41193509102
738    1.44778108597
785    1.47689604759
756    1.51112103462
753    1.54029297829
736    1.57442212105
762    1.6189160347
767    1.66549706459
756    1.70135402679
753    1.73453998566
752    1.76757502556
683    1.81114792824
782    1.84948205948
808    1.89305305481
753    1.93669009209
773    1.97502803802
772    2.01805996895
767    2.06147909164
737    2.09822392464
783    2.1411421299
717    2.17283511162
767    2.2046790123
754    2.24779701233
771    2.29605507851
799    2.32412600517
756    2.36138510704
812    2.39958095551
773    2.4310541153
763    2.46362900734
733    2.50783014297
845    2.54615712166
806    2.58947706223
735    2.62766098976
735    2.65940999985
804    2.69111013412
828    2.72073602676
802    2.75668597221
799    2.79523491859
821    2.83872914314
749    2.8810479641
767    2.91606211662
788    2.94613099098
767    2.97635102272
828    3.01140403748
771    3.04958701134
826    3.08285999298
824    3.12089109421
753    3.15610909462
766    3.19931197166
798    3.2376730442
866    3.28025007248
842    3.32350802422
827    3.3620660305
770    3.40524601936
791    3.43088293076
826    3.46323204041
825    3.49905991554
752    3.52483606339
783    3.55664396286
778    3.59973907471
785    3.64307403564
785    3.68535208702
806    3.71871805191
767    3.75249695778
795    3.78059792519
753    3.82675600052
751    3.87127614021
788    3.89931297302
843    3.9454190731
767    3.97153997421
767    4.00465297699
841    4.0379140377
804    4.0663819313
784    4.10025906563
783    4.13092494011
843    4.17409706116
787    4.20120191574
784    4.23453903198
767    4.27780199051
785    4.32114195824
826    4.38541698456
826    4.42362594604
789    4.43171310425
783    4.47092294693
0    4.50923895836
881    4.51731300354
785    4.57029509544
785    4.60846304893
824    4.61493206024
827    4.66118001938
0    4.70415902138
856    4.71217894554
799    4.74757909775
826    4.78577399254
825    4.80889105797
788    4.84786200523
803    4.87052893639
856    4.90649104118
828    4.94505906105
798    4.97305893898
840    5.01000404358
839    5.05908107758
799    5.09210896492
827    5.14073109627
858    5.17394709587
848    5.21504497528
830    5.24620103836
823    5.27642798424
803    5.30721306801
799    5.33907794952
844    5.36738610268
842    5.40528893471
844    5.45306396484
824    5.48571896553
861    5.5174779892
860    5.54710507393
858    5.57542896271
803    5.60922193527
877    5.64403891563
824    5.67236113548
825    5.70624804497
807    5.74919199944
894    5.78260612488
891    5.82608795166
787    5.86391210556
842    5.88997292519
839    5.92417192459
920    5.96121501923
802    5.99771213531
799    6.0244910717
803    6.05643606186
830    6.09479212761
752    6.14325499535
856    6.18558597565
840    6.2286670208
783    6.26688098907
841    6.31019592285
789    6.35243201256
841    6.40069103241
859    6.436398983
857    6.46310901642
769    6.49943208694
839    6.54100799561
840    6.57956194878
839    6.62299799919
802    6.66097712517
827    6.69167208672
881    6.72203993797
876    6.76270604134
805    6.79936313629
844    6.82618308067
807    6.85807108879
805    6.89053297043
825    6.93386101723
799    6.97218799591
839    7.01540613174
806    7.04188013077
854    7.07504010201
822    7.12109494209
782    7.15400600433
847    7.19040799141
804    7.23349905014
839    7.26066493988
857    7.29902505875
863    7.34229207039
883    7.38048410416
874    7.42299699783
881    7.4653069973
821    7.51367712021
840    7.54169511795
806    7.57854795456
765    7.61655592918
878    7.64569592476
780    7.68876314163
788    7.72619891167
789    7.76268005371
841    7.80026698112
861    7.83852410316
839    7.880423069
826    7.91442704201
805    7.94088411331
860    7.97419500351
857    8.00603413582
826    8.0378909111
823    8.08013796806
805    8.11075496674
866    8.14254808426
824    8.1863861084
805    8.22974610329
858    8.26791906357
896    8.3008749485
857    8.33211803436
864    8.36523294449
825    8.40825414658
860    8.4361770153
856    8.46917414665
843    8.50202512741
856    8.52993106842
859    8.5684530735
799    8.60672497749
839    8.65021014214
824    8.68852710724
858    8.73165392876
865    8.76283693314
845    8.79332399368
879    8.825496912
739    8.87308812141
802    8.91117405891
788    8.942745924
827    8.98478007317
770    9.02657198906
802    9.07019710541
803    9.10845208168
803    9.15195512772
803    9.18499994278
802    9.21975898743
808    9.25349211693
807    9.28733110428
770    9.32615804672
770    9.35736012459
770    9.3891890049
841    9.42221212387
883    9.46087408066
791    9.48944711685
805    9.52463197708
830    9.55667710304
807    9.59946203232
860    9.6424241066
806    9.67918610573
807    9.7151799202
803    9.75663900375
805    9.79495310783
787    9.83855104446
752    9.87659692764
767    9.91315412521
799    9.9476120472
787    9.98069214821
786    10.010874033
783    10.0497469902
715    10.073841095
786    10.1021471024
756    10.1379289627
754    10.1788320541
788    10.2223300934
751    10.2713599205
765    10.3187270164
799    10.3525369167
767    10.3953430653
824    10.4388530254
752    10.4649679661
771    10.49604702
803    10.5338771343
769    10.568926096
804    10.5971570015
803    10.6303601265
749    10.663599968
717    10.7073609829
802    10.7459790707
807    10.7784469128
781    10.8217511177
747    10.8651621342
701    10.90782094
826    10.9458110332
821    10.9850070477
806    11.0231220722
699    11.0544030666
731    11.0876851082
757    11.1183199883
753    11.1499941349
768    11.1931869984
700    11.2316501141
764    11.2651040554
696    11.3082480431
717    11.3465869427
735    11.3735659122
823    11.421612978
755    11.4479811192
770    11.4816429615
767    11.5258629322
756    11.5633749962
754    11.5927820206
721    11.6321971416
752    11.6664199829
787    11.7007241249
753    11.7301220894
771    11.7695529461
754    11.7988250256
767    11.8314609528
756    11.8749740124
737    11.9120061398
736    11.9446599483
734    11.9774739742
754    12.0057621002
789    12.0398950577
751    12.0690319538
792    12.1081731319
808    12.1475400925
750    12.1856899261
767    12.2185840607
767    12.2504739761
788    12.2825350761
805    12.3142249584
767    12.3476769924
733    12.3861420155
783    12.4197239876
769    12.4536249638
736    12.4971280098
730    12.5353209972
764    12.5634930134
807    12.597743988
843    12.6297159195
750    12.6577761173
716    12.7054400444
715    12.7363021374
791    12.7798910141
714    12.8283541203
751    12.8603129387
767    12.9020709991
796    12.9289240837
685    12.9607670307
772    12.992618084
804    13.0248100758
705    13.0707521439
747    13.109210968
719    13.1370930672
719    13.1717801094
780    13.2016150951
767    13.2448649406
668    13.28312397
783    13.3121161461
799    13.3401911259
773    13.3748650551
770    13.4083099365
754    13.4419820309
749    13.4671089649
684    13.5020670891
735    13.5322639942
722    13.5621850491
718    13.6021740437
771    13.6271500587
685    13.6622269154
715    13.6934919357
738    13.7262279987
754    13.7539701462
753    13.7919690609
750    13.8196411133
767    13.8524420261
745    13.8801929951
685    13.9129469395
686    13.9512720108
719    13.9892790318
830    14.030903101
685    14.0641541481
737    14.1065671444
756    14.1337189674
746    14.1671979427
702    14.1987891197
775    14.2318179607
751    14.2597970963
792    14.2927849293
765    14.3391721249
754    14.3721561432
790    14.4051301479
750    14.4431970119
733    14.4762251377
792    14.5042009354
772    14.5421569347
795    14.5765380859
734    14.6100170612
719    14.653744936
761    14.7120499611
664    14.7566480637
705    14.7951490879
699    14.8269929886
793    14.8574690819
749    14.9024610519
719    14.9274590015
750    14.9644229412
751    14.9918100834
755    15.0237219334
793    15.0561859608
719    15.1039969921
720    15.1409890652
683    15.1675240993
806    15.2007520199
732    15.2321879864
750    15.2752821445
738    15.3061840534
718    15.3492259979
752    15.3925869465
701    15.4359500408
741    15.474337101
751    15.5162220001
717    15.5401661396
719    15.5783381462
721    15.6164970398
698    15.6483681202
739    15.6799681187
735    15.7149801254
702    15.7379639149
751    15.7759749889
701    15.8050510883
687    15.8444521427
735    15.8821849823
737    15.9258880615
701    15.9642210007
774    16.0078179836
730    16.0507450104
770    16.0892961025
793    16.1217911243
760    16.1492340565
705    16.185600996
703    16.2116439342
734    16.2556459904
754    16.2814581394
698    16.3173959255
701    16.3439369202
736    16.3738291264
735    16.4035971165
758    16.436480999
702    16.4669930935
757    16.4968140125
736    16.5280871391
737    16.5598430634
766    16.6021230221
756    16.6456179619
636    16.6787259579
629    16.7152891159
667    16.7409420013
738    16.7767550945
760    16.8074440956
721    16.8381919861
717    16.8703560829
699    16.9188640118
755    16.9625530243
736    17.0008480549
769    17.0431520939
758    17.0865609646
732    17.129953146
775    17.1630380154
717    17.1964819431
732    17.2350299358
680    17.2690160275
716    17.3079750538
702    17.3410439491
