734    0.0331199169159
751    0.0644497871399
686    0.0962378978729
773    0.138503789902
767    0.179495811462
751    0.207670927048
734    0.255123853683
719    0.291808843613
734    0.317592859268
713    0.350610971451
719    0.381675958633
719    0.420774936676
792    0.458665847778
737    0.501559972763
770    0.540024995804
770    0.568320989609
771    0.604070901871
765    0.630761861801
733    0.66392493248
767    0.700711965561
790    0.737855911255
731    0.781391859055
802    0.823897838593
752    0.861431837082
729    0.904591798782
749    0.937410831451
795    0.979532003403
738    1.01124191284
808    1.04792189598
808    1.07955884933
805    1.11118578911
746    1.15792679787
842    1.19908690453
736    1.23685288429
723    1.26373791695
717    1.29551291466
719    1.35227179527
770    1.38466596603
767    1.41198396683
751    1.44435381889
733    1.4817969799
733    1.51613879204
767    1.54977583885
740    1.58062291145
735    1.61255979538
774    1.64440083504
753    1.68119597435
787    1.71304678917
799    1.75784087181
767    1.79568481445
767    1.83888602257
788    1.86703586578
750    1.90310192108
818    1.94192481041
763    1.9854118824
770    2.01640892029
752    2.06009697914
784    2.10353589058
805    2.12938284874
752    2.16365385056
773    2.19918584824
805    2.24146485329
841    2.28996300697
818    2.33372783661
767    2.37234187126
803    2.41492199898
782    2.44184279442
799    2.47504591942
806    2.50701880455
805    2.55005979538
836    2.59311199188
788    2.61789178848
789    2.65565395355
863    2.70235490799
824    2.74488091469
845    2.78719902039
751    2.82550001144
882    2.86862301826
804    2.90663695335
804    2.93887901306
786    2.98215293884
802    3.03036880493
802    3.06339693069
799    3.09825491905
783    3.1341919899
828    3.16545295715
757    3.19738101959
770    3.24030590057
827    3.2833738327
803    3.32649898529
789    3.36390590668
825    3.39222693443
737    3.42455291748
738    3.45631885529
819    3.49942183495
822    3.54222083092
750    3.56980586052
841    3.60236978531
862    3.62992787361
753    3.66249799728
752    3.69512701035
786    3.72731089592
799    3.76536798477
767    3.79397797585
824    3.82659983635
825    3.86985492706
825    3.89683794975
830    3.93054795265
827    3.96201682091
826    3.99500584602
864    4.03224086761
770    4.08025598526
882    4.12340092659
860    4.16149401665
861    4.19229888916
770    4.22411084175
827    4.25519800186
771    4.28652000427
786    4.31783294678
786    4.35162401199
799    4.38180088997
751    4.41863799095
824    4.44989895821
838    4.49070286751
841    4.52347898483
785    4.56705784798
771    4.59384393692
754    4.62679696083
843    4.66991591454
824    4.70099282265
787    4.73338985443
826    4.76382994652
799    4.80558490753
786    4.84701180458
786    4.89023685455
825    4.92583799362
826    4.96412301064
822    4.99609684944
869    5.02860879898
834    5.07107186317
799    5.11406683922
819    5.15155792236
846    5.18514490128
824    5.21388602257
911    5.24991393089
857    5.28344893456
855    5.32660079002
918    5.36990380287
838    5.40835785866
767    5.45181179047
766    5.49032497406
843    5.52240395546
871    5.55409383774
844    5.59123897552
853    5.6297109127
843    5.65702390671
840    5.69024682045
785    5.73347592354
825    5.77171301842
857    5.80246186256
764    5.83737778664
852    5.8757379055
820    5.9189479351
826    5.94999194145
866    5.99607992172
842    6.03424692154
877    6.07716798782
837    6.13004589081
826    6.1732738018
878    6.20392680168
826    6.23580884933
861    6.27924895287
874    6.30546784401
861    6.34253883362
857    6.38756299019
802    6.42581582069
860    6.4550409317
897    6.48787784576
799    6.5212469101
824    6.55946397781
783    6.59274482727
843    6.62095594406
842    6.6541249752
875    6.69757199287
806    6.73499488831
803    6.7631688118
914    6.79630899429
827    6.83223485947
799    6.87566685677
803    6.91896986961
878    6.96225380898
841    6.99952888489
859    7.03012800217
843    7.06674194336
786    7.10522580147
827    7.14819598198
858    7.18685388565
824    7.23025178909
823    7.26853990555
805    7.29562282562
858    7.33878898621
835    7.36446285248
843    7.41034579277
840    7.45429801941
824    7.4808177948
803    7.51348996162
804    7.55231595039
876    7.59069299698
805    7.63391280174
808    7.66058397293
802    7.69444179535
784    7.72167086601
804    7.75436091423
840    7.7870028019
858    7.81913900375
772    7.86251783371
823    7.90416383743
809    7.94431591034
808    7.97482299805
826    8.01853489876
805    8.05662894249
831    8.08661198616
827    8.1216738224
803    8.14894390106
803    8.18225002289
840    8.21421694756
802    8.24668979645
844    8.2902328968
843    8.33860993385
839    8.37535381317
863    8.40318894386
827    8.44134187698
857    8.48002099991
807    8.51187586784
799    8.54277801514
865    8.57616496086
799    8.60451483727
840    8.63797283173
787    8.66862678528
858    8.71914601326
799    8.75786685944
823    8.80102682114
862    8.82753181458
861    8.86105585098
825    8.90427184105
782    8.94728899002
772    8.97288489342
767    9.0050008297
822    9.05103397369
860    9.09373378754
787    9.12187194824
781    9.155823946
825    9.18451881409
767    9.21843194962
821    9.2617828846
783    9.30513882637
899    9.34326386452
749    9.38416981697
783    9.43234491348
799    9.47107100487
788    9.50234079361
858    9.54557991028
804    9.58895778656
785    9.62678980827
767    9.66966795921
783    9.69483089447
785    9.72791481018
803    9.76298284531
839    9.81141901016
839    9.85402584076
733    9.89554286003
805    9.92854189873
805    9.95158600807
785    9.99513792992
824    10.0283048153
750    10.0713419914
789    10.1006028652
774    10.1317858696
769    10.1674878597
831    10.1992788315
789    10.2478818893
756    10.2808790207
750    10.3145749569
750    10.3432438374
766    10.3710517883
808    10.4074068069
770    10.4394578934
826    10.4830019474
770    10.5265698433
746    10.5700278282
682    10.6080038548
751    10.6358809471
703    10.6755969524
702    10.7139248848
805    10.7570798397
766    10.7954587936
750    10.8385779858
770    10.8813939095
787    10.919770956
767    10.9631299973
734    11.0064368248
761    11.0435388088
769    11.0895109177
754    11.1166749001
772    11.1507809162
806    11.1800270081
806    11.2099850178
770    11.2518649101
787    11.2905089855
737    11.32376194
733    11.3501698971
732    11.3850238323
700    11.4116950035
722    11.4474959373
761    11.4907438755
748    11.5245649815
716    11.5579500198
719    11.5900568962
717    11.6331968307
718    11.675714016
753    11.7010858059
753    11.737569809
711    11.7793078423
718    11.8227930069
803    11.8661048412
739    11.9094388485
747    11.947884798
756    11.9751899242
749    12.0083339214
699    12.051486969
734    12.0947008133
734    12.1252958775
729    12.1711499691
783    12.2019298077
762    12.2347378731
733    12.278113842
766    12.3211629391
734    12.3597159386
765    12.387887001
686    12.4260029793
767    12.4659879208
746    12.5026199818
824    12.5374138355
703    12.572412014
750    12.6025679111
773    12.6339387894
769    12.6622469425
747    12.6958658695
783    12.7240989208
751    12.7608008385
701    12.7875978947
703    12.8199717999
756    12.8630719185
734    12.9020068645
770    12.9378499985
702    12.9686529636
736    12.9994988441
771    13.0301640034
754    13.082764864
805    13.1201717854
717    13.153949976
767    13.1973829269
767    13.2359778881
732    13.2744059563
750    13.3178679943
733    13.3610129356
682    13.3867588043
717    13.4183189869
734    13.45210886
700    13.4950180054
717    13.523211956
719    13.5569229126
756    13.5943470001
751    13.6311688423
753    13.6578168869
750    13.6895418167
733    13.7213058472
756    13.7529459
754    13.7845618725
717    13.8128008842
771    13.8510439396
700    13.8791999817
767    13.9125490189
754    13.9388358593
751    13.9720668793
735    14.0002579689
719    14.0369958878
735    14.0689048767
718    14.1001629829
754    14.1283588409
751    14.1610019207
734    14.2045879364
734    14.2432818413
766    14.2870328426
753    14.3301699162
702    14.3672819138
698    14.39803195
699    14.4291729927
681    14.4612739086
703    14.4921398163
769    14.5355157852
700    14.5710668564
730    14.6087639332
719    14.6428649426
686    14.6762318611
719    14.7043437958
759    14.7420108318
699    14.7801699638
714    14.8134038448
739    14.8420369625
734    14.8756308556
732    14.9189648628
682    14.9519438744
666    14.9976718426
717    15.0332980156
726    15.0639698505
704    15.0945909023
702    15.1252799034
697    15.1609668732
753    15.1866447926
722    15.2221999168
738    15.2679829597
718    15.3036539555
767    15.3441078663
753    15.3798418045
738    15.4156858921
705    15.4463629723
700    15.477118969
737    15.5078349113
699    15.5384688377
685    15.5690219402
768    15.6046729088
737    15.6403570175
718    15.666000843
725    15.6973009109
702    15.7294359207
734    15.7624919415
739    15.7956018448
788    15.8223559856
787    15.8571438789
716    15.8957388401
750    15.9388978481
721    15.9822728634
665    16.0106608868
734    16.054363966
699    16.0872879028
718    16.1230638027
724    16.1488389969
756    16.1848399639
767    16.2330999374
717    16.2664299011
762    16.2969839573
719    16.3255088329
712    16.3687498569
719    16.4045917988
751    16.4464848042
735    16.4846999645
731    16.5166327953
731    16.5474009514
683    16.5908949375
717    16.6292338371
732    16.6624269485
809    16.699108839
748    16.7358169556
718    16.767141819
747    16.7973268032
721    16.8274989128
715    16.8634309769
749    16.901350975
731    16.9396429062
666    16.977741003
683    17.0049409866
748    17.0377509594
823    17.0654358864
825    17.1015119553
750    17.126324892
734    17.1518030167
730    17.182723999
737    17.2114179134
732    17.2476890087
668    17.2835049629
633    17.3443579674
633    17.3767688274
701    17.3789958954
