721    0.029061794281
717    0.0735819339752
670    0.106867790222
667    0.14536190033
650    0.188844919205
685    0.227017879486
681    0.258460998535
647    0.286968946457
666    0.32026386261
754    0.348755836487
629    0.397243022919
631    0.441087961197
647    0.489655017853
649    0.523295879364
717    0.556716918945
686    0.588663816452
665    0.632098913193
702    0.658017873764
708    0.703869819641
669    0.73487496376
701    0.762709856033
740    0.798280000687
661    0.826428890228
722    0.864579916
683    0.89276599884
684    0.926429986954
701    0.954847812653
703    0.986667871475
650    1.01872897148
664    1.06258583069
645    1.10338401794
666    1.14127397537
661    1.17159891129
685    1.20246386528
693    1.23814988136
686    1.27322387695
649    1.3115439415
684    1.35474681854
615    1.39793801308
669    1.42382597923
669    1.45739388466
703    1.491065979
664    1.53489685059
699    1.57833886147
687    1.61660695076
736    1.64860987663
735    1.68286085129
701    1.71707701683
685    1.75850701332
700    1.79132986069
631    1.82381892204
718    1.86269283295
737    1.90078687668
702    1.94062495232
681    1.96563696861
738    2.00844097137
670    2.03873801231
703    2.06659889221
698    2.10243487358
699    2.1404838562
681    2.17147684097
700    2.19981598854
667    2.23802280426
719    2.28044986725
734    2.31872987747
733    2.36155390739
666    2.39976501465
718    2.43422985077
698    2.47120499611
747    2.51578688622
700    2.54851484299
700    2.58538198471
697    2.61921000481
751    2.65800690651
753    2.69178700447
755    2.72547197342
678    2.76421284676
735    2.79294991493
734    2.82182598114
738    2.85119080544
736    2.88484787941
702    2.92346286774
702    2.95471096039
698    2.988093853
716    3.02658200264
750    3.07006883621
803    3.11343288422
721    3.15647482872
704    3.18892598152
699    3.23228788376
702    3.26280283928
698    3.29342794418
719    3.32469296455
778    3.35655879974
717    3.38867878914
688    3.4204428196
681    3.45908594131
731    3.49782896042
767    3.53657889366
763    3.56538081169
770    3.60297679901
679    3.63574385643
661    3.67518496513
754    3.71220588684
768    3.75585889816
717    3.79456400871
716    3.83785581589
751    3.88136482239
719    3.91483092308
717    3.95818781853
730    3.99651288986
751    4.03006196022
809    4.07343888283
734    4.09955382347
683    4.13349080086
754    4.16491985321
752    4.20842885971
736    4.24697399139
751    4.29039096832
764    4.33648300171
698    4.378469944
734    4.40257191658
795    4.43720293045
763    4.48067998886
735    4.51626491547
751    4.55258488655
721    4.58247184753
756    4.61768078804
719    4.66523981094
735    4.70207095146
754    4.72872591019
787    4.77593588829
788    4.81778478622
731    4.85514879227
770    4.89248180389
790    4.92945694923
753    4.96358990669
751    5.00167679787
719    5.04443001747
805    5.08324694633
739    5.11751890182
770    5.16579079628
739    5.19706296921
722    5.23541378975
737    5.27391290665
735    5.3047850132
752    5.35156583786
704    5.39010286331
702    5.43349981308
718    5.47194981575
769    5.51604390144
699    5.55454397202
718    5.59640789032
748    5.64208698273
754    5.67794179916
734    5.71609783173
807    5.74797487259
717    5.78045082092
809    5.808604002
769    5.84206080437
751    5.87532687187
787    5.90798687935
736    5.96102595329
773    5.99925684929
771    6.03396987915
794    6.05857181549
799    6.09309983253
734    6.12074398994
805    6.15381288528
799    6.19294691086
751    6.22606396675
806    6.259100914
766    6.29189586639
768    6.33923482895
767    6.38239979744
718    6.42090988159
734    6.44944286346
734    6.49283695221
729    6.52105593681
748    6.55807089806
767    6.60067391396
712    6.62799692154
790    6.6658539772
732    6.71324491501
785    6.7564239502
729    6.78283190727
736    6.81645178795
788    6.85057401657
805    6.90956783295
783    6.95343899727
749    6.9912238121
788    7.03495287895
767    7.07341098785
767    7.10656881332
788    7.1367559433
721    7.16704201698
771    7.19892191887
719    7.22686100006
717    7.26066493988
729    7.29999494553
767    7.33874487877
785    7.38219189644
864    7.40975499153
754    7.44759297371
700    7.48553180695
700    7.51330399513
771    7.5462269783
753    7.58921384811
788    7.62909889221
773    7.66397881508
790    7.70395088196
808    7.72886395454
806    7.76364088058
753    7.79381394386
776    7.83142995834
755    7.86994600296
785    7.91322088242
751    7.94441390038
748    7.99132800102
753    8.02491593361
730    8.05345582962
764    8.09671092033
802    8.13748192787
753    8.16769385338
721    8.19775295258
717    8.23282289505
719    8.27575302124
714    8.30356287956
862    8.34547591209
794    8.3767888546
731    8.40695595741
716    8.4475479126
733    8.48573899269
782    8.52902078629
733    8.57218599319
824    8.61226582527
786    8.6539618969
770    8.68073892593
751    8.71257090569
734    8.74237084389
804    8.77076601982
805    8.80633187294
700    8.84682679176
731    8.88518595695
769    8.93343687057
736    8.97119688988
826    9.00647997856
820    9.03683495522
771    9.07336783409
731    9.11686086655
766    9.15525889397
840    9.19879484177
763    9.2422349453
804    9.2855219841
823    9.32312393188
722    9.36163282394
752    9.39750099182
755    9.42842698097
748    9.47173690796
737    9.49865794182
785    9.52703690529
753    9.5632557869
767    9.59420490265
753    9.61922883987
748    9.65548801422
718    9.6822040081
761    9.7173140049
763    9.74441289902
722    9.78125286102
737    9.81940197945
738    9.84657382965
734    9.87984991074
731    9.91414785385
682    9.95080184937
714    9.99431800842
784    10.0310938358
807    10.0781219006
678    10.121366024
748    10.1544339657
770    10.1897289753
703    10.2165298462
718    10.2502949238
773    10.2794559002
769    10.3132088184
767    10.3423228264
767    10.3854608536
737    10.4221258163
738    10.454641819
717    10.5021469593
666    10.5356538296
792    10.5636818409
732    10.6000518799
736    10.6337649822
773    10.6575899124
764    10.6967008114
668    10.7358598709
733    10.7782459259
716    10.8216779232
702    10.8651368618
751    10.9081659317
699    10.946313858
632    10.975030899
705    11.0121848583
701    11.0482029915
700    11.0860748291
778    11.1191039085
698    11.162378788
679    11.2057538033
736    11.2440400124
734    11.2758309841
685    11.3160779476
745    11.3495249748
716    11.3797998428
668    11.411386013
758    11.454638958
733    11.4812970161
665    11.5143229961
702    11.562582016
792    11.6045229435
732    11.6513938904
698    11.6898570061
715    11.7329158783
664    11.7708499432
716    11.7992248535
716    11.8323099613
665    11.8658099174
617    11.9091479778
651    11.9476099014
670    11.9909119606
684    12.0292608738
683    12.0668029785
661    12.1102378368
716    12.1534388065
666    12.1913859844
749    12.2371678352
701    12.2804348469
699    12.3173048496
703    12.3482480049
698    12.37667799
700    12.4101610184
753    12.4485929012
702    12.4820539951
688    12.5155398846
683    12.5440328121
666    12.5778129101
678    12.6106069088
735    12.6443648338
709    12.6707098484
702    12.7143290043
707    12.7411398888
708    12.7730169296
741    12.8049309254
702    12.836938858
682    12.8756430149
713    12.9242269993
698    12.9625499249
664    12.9992949963
792    13.0314459801
736    13.0656878948
719    13.1040928364
683    13.1478610039
667    13.1756229401
736    13.2106199265
703    13.2436728477
700    13.2886989117
703    13.3217430115
718    13.3649599552
702    13.4084839821
695    13.4454088211
753    13.4793469906
633    13.5132908821
631    13.5371508598
678    13.5762410164
810    13.6000888348
705    13.6394808292
703    13.672921896
736    13.7101128101
737    13.7529659271
754    13.791476965
666    13.8295829296
700    13.8731210232
741    13.9117369652
626    13.9495677948
701    13.9778769016
689    14.0262517929
664    14.0691349506
698    14.1091048717
667    14.1354379654
701    14.1741859913
703    14.2029078007
700    14.2417109013
725    14.2754659653
662    14.3141379356
758    14.3527050018
700    14.3763988018
647    14.4201769829
685    14.4588749409
737    14.4975669384
698    14.5413107872
732    14.5750148296
681    14.6137290001
667    14.6574878693
751    14.6962118149
685    14.7348928452
719    14.7589378357
630    14.7921979427
669    14.8249869347
685    14.8680648804
704    14.895772934
697    14.923789978
665    14.9571218491
681    14.9848740101
705    15.0216469765
668    15.0487468243
666    15.0812468529
679    15.1152868271
682    15.1577680111
684    15.1947879791
729    15.2384300232
700    15.2768638134
705    15.3193428516
767    15.3577020168
705    15.401309967
684    15.444314003
671    15.4818279743
635    15.5252099037
703    15.5635168552
668    15.606771946
700    15.6501560211
685    15.6985199451
697    15.7415440083
664    15.7715008259
724    15.8038179874
651    15.8340218067
667    15.8646128178
668    15.9025609493
719    15.9355778694
716    15.9713509083
685    16.0012738705
699    16.0463387966
628    16.0898349285
634    16.1163938046
685    16.1527178288
683    16.1907608509
703    16.2222969532
667    16.2554349899
668    16.2877008915
685    16.3309948444
669    16.3577928543
669    16.3958158493
648    16.4343400002
735    16.4641399384
678    16.494301796
645    16.5302228928
688    16.5594308376
686    16.5935659409
731    16.6184089184
720    16.6540389061
683    16.6859548092
667    16.7167158127
688    16.748516798
686    16.7919769287
704    16.8286859989
743    16.8553619385
646    16.8860909939
598    16.9178309441
697    16.9545519352
664    16.9953689575
664    17.0202448368
634    17.0514450073
631    17.0794239044
666    17.1144838333
665    17.1560218334
734    17.2011740208
682    17.2331738472
610    17.2662968636
667    17.2981669903
669    17.3291578293
662    17.3578999043
649    17.393625021
697    17.421407938
649    17.4542508125
669    17.4975168705
698    17.5308468342
