1.039212697372009275e+00 -7.268817099316661867e+00 -6.223077314949814198e-01 5.917855293186102816e-01 1.018988021740619088e+00 1.425055154880710884e+00 9.787387377722974735e-01
1.129217634076165266e+00 -5.791167297352576071e+00 -9.931029067832165547e-01 8.244463358896355620e-01 1.379215019937823250e+01 -5.719860149571532659e+00 -1.303740532246609352e+00
-6.326212113898482814e-01 -2.616641203875720301e-01 -9.453616435372569349e-01 2.714172358009588892e-01 9.426591404486062142e-01 1.023066141708365073e+00 9.462642683237815211e-01
1.329731881738237947e-02 4.301157014961849434e+00 -4.540139148011013703e-01 -2.340225461681722408e+00 -2.336101423576992175e+01 1.595096496673618169e+01 2.800111727238277393e+00
9.258955671030723034e-01 4.213423225213920098e+00 4.802262263176920176e-01 -2.291698294424993954e+00 -1.929607081445513117e+01 1.246365839102413986e+01 1.242359037950550915e+00
-3.052846426334334118e-01 2.853221934088433276e+00 6.227427004302437119e-01 -1.361549735255021654e+00 -9.909021298823397217e+00 5.900061184188273522e+00 2.285799557782494773e+00
9.058186811200531763e-02 2.354036633220788932e+00 -4.611329604330883236e-01 -8.538732755668841934e-01 2.245912567762826217e+00 -1.667499814855662787e+00 -2.067657943025450251e+00
-5.389320328237156010e-01 3.319239128714919662e+00 -1.340252855353559203e-01 -5.942620882095462909e-01 5.311913064962208608e+00 -4.634500050652187397e+00 -6.101180860043703413e-01
-7.819907555589588055e-01 -5.076039572933315619e-02 -7.032151230908331718e-02 -1.181086513952406269e+00 -9.344227657057620817e+00 4.711951245235563412e+00 4.244163475353539106e+00
7.027311191204480556e-01 3.814921762301264785e+00 -2.975822957655625545e-01 -2.319002557569642242e+00 -9.967094705202796945e+00 6.474593945136624562e+00 1.237423806743612520e+00
2.223836353932102383e-01 4.983979659548270824e+00 -2.774370085311015366e-01 -1.429400080816615848e+00 1.030320323652011005e+01 -7.401348335818027202e+00 -4.823478648622526066e+00
5.361108817413772210e-01 4.027230388546906958e+00 1.442973468425898353e+00 -3.635467114461115590e-01 1.663355418600684743e+01 -1.073597309486908991e+01 -4.534831217657752767e+00
-1.510715892580417608e+00 -2.007960923455597513e+00 6.971775141493194439e-02 7.968802193783984522e-02 -4.922978809631215924e+00 1.892574376595089536e+00 1.795108593694359822e+00
5.963829680614614048e-01 -5.343671280758483633e+00 2.637617783475252331e-01 2.779755066320567791e-01 6.666214406068581289e-01 -4.845921868649168407e-01 -8.184438847545858486e-01
1.980506806162378286e+00 -6.495334972083341540e+00 2.174355136751747963e+00 7.126408661295736691e-01 2.858332486476498513e+00 -3.561177194440308114e+00 -3.197371785969108093e-01
-1.475050695995347549e+00 -2.030795459353597732e+00 1.056162262051819067e-01 2.868503603959138282e-01 1.163398310626929799e+01 -8.639784229783185054e+00 -1.352837974325275416e+00
-2.946976705441038402e-01 5.413482500006582043e+00 -2.470795319200901063e-01 -1.129085398445750288e+00 1.492699140037449723e+01 -1.079589075314775748e+01 -3.381005443857227455e+00
-4.551437225889725102e-01 -7.937120198687830364e-01 -4.843496652620289389e-01 -4.592424661289679078e-01 -4.630659939536687641e-01 -1.524197923687057976e+00 2.070614879522777230e+00
-1.175717959428915771e+00 -1.945781268251952412e+00 -3.773070442963366022e-01 1.427408572836360579e-01 -3.165174814696958716e+00 3.005137008283637279e+00 3.622580619021733561e+00
-2.658972545848473437e-02 -6.931549057760794108e-01 -3.168519694814238286e-02 1.991109242015421388e-01 -2.333930059487763220e+00 1.717903125694224320e+00 -2.142650234548627797e+00
