4.025484499925322673e-02 9.849548554605087880e-02 -2.074817571469802016e-02 -2.182723970025088611e-01 -4.290546843010709099e-02 3.724972333537801550e-02 -1.041372676656881213e-01
1.387874074296226723e-01 2.282596016612074841e-02 1.003342539311443127e-01 -1.496747102392667061e-01 2.769603966261168990e-02 -3.437870553735693918e-02 -1.237396878048928894e-01
1.097813402508546754e-01 -1.243205501239296948e-02 4.906297299964119257e-02 -8.258059063269800743e-03 -5.648571329154349063e-02 7.218000682945361311e-03 -4.668018371999523020e-02
7.662677609427094583e-02 -4.932707860577981163e-02 2.634098835146494143e-03 -3.377117018391494196e-02 1.891277536001570794e-02 -1.367985152689162043e-02 4.069965618559740622e-02
9.958380625873197722e-02 7.600479897629242032e-02 4.507349164183404450e-02 -6.115162433209841292e-02 9.315708939290341661e-02 1.470334579719860535e-02 -6.902148646086483236e-03
-4.117518510665313554e-03 1.177503135634254405e-01 1.080799766421553648e-01 -1.011918131966983020e-01 6.121510880639912527e-02 -2.026833842805502231e-02 -9.763884518396381829e-02
1.621833118365759996e-01 -3.904884750529643428e-02 1.710513095099037428e-01 -1.767897336353729254e-01 -7.537701656792741844e-02 1.403919295119995525e-01 -7.914228401446034983e-03
1.872460917506807779e-02 1.109983364470949752e-01 1.688007045989856902e-01 -1.642340387631147924e-01 6.301616407669170805e-02 5.458040916742717963e-02 -1.316785361570718960e-01
1.391335925606016488e-01 1.495985364120917815e-01 7.863249465795521531e-02 -2.336731311573132519e-01 6.428518878658071034e-02 8.794458849125282029e-02 -3.248694453162546958e-02
1.446031263474423789e-01 9.250125864003989895e-02 3.121489600584058388e-02 -1.892228760141506649e-01 -9.639589205852236789e-03 1.172365556951771859e-01 1.827872826274272444e-02
1.256855779872845524e-01 -5.966333567113571434e-02 2.712430906498697683e-02 -1.948863419756907411e-01 -9.712170040443812713e-02 9.922282198329089586e-02 5.934630965560178106e-02
9.448771274109880880e-02 -2.059459828619476796e-02 3.362738274593191773e-02 -1.965203428768176608e-01 -4.158394791593295059e-02 -5.934129641700051916e-02 1.902075028240900884e-02
1.075869120450529265e-01 1.276627367804273328e-01 9.735666944449897220e-02 -9.614286761120849345e-02 -1.921456609286934653e-02 1.733093159665980961e-03 -1.482968745865280435e-01
-4.517861885433889155e-03 9.513668867410367269e-02 -3.332675461507134118e-02 -4.989564811472661093e-02 -6.751140314680441346e-02 -6.930179498696890927e-03 -1.403445017318974697e-01
1.399152246634983721e-01 -4.961943191719384201e-03 1.505356180031862390e-01 -2.030928083854506294e-01 -3.137416055954614369e-02 9.354064808879888893e-02 -4.118678217253073093e-02
-1.622291338115471374e-04 1.176219241804219717e-01 9.591688790468742842e-02 -2.143294426669131170e-01 -1.717460896764829228e-02 9.847203545447678896e-02 2.902216102536181799e-02
3.281701429188386282e-02 4.435863657997300008e-02 4.001687795275107179e-02 -1.557924218776806924e-01 -7.383191514709076808e-02 6.711592580878297451e-03 -8.466270790556063019e-02
8.287804491440542431e-02 1.211023501236781902e-01 1.288734744210874306e-01 -1.491914839564583706e-01 7.480068688793001241e-02 4.346200165561855955e-02 -5.560823458142924447e-02
1.179197053387012334e-01 1.083606111359327329e-01 1.308956044651235773e-01 -1.550217794913904823e-01 5.777288840049336210e-02 -2.824491489489196552e-02 -6.826253728481018572e-03
6.225164326968767731e-02 6.708885991014905403e-02 1.181897336415401040e-01 -1.386883200490169610e-01 7.203478683453679032e-02 9.497515370982964611e-02 -5.813420145690061797e-02
