2022    0.0366680622101
2013    0.0758311748505
2011    0.119822978973
2065    0.158657073975
2024    0.197629213333
2027    0.232217073441
2029    0.272894144058
2018    0.310569047928
2020    0.343021154404
2021    0.385726213455
2073    0.426376104355
2022    0.454921007156
2032    0.490008115768
2028    0.519092082977
2021    0.553629159927
2024    0.592563152313
2017    0.636228084564
2026    0.674614191055
2003    0.707364082336
2005    0.747685194016
2009    0.777981996536
2004    0.814366102219
2002    0.853258132935
2003    0.893868207932
1997    0.936873197556
2002    0.980776071548
2051    1.01895809174
1998    1.05791902542
2001    1.1018550396
2005    1.14068508148
2006    1.17312908173
1990    1.22101211548
1997    1.25750398636
1988    1.28653120995
1993    1.32572317123
1990    1.36323213577
1988    1.39110708237
1989    1.43505811691
2037    1.46716308594
1992    1.49438405037
1993    1.52768015862
1991    1.57117199898
1992    1.61571121216
1995    1.66396808624
2039    1.69789099693
1981    1.73011898994
1987    1.77476906776
1993    1.8137280941
1997    1.84490513802
2001    1.87415409088
1998    1.91368317604
1995    1.94977998734
1990    2.00573921204
1996    2.05010914803
1997    2.08672213554
1986    2.13021397591
1988    2.18313217163
1999    2.22218513489
1992    2.26108503342
1993    2.29524612427
1988    2.33761906624
1993    2.37570714951
1992    2.41784501076
1992    2.46323609352
1984    2.50710511208
2045    2.53164720535
1992    2.56428909302
1994    2.60046505928
2037    2.64101314545
1997    2.66718506813
1996    2.70334005356
1997    2.73470807076
1986    2.76241016388
1992    2.79708218575
1986    2.82977819443
1990    2.86700510979
1989    2.89937210083
2037    2.94255304337
1987    2.96875405312
1988    3.000426054
2001    3.03662419319
1992    3.07530903816
1992    3.10964107513
1998    3.13399004936
1991    3.16875004768
1985    3.19776821136
1985    3.23104715347
1992    3.26157307625
1991    3.30442810059
1990    3.34786820412
2033    3.38706803322
1986    3.43571901321
1990    3.46955609322
2044    3.50025820732
2000    3.53192806244
1992    3.57583713531
1978    3.61437106133
1984    3.63959813118
1979    3.67567515373
2017    3.70698714256
1979    3.75099802017
1969    3.78948616982
2007    3.8228290081
1951    3.86628317833
1953    3.91036319733
1955    3.94448399544
1964    3.98075199127
1965    4.02449297905
1977    4.06358098984
1972    4.10761117935
1989    4.14630913734
1988    4.17448711395
1996    4.20798611641
2001    4.25186800957
2002    4.29087805748
2060    4.32326102257
2055    4.35089015961
2057    4.41068100929
2011    4.44339418411
2009    4.47802400589
1987    4.50863814354
1998    4.53893899918
1997    4.59040117264
1990    4.63090419769
1992    4.66982913017
1988    4.69843101501
1981    4.74496197701
1989    4.78367614746
2004    4.83127999306
1993    4.86445116997
1996    4.89295506477
2010    4.91663599014
1996    4.94870615005
2012    4.98835206032
2006    5.01466107368
2001    5.04922413826
2011    5.07869505882
2015    5.1082201004
2005    5.14775300026
2008    5.1828930378
2047    5.21085000038
1997    5.24525117874
1997    5.27418804169
2012    5.30694103241
2012    5.35091710091
2005    5.38924217224
2000    5.4335269928
2001    5.47231221199
2016    5.51610302925
2016    5.55399918556
2021    5.59322714806
2068    5.62704515457
2022    5.67106199265
2028    5.698127985
2015    5.72932100296
2023    5.77241301537
2023    5.79882121086
2020    5.83315515518
2035    5.89437508583
2033    5.92704319954
2046    5.95664310455
2044    5.99528098106
2033    6.03283715248
2028    6.05997610092
2093    6.0924270153
2029    6.12055420876
2055    6.15700221062
2049    6.18593716621
2054    6.22929215431
2057    6.26858901978
2057    6.31208920479
2038    6.35031604767
2037    6.37933206558
2043    6.41040205956
2051    6.44319105148
2053    6.47616314888
2059    6.51917815208
2062    6.54718613625
2054    6.57522106171
2054    6.60352897644
2052    6.64721798897
2045    6.68153500557
2046    6.71563601494
2048    6.75855398178
2111    6.78405117989
2106    6.83473110199
2054    6.87009811401
2060    6.9004740715
2061    6.93090605736
2057    6.96130514145
2057    6.99691319466
2062    7.03649997711
2057    7.07533216476
2055    7.1042611599
2056    7.14080405235
2053    7.17454314232
2059    7.21325206757
2053    7.242000103
2062    7.29482603073
2053    7.32877516747
2053    7.36121916771
2098    7.40491509438
2054    7.44392800331
2102    7.48827910423
2053    7.52188706398
2103    7.55708098412
2111    7.58200216293
2079    7.6171309948
2078    7.64707112312
2061    7.68193912506
2068    7.71197509766
2073    7.7519390583
2075    7.78691720963
2071    7.81688904762
2068    7.85193014145
2079    7.88194513321
2076    7.91197919846
2069    7.95189905167
2069    7.99022316933
2073    8.02161216736
2068    8.06455612183
2069    8.10323405266
2072    8.13646101952
2070    8.17539906502
2077    8.21023416519
2074    8.24821615219
2068    8.28266406059
2073    8.32678103447
2062    8.37066411972
2070    8.39815402031
2067    8.44622015953
2070    8.48776912689
2093    8.51423311234
2090    8.55477809906
2142    8.5901491642
2090    8.62060117722
2088    8.66463899612
2087    8.69982910156
2081    8.72917699814
2079    8.76284313202
2091    8.79335212708
2093    8.82311606407
2077    8.85673809052
2084    8.90043115616
2134    8.93935608864
2075    8.96835112572
2094    9.00228619576
2103    9.04598212242
2088    9.08757615089
2101    9.13156914711
2093    9.17568206787
2105    9.2139570713
2096    9.2562019825
2099    9.29992818832
2107    9.33547520638
2100    9.36438012123
2100    9.39890003204
2106    9.42961621284
2109    9.46049618721
2097    9.48939299583
2096    9.52172017097
2093    9.54958605766
2104    9.57298707962
2103    9.61933398247
2103    9.66205620766
2111    9.68743801117
2100    9.72772502899
2105    9.7629711628
2108    9.79317617416
2100    9.83335399628
2105    9.87395906448
2100    9.91110301018
2103    9.93930602074
2103    9.97283601761
2107    10.0054681301
2106    10.0430700779
2109    10.0656821728
2102    10.1033010483
2102    10.1325571537
2103    10.17674613
2110    10.2153921127
2099    10.2487540245
2104    10.281701088
2106    10.3147141933
2111    10.3430211544
2104    10.3788151741
2109    10.418033123
2102    10.4621260166
2110    10.5008890629
2096    10.545541048
2106    10.5835461617
2111    10.6253530979
2098    10.6639621258
2099    10.7069311142
2102    10.7458100319
2102    10.7886331081
2158    10.8326671124
2107    10.8790500164
2103    10.9231071472
2104    10.9675900936
2106    11.0018150806
2101    11.0304291248
2103    11.0746831894
2100    11.118915081
2099    11.1576750278
2109    11.1830320358
2104    11.2211990356
2097    11.2627141476
2102    11.3153800964
2106    11.3545320034
2106    11.3985722065
2102    11.4374260902
2104    11.4767570496
2105    11.5056400299
2104    11.5411481857
2100    11.5749371052
2102    11.616918087
2101    11.6559669971
2110    11.6905632019
2094    11.7341790199
2099    11.7779281139
2107    11.8163890839
2107    11.8597400188
2106    11.903635025
2102    11.9380700588
2104    11.9671061039
2106    12.0013041496
2103    12.0352561474
2109    12.0598361492
2152    12.1052670479
2146    12.1324930191
2110    12.1666409969
2105    12.2072920799
2105    12.2362160683
2105    12.269436121
2151    12.3026781082
2104    12.3311321735
2111    12.3626110554
2104    12.3966431618
2111    12.4356000423
2104    12.4796860218
2110    12.5236701965
2108    12.5619142056
2100    12.5994610786
2103    12.6284821033
2104    12.6626751423
2114    12.6921160221
2157    12.7236289978
2101    12.7559711933
2100    12.7896192074
2099    12.8131899834
2144    12.8469231129
2102    12.8908882141
2091    12.9451971054
2101    12.9794011116
2101    13.0113351345
2104    13.0435681343
2099    13.0786530972
2100    13.1182281971
2096    13.1496481895
2108    13.1971540451
2093    13.2409760952
2102    13.2843351364
2103    13.3131020069
2097    13.3571021557
2104    13.3952641487
2102    13.4265890121
2108    13.4580991268
2096    13.5056409836
2100    13.5393300056
2093    13.5682320595
2108    13.6077020168
2099    13.6473641396
2105    13.6793141365
2109    13.704886198
2108    13.7385861874
2096    13.7813670635
2104    13.8201901913
2098    13.8630030155
2086    13.9018371105
2104    13.933382988
2108    13.9645659924
2084    14.0082681179
2092    14.0470221043
2085    14.0904421806
2094    14.1217951775
2130    14.1655931473
2088    14.2054791451
2089    14.248814106
2093    14.286137104
2082    14.3145010471
2083    14.3484041691
2090    14.3807661533
2129    14.424571991
2084    14.4635660648
2084    14.5075790882
2094    14.5467541218
2079    14.5907549858
2094    14.6296951771
2087    14.6724040508
2078    14.7143831253
2079    14.757073164
2074    14.7963831425
2137    14.827917099
2072    14.8653800488
2070    14.9014480114
2079    14.9384310246
2072    14.982060194
2079    15.0079600811
2068    15.0404541492
2076    15.0845551491
2111    15.1145381927
2076    15.1419692039
2073    15.1772630215
2078    15.2133669853
2068    15.2569401264
2070    15.295894146
2117    15.3399300575
2061    15.3839440346
2074    15.4213750362
2069    15.4602952003
2060    15.494218111
2071    15.5435111523
2061    15.5776281357
2111    15.6122059822
2052    15.6466851234
2064    15.6850981712
2054    15.7163090706
2062    15.7487699986
2064    15.7775499821
2054    15.8097350597
2052    15.8535020351
2052    15.8973271847
2061    15.9379301071
2057    15.9820230007
2051    16.0144519806
2056    16.0576109886
2056    16.0951600075
2064    16.1263911724
2102    16.1853461266
2105    16.2184770107
2050    16.2571060658
2057    16.2992610931
2049    16.3313980103
2048    16.3637111187
2041    16.3960750103
2047    16.4393610954
2041    16.4704480171
2035    16.5137090683
2037    16.5479640961
2032    16.5871860981
2032    16.6157741547
2032    16.6483771801
2029    16.687308073
2042    16.7283411026
2043    16.7666900158
2036    16.8049581051
2031    16.838160038
2044    16.8637180328
2047    16.8965911865
2034    16.9240581989
2033    16.9566221237
2034    17.0002660751
2087    17.0292031765
2035    17.0631639957
2043    17.0882740021
2083    17.1225180626
2045    17.1528811455
2044    17.1840651035
2091    17.2151072025
2042    17.2469770908
2037    17.2832081318
2038    17.3268451691
2047    17.3700170517
2017    17.4078559875
2031    17.4393491745
2022    17.4919891357
2019    17.5387661457
2012    17.5711619854
2019    17.6136431694
2020    17.6559631824
2027    17.6814491749
2029    17.7136340141
2031    17.7455790043
2021    17.77663517
2021    17.8205270767
2020    17.8596031666
2029    17.9038040638
2023    17.938477993
2022    17.9824631214
2024    18.02059412
