-4.988807751506161847e-01 8.056923458004224825e-01 -2.708778329130991924e-01 -2.099298601687680232e+00 -1.210508240582410799e+00
4.562929101146884214e-01 5.203470236194583931e-01 -2.972506809487157065e-01 8.379395440626862257e-01 2.566766257060837941e-01
-2.477144450130686071e-01 -3.064904297443810099e-01 -2.740518173857736106e-01 1.260939398315795046e+00 1.074021794117021145e+00
-2.838630465005122921e-03 6.342342297909774329e-01 -2.060987379612189974e-01 3.240791328371081526e-01 3.062434171120186344e-01
2.297286872590736592e-02 9.677320667011940492e-01 -3.220875624026529604e-01 -1.091025131768375456e+00 -4.307108807874766576e-01
7.617420388247077290e-02 -3.859061634685193587e-01 -2.994557501076867134e-01 -5.407325682573550785e-02 3.801471241567301318e-01
-4.414669988997945160e-01 -1.279241149970513636e-01 -2.563515273720758936e-01 3.744865236776581785e+00 2.083491813317760677e+00
-1.787838843304839220e-01 -8.091603534616743643e-01 -1.840262683018946688e-01 3.840864718039922465e+00 2.006988893374104688e+00
-2.292270306502814936e-01 -9.032487237725287388e-01 -2.087225379191937347e-01 1.110778105333224408e+00 6.598929530533043097e-01
-6.842042493926916435e-01 -6.019074332168553587e-01 -2.981774793752163255e-01 1.055270252635993167e+00 6.058824436444092409e-01
3.125467111111944196e-01 -4.547161729988792311e-01 -2.814935750977000661e-01 1.778071426715922554e+00 1.077826395016219241e+00
-1.674719388410553789e-01 -1.618861355673296254e+00 -1.353994497072286418e-01 1.748866398447792792e+00 7.014009615570705458e-01
4.527242647527032204e-01 -1.654699304786676484e-01 -2.899274796240313146e-01 -1.093161676070969701e+00 -6.495147440207815759e-01
3.548093142573930936e-01 1.213649558658286276e-01 -2.720040857938472723e-01 -2.357123015650472997e+00 -1.451226300598162267e+00
2.767264765375067048e-01 1.033623330554694020e+00 -3.168315720806858526e-01 -1.928571008910329398e+00 -9.243473915428964682e-01
9.843589811716243476e-01 -3.216518383497700140e-01 -3.603318220131225269e-01 -4.321138164157078410e-01 -3.324304030472993721e-01
2.252462071559102608e-01 2.151226777536055512e-01 -3.365562153630052844e-01 -1.958646970679602806e-01 -4.250996832041211149e-01
-2.884934155582787318e-01 7.890528303444249714e-01 -3.337505716826045243e-01 -2.049665023016615351e+00 -1.234727801417606852e+00
-4.182358461526851090e-01 -1.750113184765472452e-01 -2.286436046223269680e-01 -2.814787169310585924e+00 -1.822260871304879570e+00
3.512500005672272718e-02 8.752929032837429846e-01 -2.831109644008091286e-01 -2.264459726438520892e+00 -2.171963040094291753e+00
