5.678133725452320091e-01 8.400602619670816118e-01 -1.778591280145027209e+00 6.662993116231190616e-01 -6.706784431416496162e+00 3.760914088271634981e+00 1.500460611418812817e+00
1.989305463684796660e+00 1.775360098542962728e+00 -2.397569001156628943e+01 7.409653145157703014e-01 -4.983366503443853901e+00 -2.367235128367432662e+00 1.697824273225119862e+00
1.917206355031638235e-02 -4.220942656526031622e-01 -3.615841582876822002e-01 4.540265599054854606e-01 -3.844662993911339144e-01 1.838223966916111785e+00 1.913484962589904415e+00
-8.473912328665274274e-02 7.403893922449551468e-01 2.696890406662822315e+01 4.068020950628115084e-01 5.050723880882064698e+00 2.505561324514855137e+00 1.609775201617341889e+00
9.007482183295913991e-01 1.223012190538935062e+00 2.612399238412129066e+01 4.957777888088903961e-01 4.671017143621610579e+00 2.384813851497642911e+00 1.561767937372754211e+00
-1.050561972944570766e+00 -1.846857864782133207e+00 1.348047113895752425e+01 5.918220568845848906e-01 4.826546106118372315e+00 1.459597075257486720e+00 1.628723499319333801e+00
9.562591063907576183e-01 8.264627286530629169e-01 -6.797226789430059313e+00 5.260367620525813193e-01 3.943710220729427784e-01 -2.584124199606143257e+00 1.650065417239521715e+00
1.422987620540911102e+00 6.318181698752468600e-01 -1.326733270776043483e+01 7.247639604599814822e-01 1.318225903528079002e+00 -2.081125566727947351e+00 1.604914781141823843e+00
-7.748010749840701372e-01 -1.027284105008756443e+00 7.287504080082036317e+00 6.470618976912047016e-01 -2.048602982489431956e-01 5.348553438970886198e+00 1.428643274596516299e+00
9.067507598910630184e-01 1.005343477249998729e+00 7.562146005684466488e+00 3.703904909900715969e-01 5.749331490420031443e+00 1.894969928408676063e+00 1.382979052757672633e+00
-5.622402254960382484e-01 -4.516050231552122263e-01 -1.487795191036167175e+01 5.381275574899936354e-01 6.054804047426953773e+00 -4.364666105383877337e+00 1.563262934331107301e+00
9.821752307889645150e-01 9.524461686719468689e-01 -2.162667503452357920e+01 3.952426140581872804e-01 3.844501383567537012e+00 -7.385009526856132211e+00 1.798721580234438289e+00
-3.526330377424752971e+00 -3.654790181163016349e+00 1.056655084007953960e+01 5.977333992459211709e-01 -3.740246898356213157e-01 2.277831210920346905e+00 1.541363112258812729e+00
1.751460189431973680e-01 9.767590959962749175e-02 1.495327704276318892e+00 6.643645509546453054e-01 -5.338443412449605852e+00 4.411526387651142078e-02 1.516208819287746978e+00
2.468923368642692129e+00 2.323989144172265320e+00 1.333477163273103061e+00 6.482398346586993876e-01 -5.359238997582203012e+00 -1.346201298555605719e-01 1.780793898720806068e+00
-3.241419270009890941e+00 -3.129819544399995657e+00 -1.123212173182496976e+01 7.930544340982791374e-01 -1.816894459088293612e+00 -2.589692686754232920e+00 1.582363117256751828e+00
1.395859028081472275e-01 1.717857763051669762e-01 -1.504355965351691360e+01 5.210989108904495737e-01 5.349967700108192226e+00 -4.293586110275792400e+00 1.515793695181971490e+00
9.475516861455546280e-01 1.641464126046805694e+00 2.117021156281122085e+00 5.850457385186781378e-01 -4.039293463278755603e+00 1.734297001871948574e+00 1.674882859522995870e+00
-3.633565883302414257e+00 -2.936763856786672289e+00 6.239765866492620106e+00 6.625601235547918799e-01 -2.738678223313207649e+00 4.329891171312922893e+00 1.532582377304910093e+00
1.275273525768660265e+00 1.155452719466752987e+00 7.878239921197265794e+00 7.379929946495883408e-01 -9.449579468961004647e-01 -1.677898344439555656e+00 1.509607943946845721e+00
