-1.545625346212294582e-01 5.879348031930344692e-02 -6.755446865524192268e-02 1.025836233963489386e-01 -6.117516919703639561e-02 1.973754000210240500e-01 4.450420532663051931e-02
-3.513420693986320231e-02 1.262262178778049138e-01 -1.214455273848544792e-01 -6.938096952965597253e-02 -6.741625651162069799e-02 1.248677291724709926e-01 3.912795607164504599e-03
-6.807843817781991658e-02 3.354846975706916867e-02 -8.011198583232057024e-02 -1.356150365138705793e-01 -1.597118585627545564e-02 -4.297151781235457324e-02 8.663509534883737095e-02
4.574092717215619015e-04 9.389889455619135350e-02 2.567696782100144237e-02 5.648937728074383824e-02 -4.244510661035034819e-03 6.330951182120159171e-02 9.159175606486909260e-02
3.829580148531021647e-03 4.126885749121166763e-02 6.855759739428371469e-02 8.168926422247343999e-02 -1.368921716809375945e-02 1.443416617262797408e-01 -2.921754895547097608e-02
-6.671711159936392910e-02 6.580193047251159388e-02 -1.194525000252681796e-01 2.942472963920818307e-02 -3.560709972600387824e-02 1.922039540358904675e-01 1.114033671470773812e-01
-6.969163656215021652e-02 -1.719120937340944469e-02 -1.463838795038704867e-03 1.882898842608908899e-02 -5.261482561158709048e-02 2.214970977051059220e-01 1.173894704530690503e-01
-1.743148326914392976e-01 4.060368278107936990e-02 -3.276366212720806248e-02 8.344518958507463058e-02 -8.295590678818824670e-02 2.449886288410175750e-01 6.088202972442357391e-02
-9.877215243379557086e-02 1.624034030825537156e-01 -1.046357748753402699e-02 -4.149954364501255016e-02 4.019443825822691801e-02 2.215616932418295049e-01 1.444727206155683730e-01
-1.991634483782325216e-01 8.031134582315541115e-02 -2.961450315631686259e-02 -1.055475284614306591e-02 4.161852936008630238e-02 2.087526637939052243e-01 1.300384292854718515e-01
-4.630866068068902053e-02 5.353447205412165816e-02 -7.896659818325282854e-02 8.057046226106449882e-02 7.018135270736125531e-02 8.038076802887919592e-02 1.287385368648084061e-01
-7.305393944700955267e-02 1.314160977519340245e-01 -7.074466901730901147e-02 -1.121079213825528116e-02 4.632832566775807459e-02 2.292132957554173303e-02 -2.023519766740393411e-02
5.087328282331065460e-02 4.526664776338200358e-02 -4.798042846026176478e-02 -9.221523969836001311e-02 -2.352814634289154827e-02 1.698592195776657821e-01 -2.607538401934701017e-02
-1.532612513855639291e-01 8.539718647731918411e-02 4.236955174874337815e-02 6.340194746385304642e-03 6.938903173711429007e-02 1.376306751410316664e-01 4.358280921538549429e-02
2.335980770347884442e-02 7.192846350242312892e-02 -2.931439520813582111e-02 1.157871463851892629e-01 -5.527304689190899040e-02 6.986986680544585160e-02 -1.501535349000562847e-03
9.822657307514484626e-03 1.309669303902573356e-01 -4.880040514498966420e-02 4.471524034725819774e-02 4.387014957713478158e-02 1.282755014827544893e-01 -6.003033425925343239e-03
-1.873341128347256745e-01 1.465977420568018996e-01 -7.422805510362455450e-02 1.387867690128488929e-01 -1.194952895719982588e-01 9.919476702075795405e-02 1.399082694762284751e-01
-9.526777391662936967e-02 1.130459826933336853e-01 -3.495039112664486552e-02 -6.101897867592834257e-02 1.696495435060785479e-03 1.804048355150912053e-01 3.029453819911339524e-02
-5.945085519188114676e-02 7.780956141387212165e-03 -7.659373204842921667e-02 8.218188894976695413e-02 -5.421118971334987213e-02 1.539835130618411041e-01 8.607957645667273228e-02
-1.784038364970280122e-01 2.396852443485589235e-02 6.271870042977539805e-02 1.491574545957273235e-01 -6.151324552998386347e-03 1.223483182935593827e-01 5.766376289343166928e-02
