2144    0.02689909935
2150    0.0602920055389
2148    0.103293180466
2152    0.145416975021
2151    0.182506084442
2151    0.225986003876
2152    0.25874209404
2166    0.296807050705
2167    0.331220149994
2186    0.358349084854
2194    0.405913114548
2279    0.434714078903
2228    0.468482971191
2318    0.499868154526
2255    0.543193101883
2277    0.573135137558
2297    0.60373210907
2287    0.667154073715
2287    0.706057071686
2320    0.709733009338
2324    0.743739128113
0    0.781687021255
2339    0.789872169495
2349    0.827399969101
0    0.863448143005
2422    0.869201183319
2359    0.897367954254
0    0.92561006546
2418    0.939027070999
2348    0.974951982498
2349    0.983132123947
2351    1.01629805565
2349    1.0530090332
2363    1.07971906662
2364    1.11149406433
2370    1.15922904015
2378    1.20556402206
2390    1.23767614365
2392    1.27528095245
2418    1.30218410492
2411    1.33389806747
2407    1.3656001091
2422    1.39742708206
2439    1.43426799774
2445    1.48628306389
2460    1.52398610115
2535    1.56738996506
2482    1.61048913002
2508    1.63542199135
2503    1.66908097267
2580    1.70444107056
2481    1.74794602394
2544    1.7862970829
2450    1.82444810867
2432    1.86617898941
2466    1.89952802658
2378    1.94627714157
2370    1.97219610214
2420    2.00555515289
2403    2.04906105995
2400    2.08774018288
2323    2.13086414337
2315    2.16054105759
2322    2.19529914856
2303    2.23518395424
2299    2.26367998123
2303    2.29571914673
2379    2.33284902573
2290    2.36850094795
2356    2.40161514282
2271    2.43765306473
2272    2.47612404823
2261    2.51906514168
2263    2.54486918449
2253    2.57638716698
2253    2.60942816734
2242    2.65183711052
2229    2.67867898941
2224    2.71163105965
2222    2.75492811203
2214    2.78520202637
2215    2.82111001015
2217    2.85710501671
2194    2.91001605988
2188    2.94326305389
2184    2.97018909454
2188    3.00692009926
2175    3.03869605064
2180    3.08201217651
2179    3.12502002716
2168    3.17145800591
2163    3.20373415947
2156    3.23437809944
2243    3.26603507996
2167    3.2987651825
2164    3.34198713303
2152    3.38525295258
2160    3.42629003525
2138    3.46464300156
2135    3.49629998207
2145    3.5330221653
2127    3.57645010948
2121    3.60923314095
2117    3.64205002785
2111    3.67484498024
2095    3.70268917084
2102    3.73559713364
2182    3.77397108078
2175    3.81746006012
2103    3.85640215874
2175    3.8871011734
2120    3.91505098343
2140    3.95252609253
2134    3.99161505699
2224    4.01976299286
2165    4.0524790287
2163    4.09430003166
2180    4.14069795609
2184    4.1794321537
2271    4.20511007309
2195    4.23844408989
2273    4.2715959549
2198    4.29980897903
2202    4.33299016953
2194    4.36115098
2196    4.39445209503
2190    4.43274402618
2187    4.48135709763
2206    4.52451896667
2216    4.55056214333
2200    4.58809113503
2223    4.61582708359
2229    4.64859008789
2226    4.68131804466
2240    4.70898103714
2237    4.74170994759
2260    4.77443599701
2252    4.81207418442
2329    4.85491013527
2272    4.88265705109
2269    4.91538095474
2271    4.94312405586
2292    4.98151302338
2299    5.01965713501
2300    5.06037306786
2322    5.08632898331
2315    5.11925411224
2398    5.16765904427
2322    5.20088195801
2351    5.24087905884
2349    5.27905702591
2373    5.31098413467
2376    5.34484410286
2375    5.36881709099
2355    5.40220117569
2450    5.43089604378
2378    5.46892118454
2476    5.49572515488
2396    5.52725505829
2393    5.55532312393
2405    5.59951615334
2421    5.63763618469
2428    5.6682779789
2446    5.69846200943
2445    5.73483395576
2456    5.76427602768
2461    5.79553508759
2551    5.82505106926
2487    5.85728502274
2496    5.89537215233
2522    5.93534398079
2516    5.97447109222
2526    6.01222610474
2538    6.04494714737
2554    6.09857416153
2586    6.13725709915
2595    6.17576003075
2610    6.21904802322
2633    6.24688506126
2637    6.28338599205
2633    6.30820298195
2617    6.34137010574
2614    6.38502311707
2600    6.414260149
2567    6.46620607376
2540    6.50868797302
2505    6.54656505585
2516    6.57391405106
2508    6.60623717308
2529    6.63348698616
2510    6.66589903831
2521    6.70476102829
2497    6.74415111542
2478    6.79008197784
2475    6.82863306999
2460    6.86745405197
2452    6.91105914116
2438    6.94819712639
2427    6.98466396332
2505    7.01065802574
2400    7.04139399529
2412    7.07379508018
2411    7.12913298607
2386    7.16835904121
2362    7.206346035
2349    7.23880314827
2348    7.28185915947
2329    7.3191549778
2330    7.35581803322
2340    7.38001608849
2337    7.44157314301
2337    7.47430300713
2325    7.48213195801
2315    7.51240897179
0    7.53916716576
2298    7.5537071228
2303    7.57776498795
0    7.62415409088
2310    7.63070011139
2303    7.66701006889
0    7.69454908371
2283    7.70071315765
2289    7.74123001099
0    7.77486801147
2283    7.78206801414
2285    7.8160970211
2282    7.85518503189
2287    7.88423109055
2294    7.92335104942
2285    7.96288609505
2273    8.00141215324
2281    8.03311514854
2270    8.06809711456
2270    8.10106706619
2270    8.13321995735
2272    8.16436100006
2270    8.1980919838
2281    8.22548007965
2262    8.25906205177
2341    8.3025021553
2341    8.35610198975
2258    8.35992217064
2256    8.39869904518
2262    8.43564200401
2255    8.46759605408
2259    8.50003194809
2264    8.53279495239
2247    8.57638311386
2257    8.61507105827
2249    8.64702010155
2254    8.6854300499
2255    8.7188270092
2253    8.75176215172
2260    8.79557108879
2265    8.83782410622
2262    8.87620902061
2266    8.91967201233
2343    8.95743203163
2282    8.99023008347
2284    9.01802802086
2286    9.05578398705
2292    9.09248399734
2375    9.11935806274
2320    9.15586495399
2317    9.20141005516
2341    9.24373602867
2341    9.2817261219
2363    9.31042408943
2366    9.34443616867
2363    9.38304305077
2370    9.4167201519
2387    9.45975899696
2416    9.48591303825
2496    9.51706409454
2446    9.54762601852
2447    9.59875416756
2461    9.6294670105
2473    9.67570900917
2466    9.69861316681
2471    9.73136806488
2466    9.76419115067
2474    9.7969789505
2483    9.82975816727
2480    9.85759305954
2487    9.89043712616
2484    9.91832900047
2557    9.9561290741
2482    9.98399496078
2506    10.0174751282
2494    10.0609891415
2508    10.0995891094
2524    10.1429100037
2524    10.1807541847
2540    10.2090930939
2539    10.2471489906
2566    10.273058176
2558    10.3173520565
2589    10.3405940533
2596    10.3787989616
2667    10.4157571793
2613    10.4642260075
2604    10.5063230991
2589    10.5396239758
2586    10.5683259964
2568    10.6067399979
2541    10.6452560425
2586    10.6780569553
2476    10.7057750225
2445    10.741286993
2436    10.7702970505
2420    10.8045511246
2403    10.8390469551
2463    10.8825690746
2371    10.9161939621
2428    10.9497671127
2429    10.9775731564
2423    11.0158360004
2335    11.0533361435
2321    11.1016311646
2315    11.1339461803
2303    11.1706950665
2298    11.2087550163
2292    11.2447061539
2275    11.2803139687
2273    11.3132281303
2280    11.3442959785
2252    11.3875901699
2238    11.4125511646
2238    11.4382741451
2231    11.4817810059
2216    11.5094661713
2222    11.5420761108
2209    11.574999094
2207    11.6182119846
2196    11.6562349796
2196    11.689289093
2200    11.7261271477
2193    11.7639429569
2188    11.794175148
2179    11.8214149475
2180    11.859416008
2161    11.9059810638
2174    11.9420170784
2157    11.9670510292
2150    12.0005500317
2217    12.03414011
2202    12.0629501343
2140    12.0964291096
2134    12.1327049732
2135    12.1683530807
2158    12.2114319801
2149    12.2500710487
2231    12.2795231342
2166    12.3230340481
2171    12.3500449657
2172    12.3851840496
2171    12.4284510612
2181    12.4714529514
2183    12.5082540512
2188    12.5380539894
2186    12.5780229568
2185    12.6033241749
2153    12.6496331692
2172    12.680024147
2170    12.7089619637
2159    12.7489089966
2232    12.7841110229
2149    12.8146150112
2159    12.8468661308
2153    12.8788461685
2230    12.910804987
2148    12.9390971661
2153    12.9748830795
2174    13.0063199997
2167    13.049268961
2175    13.0975100994
2181    13.1307041645
2187    13.1619780064
2190    13.1916539669
2203    13.2263979912
2199    13.2581090927
2191    13.3009181023
2194    13.3440570831
2193    13.3875629902
2192    13.4256851673
2199    13.4693441391
2198    13.5076611042
2198    13.5358781815
2185    13.5725979805
2217    13.6025509834
2201    13.6339800358
2225    13.6662311554
2252    13.7027521133
2258    13.7339119911
2255    13.7620530128
2265    13.7988920212
2292    13.8404951096
2281    13.8694410324
2282    13.9128820896
2309    13.9429659843
2382    13.9735500813
2303    14.009193182
2300    14.0498030186
2343    14.0887629986
2343    14.1146430969
2333    14.1483550072
2335    14.1807880402
2348    14.2242801189
2370    14.2630441189
2356    14.2968800068
2358    14.3259010315
2462    14.3588051796
2446    14.4023439884
2374    14.4454450607
2403    14.4862539768
2400    14.5392889977
2416    14.5743319988
2400    14.6076250076
2476    14.6389269829
2427    14.6819369793
2421    14.7239990234
2510    14.7626931667
2452    14.7948961258
2475    14.8256909847
2514    14.8663260937
2505    14.8920910358
2496    14.925317049
2509    14.9687421322
2499    15.006896019
2500    15.0376281738
2488    15.0654239655
2497    15.1050701141
2489    15.1295480728
2465    15.1641111374
2440    15.1937630177
2516    15.234183073
2421    15.272600174
2387    15.315857172
2377    15.3446979523
2361    15.3774631023
2363    15.4199039936
2417    15.4472851753
2350    15.4851861
2340    15.5235049725
2421    15.5667171478
2330    15.6085989475
2315    15.6520600319
2291    15.6905691624
2285    15.7185599804
2285    15.7544920444
2264    15.7968101501
2252    15.8255879879
2258    15.8597249985
2254    15.9030029774
2232    15.9420111179
2248    15.9701361656
2244    16.0075540543
2233    16.0467290878
2227    16.0849721432
2212    16.1231300831
2212    16.1681261063
2197    16.1962730885
2194    16.2395119667
2181    16.2777140141
2181    16.3100659847
2186    16.348459959
2156    16.3771049976
2167    16.4129450321
2173    16.4438560009
2166    16.4752559662
2153    16.5040950775
2145    16.5381081104
2143    16.566395998
2155    16.6019260883
2231    16.6266710758
2148    16.676828146
2151    16.7184970379
2141    16.7423501015
2141    16.781263113
2141    16.807254076
2133    16.838971138
2140    16.8756511211
2133    16.9140110016
2128    16.9520611763
2140    16.9877810478
2209    17.025881052
2131    17.0591151714
2205    17.1077780724
2132    17.1410169601
2143    17.1708660126
2145    17.2058091164
2144    17.2356901169
2127    17.2808361053
2212    17.3074440956
2142    17.33928895
2126    17.3713591099
2138    17.4163050652
2118    17.4587111473
2191    17.4911141396
2117    17.5284860134
2116    17.5562291145
2130    17.5856461525
2188    17.6173620224
2125    17.6496810913
2200    17.6816551685
2126    17.7149460316
2117    17.7588341236
2127    17.8007330894
2117    17.8438210487
2123    17.881747961
2141    17.9159371853
2133    17.953248024
2131    17.9967710972
2134    18.0404529572
