2149    0.0285668373108
2160    0.0607209205627
2153    0.108076810837
2160    0.132081985474
2223    0.165349006653
2149    0.193822860718
2150    0.237288951874
2149    0.280683994293
2172    0.306282997131
2184    0.338161945343
2198    0.375926971436
2286    0.424212932587
2224    0.46756196022
2237    0.49494600296
2262    0.52757692337
2272    0.571312904358
2286    0.609671831131
2301    0.652933835983
2298    0.679322957993
2298    0.719057798386
2334    0.755975008011
2337    0.797405958176
2347    0.825164794922
2347    0.852979898453
2427    0.88832783699
2358    0.918860912323
2351    0.964630842209
2360    0.990183830261
2360    1.02088594437
2356    1.05147194862
2372    1.08702588081
2367    1.11679697037
2387    1.18604588509
2406    1.22170686722
2404    1.25681185722
2411    1.29504680634
2426    1.33306694031
2497    1.36889481544
2417    1.40690279007
2436    1.43872785568
2451    1.48231482506
2476    1.50971984863
2487    1.55948090553
2480    1.59542679787
2491    1.63387489319
2504    1.6622838974
2505    1.70302391052
2481    1.73671483994
2461    1.78058290482
2445    1.81308794022
2415    1.8569920063
2388    1.89758086205
2372    1.93386101723
2349    1.96205592155
2350    1.9930138588
2352    2.03688502312
2331    2.07991099358
2312    2.12209200859
2303    2.16040587425
2324    2.19365382195
2301    2.23682379723
2303    2.26421880722
2352    2.29739689827
2292    2.33207893372
2285    2.35618281364
2364    2.39048886299
2266    2.43875384331
2276    2.49742484093
2276    2.53595089912
2265    2.54323792458
2252    2.59995794296
2252    2.63272690773
2310    2.6392519474
2225    2.67077279091
0    2.71743798256
2226    2.72592592239
2280    2.74563884735
0    2.78383684158
2201    2.82666993141
2194    2.83313989639
2199    2.86821985245
0    2.91097688675
2175    2.91876292229
2180    2.95188999176
0    2.99104785919
2183    2.99380397797
2171    3.02656292915
0    3.07451891899
2175    3.07730484009
2168    3.10799980164
0    3.14856982231
2172    3.15399479866
2175    3.17679095268
0    3.20744299889
2156    3.21797180176
2149    3.23858499527
0    3.27023696899
2142    3.28163194656
2216    3.31249189377
0    3.34415602684
2149    3.35068583488
2146    3.38335680962
0    3.41639280319
2138    3.423183918
2120    3.46581292152
0    3.50293302536
2126    3.51094985008
2096    3.53121495247
0    3.56688284874
2115    3.57272386551
2110    3.60160589218
2106    3.63526701927
2111    3.6699488163
2109    3.70702886581
2104    3.75018286705
2106    3.78139281273
2173    3.82472801208
2113    3.86817789078
2134    3.90398192406
2205    3.94682002068
2171    3.97311592102
2164    4.00632786751
2185    4.04167079926
2187    4.08012986183
2173    4.10838794708
2187    4.14465999603
2197    4.18284392357
2201    4.21519589424
2203    4.24643683434
2193    4.27236580849
2195    4.30875086784
2207    4.33451080322
2186    4.36811590195
2189    4.39680790901
2269    4.43262600899
2193    4.46836900711
2204    4.50919389725
2204    4.54509902
2206    4.59863591194
2224    4.63603901863
2232    4.67816185951
2238    4.70493483543
2246    4.73801898956
2303    4.76633095741
2259    4.79957199097
2257    4.84306788445
2273    4.87584590912
2270    4.9134888649
2262    4.94632792473
2285    4.97450995445
2282    5.00636982918
2299    5.04941391945
2384    5.08003401756
2397    5.11067390442
2326    5.14181399345
2329    5.17828392982
2329    5.21429896355
2330    5.24661302567
2358    5.27904701233
2350    5.32211494446
2366    5.35202980042
2371    5.38801693916
2376    5.42061686516
2391    5.45146179199
2382    5.48214483261
2389    5.51288986206
2403    5.54875683784
2407    5.57539391518
2490    5.62324881554
2433    5.64852499962
2441    5.69446396828
2440    5.73248386383
2464    5.77445101738
2462    5.81219887733
2463    5.84508085251
2492    5.88498497009
2510    5.9152200222
2576    5.95012402534
2518    5.98531794548
2525    6.02057981491
2547    6.05294680595
2553    6.09638381004
2569    6.13982582092
2584    6.18288683891
2610    6.20954799652
2636    6.24629402161
2627    6.28965783119
2637    6.33795595169
2697    6.36572885513
2673    6.40057182312
2585    6.43202495575
2559    6.46153187752
2553    6.49356579781
2540    6.51856184006
2526    6.55510091782
2508    6.59310698509
2525    6.63648891449
2511    6.67901086807
2510    6.71733593941
2502    6.7478787899
2486    6.79574298859
2559    6.83336400986
2467    6.86275982857
2452    6.89574694633
2433    6.9386909008
2436    6.97698187828
2432    7.00905489922
2482    7.03910779953
2420    7.07406997681
2418    7.10398602486
2392    7.1339328289
2372    7.17884588242
2372    7.21870684624
2446    7.24864888191
2349    7.28353786469
2357    7.32361793518
2411    7.34861779213
2343    7.38848090172
2344    7.42335700989
2327    7.45370101929
2316    7.48886084557
2321    7.51876091957
2313    7.5488038063
2310    7.58390283585
2302    7.61369085312
2310    7.64883494377
2382    7.68197894096
2298    7.7253279686
2286    7.76867794991
2293    7.80556797981
2293    7.83547186852
2292    7.87046194077
2277    7.89702701569
2269    7.92874383926
2281    7.9652659893
2283    8.00188493729
2282    8.04364681244
2264    8.08596682549
2266    8.12029480934
2270    8.14853596687
2272    8.18172097206
2270    8.21449685097
2269    8.24557590485
2261    8.27956986427
2260    8.30875992775
2258    8.34288287163
2264    8.36732387543
2246    8.41027092934
2257    8.45397996902
2265    8.4899699688
2262    8.52379488945
2264    8.55428886414
2337    8.58445596695
2255    8.61279082298
2264    8.65230989456
2261    8.6910970211
2323    8.7198638916
2277    8.75867295265
2268    8.80243992805
2270    8.82606387138
2278    8.85982394218
2274    8.89354395866
2270    8.92211484909
2279    8.9608438015
2295    8.99968481064
2296    9.0334148407
2287    9.0721309185
2292    9.11590695381
2303    9.16138792038
2325    9.21789383888
2331    9.25085783005
2397    9.28474497795
2421    9.31268191338
2376    9.34762597084
2367    9.3754940033
2364    9.40690779686
2382    9.45085191727
2393    9.49389600754
2408    9.53652095795
2432    9.56285786629
2440    9.60456681252
2452    9.6417658329
2460    9.67755198479
2468    9.71574997902
2467    9.74439501762
2481    9.77777600288
2481    9.80624198914
2483    9.86739182472
2475    9.91190195084
2559    9.94616985321
2494    9.97953295708
2499    10.0088078976
2520    10.0409469604
2538    10.0729079247
2608    10.1093118191
2608    10.1466829777
2541    10.1750299931
2538    10.2090058327
2556    10.245153904
2592    10.2883329391
2604    10.3256168365
2595    10.3591508865
2681    10.4022908211
2614    10.4404439926
2665    10.4835100174
2577    10.5073158741
2569    10.5462639332
2528    10.5853469372
2494    10.6137068272
2493    10.6457309723
2467    10.6742758751
2432    10.7116448879
2477    10.7500588894
2392    10.7937779427
2387    10.8210039139
2380    10.853443861
2367    10.8809099197
2365    10.9235827923
2366    10.9616568089
2349    10.9984989166
2354    11.0272428989
2331    11.061606884
2385    11.1052019596
2374    11.1326928139
2301    11.1659388542
2293    11.1986420155
2296    11.2302558422
2284    11.2611129284
2268    11.3043019772
2266    11.3401408195
2253    11.37332201
2240    11.4165349007
2219    11.4430978298
2230    11.4771368504
2234    11.506387949
2210    11.5357148647
2208    11.5680449009
2216    11.6069338322
2195    11.6446738243
2194    11.6713819504
2202    11.7088088989
2192    11.7441987991
2179    11.7871229649
2186    11.8252367973
2188    11.8529028893
2167    11.885037899
2167    11.9176080227
2168    11.9461708069
2144    11.9845709801
2148    12.0177028179
2144    12.0543417931
2131    12.1033358574
2134    12.1390988827
2214    12.1723828316
2147    12.2050538063
2153    12.2363188267
2160    12.2919778824
2169    12.3274989128
2171    12.3559298515
2183    12.3893048763
2189    12.4227428436
2248    12.4512138367
2175    12.484651804
2179    12.5181419849
2180    12.5515708923
2182    12.5849540234
2172    12.6188108921
2167    12.6670029163
2163    12.7003159523
2151    12.733175993
2151    12.7768909931
2158    12.8203659058
2145    12.857156992
2224    12.8893740177
2150    12.9472339153
2162    12.9748179913
2233    13.0074748993
2166    13.0401899815
2166    13.0738890171
2255    13.1013438702
2255    13.133150816
2194    13.1613588333
2198    13.1984767914
2204    13.2290959358
2194    13.2641057968
2269    13.2890028954
2194    13.324313879
2203    13.3545258045
2195    13.3976519108
2195    13.4408969879
2193    13.4791269302
2202    13.5065279007
2206    13.552644968
2279    13.5961380005
2231    13.6391878128
2218    13.6850998402
2240    13.7187469006
2268    13.7566039562
2269    13.7895607948
2284    13.8227748871
2284    13.8509919643
2285    13.8842890263
2286    13.9125959873
2301    13.9509270191
2300    13.9792218208
2386    14.01243186
2328    14.045691967
2319    14.0890748501
2335    14.1272568703
2343    14.160451889
2332    14.1886878014
2349    14.2169959545
2342    14.2501678467
2361    14.2832038403
2383    14.3213908672
2382    14.3496258259
2387    14.3878149986
2378    14.4210269451
2461    14.4542238712
2403    14.4909489155
2392    14.5277428627
2402    14.5604469776
2422    14.5871009827
2427    14.6195189953
2424    14.6516349316
2439    14.6943678856
2452    14.7327268124
2547    14.7590749264
2488    14.7947928905
2507    14.820335865
2559    14.8709599972
2497    14.9042358398
2496    14.9325909615
2508    14.9687650204
2499    15.0055339336
2481    15.0384638309
2451    15.0713260174
2432    15.1041998863
2416    15.1321148872
2380    15.1654839516
2376    15.2027139664
2373    15.2512140274
2340    15.2946059704
2428    15.3211779594
2362    15.351831913
2359    15.3910279274
2355    15.4271450043
2329    15.4593718052
2339    15.4909689426
2317    15.522343874
2370    15.5560679436
2303    15.5950169563
2285    15.6240618229
2279    15.6570408344
2271    15.7000989914
2278    15.7334988117
2263    15.7586128712
2252    15.7916889191
2264    15.821395874
2243    15.8543798923
2243    15.8978099823
2226    15.94145298
2220    15.9847369194
2209    16.0266239643
2210    16.0633888245
2202    16.0982518196
2191    16.1406459808
2191    16.1680059433
2183    16.20043993
2179    16.2278699875
2186    16.2652628422
2161    16.2927110195
2234    16.3251588345
2173    16.3655209541
2164    16.4037399292
2172    16.4446439743
2245    16.4830539227
2152    16.5200808048
2144    16.553262949
2146    16.5911009312
2161    16.6264829636
2158    16.6534698009
2149    16.686716795
2131    16.7117168903
2134    16.7481758595
2202    16.7866389751
2124    16.8198299408
2146    16.8569200039
2134    16.9042289257
2141    16.9466588497
2139    16.984913826
2143    17.0160608292
2135    17.0593190193
2130    17.0860898495
2137    17.1116268635
2133    17.1599259377
2125    17.1848988533
2140    17.2199389935
2125    17.2527768612
2132    17.2961637974
2207    17.3249030113
2146    17.3586699963
2137    17.3974289894
2136    17.4311938286
2135    17.4599499702
2119    17.4986689091
2118    17.5274019241
2121    17.5611360073
2120    17.5949559212
2187    17.6342549324
2111    17.6704559326
2127    17.7073359489
2130    17.743803978
2121    17.782392025
2121    17.8208489418
2129    17.860355854
2145    17.8841378689
2141    17.9229028225
2142    17.9468379021
2138    17.9820728302
2132    18.0130958557
