2146    0.0375850200653
2146    0.0707330703735
2221    0.109049081802
2148    0.137260913849
2227    0.170399904251
2147    0.202689886093
2156    0.242585897446
2168    0.280843019485
2183    0.319233894348
2197    0.351803064346
2199    0.384943962097
2209    0.428064107895
2225    0.466062068939
2246    0.49779009819
2323    0.529695034027
2270    0.561467885971
2360    0.593488931656
2303    0.620244979858
2303    0.652226924896
2300    0.703984022141
2325    0.742640018463
2339    0.779402017593
2339    0.816309928894
2351    0.854733943939
2350    0.898693084717
2352    0.92782497406
2358    0.961917877197
2358    0.986105918884
2357    1.02030587196
2348    1.05184388161
2367    1.09305906296
2365    1.13619804382
2382    1.16702103615
2396    1.2055170536
2406    1.2384250164
2390    1.27197694778
2417    1.30184602737
2489    1.33196091652
2423    1.3676879406
2435    1.41329908371
2448    1.4593129158
2467    1.48660302162
2484    1.5207490921
2505    1.54660201073
2496    1.57997989655
2501    1.61312389374
2497    1.64120602608
2507    1.66941809654
2491    1.70760393143
2494    1.73323488235
2453    1.76623487473
2423    1.79701209068
2394    1.8326818943
2389    1.86860704422
2359    1.90491604805
2358    1.93744397163
2333    1.98053598404
2331    2.01868891716
2303    2.0810239315
2311    2.11418604851
2310    2.15205097198
2298    2.18051600456
2362    2.21377301216
2289    2.24480104446
2294    2.27568101883
2293    2.30793404579
2270    2.35118103027
2245    2.3945748806
2260    2.43774199486
2243    2.48131394386
2234    2.51703596115
2236    2.55341601372
2219    2.59124898911
2217    2.62120509148
2218    2.65419507027
2217    2.69677805901
2273    2.73358201981
2192    2.76164603233
2179    2.79843997955
2182    2.83529806137
2175    2.86717391014
2182    2.91914701462
2182    2.96170806885
2168    2.964646101
2161    2.99745488167
0    3.0310549736
2235    3.03834295273
2230    3.07803797722
0    3.12474393845
2156    3.13111710548
2166    3.15227890015
0    3.18897199631
2166    3.1953868866
2139    3.23164510727
0    3.26834797859
2146    3.27487301826
2134    3.30453109741
0    3.34624290466
2133    3.35280108452
2142    3.37972402573
0    3.42272400856
2194    3.42782592773
2117    3.46223807335
0    3.49792695045
2101    3.50323295593
2109    3.53352808952
0    3.56429195404
2104    3.56984710693
2104    3.60052204132
0    3.63655805588
2102    3.64330887794
2111    3.68443799019
2099    3.69152188301
2172    3.72436499596
0    3.75730109215
2185    3.76509594917
2196    3.79293704033
2115    3.81903100014
2134    3.83209609985
2142    3.85673904419
0    3.90212798119
2170    3.91047906876
2175    3.93564605713
0    3.96964502335
2181    3.97693395615
2175    4.01324796677
2185    4.0274720192
2183    4.06535792351
2188    4.08864593506
2194    4.12284708023
2273    4.12683391571
2199    4.14580702782
2202    4.19029998779
2188    4.21850895882
2203    4.26697087288
2204    4.30684900284
2187    4.34529900551
2206    4.39364600182
2282    4.4266500473
2225    4.46095991135
2297    4.48723196983
2219    4.52120494843
2244    4.55212688446
2244    4.5839240551
2240    4.6162109375
2246    4.6532330513
2259    4.71715688705
2273    4.75953006744
2270    4.79185891151
2294    4.82428598404
2283    4.85669898987
2301    4.88917803764
2373    4.91659593582
2369    4.9489979744
2316    4.98142290115
2318    5.01384210587
2317    5.0563659668
2329    5.08876800537
2336    5.1311841011
2352    5.16359710693
2347    5.20101308823
2341    5.22843289375
2364    5.27085089684
2367    5.30813503265
2363    5.34055709839
2384    5.37235689163
2377    5.40334010124
2390    5.43921208382
2395    5.4724650383
2403    5.51564502716
2416    5.54807806015
2488    5.57548999786
2421    5.61783289909
2439    5.64521598816
2454    5.6675798893
2451    5.70011901855
2445    5.73256087303
2459    5.76497888565
2555    5.80241894722
2478    5.82969689369
2502    5.86202788353
2497    5.89947104454
2503    5.93835902214
2516    5.96573400497
2541    5.9980340004
2555    6.03041696548
2570    6.05774903297
2568    6.0900490284
2592    6.1323928833
2597    6.16479706764
2612    6.20222687721
2618    6.22962093353
2704    6.26701593399
2626    6.2943789959
2611    6.33685088158
2582    6.3641769886
2576    6.39646792412
2559    6.42886900902
2526    6.45682501793
2518    6.49516201019
2523    6.52933692932
2532    6.55765104294
2514    6.5909268856
2520    6.62369704247
2510    6.67173790932
2509    6.70984506607
2496    6.74659204483
2461    6.77837109566
2477    6.81027388573
2451    6.85348796844
2441    6.89708209038
2432    6.93356895447
2427    6.96951699257
2406    7.01363801956
2393    7.04954195023
2403    7.08301091194
2378    7.11684989929
2354    7.14646196365
2348    7.17905688286
2362    7.21814799309
2334    7.24375391006
2328    7.27962493896
2326    7.3226120472
2330    7.36106705666
2311    7.40429401398
2319    7.44258499146
2317    7.47390007973
2298    7.50627493858
2297    7.53831100464
2298    7.57630395889
2303    7.61072087288
2283    7.63871002197
2297    7.67018508911
2285    7.699436903
2357    7.73126506805
2294    7.76263809204
2291    7.79458093643
2286    7.837444067
2272    7.87341809273
2271    7.91667509079
2353    7.95298194885
2281    8.00938892365
2281    8.04698610306
2269    8.05348110199
2275    8.08942103386
0    8.12768697739
2276    8.13654494286
2269    8.17104005814
2274    8.20717597008
2276    8.24830794334
2257    8.28131389618
2259    8.31597590446
2255    8.35367107391
2254    8.38482403755
2264    8.42025589943
2261    8.44609189034
2268    8.47969388962
2259    8.51676893234
2263    8.55325007439
2262    8.58086895943
2253    8.61422300339
2260    8.65767598152
2274    8.68949890137
2268    8.72267389297
2272    8.75837206841
2297    8.81284403801
2280    8.85064101219
2284    8.87712407112
2288    8.90799307823
2303    8.94086503983
2370    8.97453188896
2297    9.00297403336
2321    9.0313808918
2316    9.06486701965
2343    9.09814500809
2331    9.12657403946
2354    9.16506099701
2364    9.19359087944
2378    9.24201893806
2394    9.27545905113
2416    9.30937695503
2415    9.33634400368
2435    9.36925292015
2433    9.40132403374
2436    9.43712592125
2460    9.47511792183
2471    9.51307201385
2474    9.54922389984
2472    9.58185005188
2549    9.61013889313
2482    9.64306306839
2473    9.68683409691
2478    9.72532510757
2482    9.75337696075
2566    9.79931592941
2497    9.83183288574
2524    9.87026405334
2514    9.91326498985
2524    9.95647287369
2536    9.98646688461
2544    10.0298030376
2545    10.0581409931
2549    10.0900681019
2559    10.1219580173
2571    10.153922081
2578    10.2007811069
2594    10.23904109
2599    10.2758979797
2618    10.3171439171
2603    10.3422520161
2668    10.3756990433
2599    10.4070448875
2557    10.4503350258
2535    10.4770379066
2517    10.5092198849
2498    10.5407578945
2466    10.5841948986
2436    10.6223540306
2428    10.6539850235
2412    10.6949548721
2401    10.7329289913
2378    10.7714049816
2374    10.8146059513
2358    10.8527109623
2357    10.8850440979
2347    10.9283409119
2329    10.9706599712
2335    10.9978809357
2389    11.036272049
2299    11.0839540958
2370    11.127532959
2286    11.1706280708
2342    11.2088239193
2274    11.2397670746
2251    11.2717950344
2264    11.3021500111
2248    11.3335409164
2229    11.3768069744
2226    11.4152610302
2278    11.4436089993
2209    11.4905450344
2212    11.5188510418
2211    11.5522179604
2272    11.5807058811
2192    11.6140229702
2195    11.6423768997
2197    11.6757860184
2187    11.7093019485
2175    11.737762928
2178    11.7712759972
2163    11.8047690392
2157    11.8382279873
2153    11.8717310429
2152    11.9106190205
2139    11.9484961033
2137    11.986882925
2138    12.0302200317
2128    12.0674939156
2161    12.1011118889
2156    12.1291129589
2225    12.161536932
2145    12.1979339123
2159    12.2416379452
2165    12.2687470913
2175    12.3145129681
2172    12.3627800941
2182    12.4061009884
2188    12.432379961
2179    12.4658410549
2184    12.4984309673
2175    12.5294589996
2162    12.5726099014
2175    12.6030449867
2163    12.6365509033
2165    12.6701629162
2145    12.6943969727
2150    12.7268331051
2159    12.7621459961
2152    12.8004970551
2153    12.8301610947
2156    12.8697719574
2216    12.9099071026
2174    12.9478759766
2168    12.9788000584
2173    13.0098249912
2179    13.0541830063
2174    13.0918281078
2186    13.1245019436
2195    13.1521379948
2265    13.1947529316
2196    13.2278420925
2191    13.2662379742
2203    13.301320076
2198    13.3414189816
2207    13.3715250492
2194    13.4015960693
2204    13.4370040894
2196    13.4781620502
2192    13.5219869614
2201    13.5595979691
2232    13.5915760994
2303    13.6234459877
2247    13.6653320789
2338    13.7085468769
2286    13.7472429276
2285    13.7913239002
2277    13.8295969963
2303    13.8652288914
2294    13.9063179493
2303    13.9447438717
2315    13.9823889732
2331    14.0104789734
2396    14.0437240601
2404    14.0752210617
2345    14.1052389145
2367    14.1335160732
2370    14.1694619656
2363    14.2031800747
2380    14.2473609447
2384    14.3062601089
2390    14.3347420692
2395    14.37210989
2401    14.3992419243
2404    14.4324131012
2416    14.4638478756
2427    14.497040987
2441    14.5252110958
2438    14.5584158897
2441    14.6166079044
2478    14.6561648846
2558    14.6857440472
2500    14.7156360149
2488    14.7489259243
2504    14.7848761082
2502    14.8203918934
2506    14.8509581089
2478    14.879609108
2538    14.9326639175
2441    14.9760239124
2417    15.004472971
2387    15.0376849174
2381    15.06863904
2367    15.1011478901
2354    15.1444809437
2352    15.1827580929
2359    15.217564106
2350    15.2432420254
2346    15.2794389725
2356    15.3119699955
2351    15.3501420021
2328    15.3785169125
2318    15.4109349251
2322    15.450026989
2303    15.4833190441
2293    15.5262589455
2293    15.5639600754
2276    15.6002180576
2262    15.6285569668
2248    15.6670069695
2255    15.7053029537
2254    15.7357640266
2303    15.7683908939
2240    15.8114259243
2221    15.8461840153
2230    15.8859889507
2219    15.9262609482
2204    15.9631838799
2265    16.0065970421
2187    16.0447421074
2175    16.0735640526
2179    16.1070599556
2182    16.1506609917
2228    16.1988918781
2162    16.2352380753
2165    16.2727079391
2166    16.3047909737
2175    16.3416190147
2160    16.3732841015
2217    16.4073040485
2147    16.445663929
2147    16.4776070118
2141    16.5205528736
2146    16.5667469501
2140    16.5921649933
2206    16.630687952
2128    16.6690239906
2132    16.7119469643
2214    16.7535510063
2142    16.7767419815
2207    16.8099930286
2203    16.8431670666
2144    16.8716330528
2135    16.9048640728
2131    16.9481461048
2135    16.9764199257
2215    17.0095551014
2131    17.0376858711
2142    17.0807290077
2132    17.1138870716
2139    17.1419050694
2137    17.174834013
2130    17.207985878
2188    17.2362129688
2185    17.2746679783
2134    17.3126420975
2120    17.3429489136
2122    17.3768060207
2121    17.4151389599
2121    17.4541060925
2120    17.4871110916
2119    17.5273690224
2111    17.560587883
2116    17.5907359123
2117    17.6342489719
2119    17.6776120663
2124    17.7034649849
2114    17.7359960079
2131    17.7803339958
2133    17.8180799484
2137    17.8593130112
2134    17.884855032
2145    17.9206459522
2136    17.9589710236
2151    17.9875760078
2159    18.0355849266
