2229    0.0375490188599
2147    0.0840930938721
2230    0.14734005928
2230    0.181328058243
2152    0.185694932938
2224    0.215391159058
0    0.252434015274
2153    0.259580135345
2242    0.29093503952
2169    0.304053068161
2169    0.336004972458
0    0.376173019409
2202    0.383887052536
2205    0.420259952545
0    0.453601121902
2240    0.458405017853
2250    0.487882137299
0    0.528548002243
2264    0.549790143967
2281    0.592183113098
2295    0.602200984955
2284    0.632426977158
0    0.663362979889
2294    0.671334028244
2314    0.708635091782
2338    0.719133138657
2330    0.750295162201
0    0.787250041962
2331    0.795417070389
2339    0.819478034973
0    0.858251094818
2350    0.861346006393
2345    0.884183168411
2432    0.917291164398
2350    0.955644130707
2352    0.994518995285
2361    1.03218507767
2360    1.05895805359
2362    1.0912129879
2369    1.12483716011
2371    1.16394495964
2389    1.19151997566
2400    1.23848199844
2446    1.26700901985
2420    1.29706501961
2422    1.3654050827
2436    1.39542198181
2448    1.42642712593
2455    1.4683470726
2467    1.50019311905
2486    1.53621816635
2510    1.57261610031
2501    1.60440206528
2492    1.63711214066
2494    1.68027997017
2492    1.7306470871
2457    1.75797009468
2453    1.79040694237
2425    1.81778311729
2463    1.85059499741
2365    1.88881206512
2349    1.92246294022
2349    1.95567512512
2361    1.9866130352
2331    2.02988815308
2324    2.05899405479
2324    2.09824204445
2323    2.12729907036
2296    2.15826296806
2297    2.19103693962
2294    2.22169303894
2284    2.2524189949
2292    2.28312301636
2350    2.31388306618
2272    2.3445930481
2268    2.37525200844
2264    2.40589809418
2253    2.44656801224
2247    2.47794294357
2247    2.50966596603
2303    2.54135704041
2233    2.57298493385
2232    2.60635709763
2211    2.64490294456
2210    2.67835402489
2198    2.71216511726
2192    2.75021505356
2175    2.78979802132
2175    2.8332490921
2180    2.87194895744
2182    2.9120850563
2165    2.94231200218
2164    2.9757540226
2165    3.01775193214
2233    3.06106209755
2171    3.08606815338
2142    3.13023209572
2149    3.17332315445
2141    3.2165851593
2133    3.2548251152
2143    3.29373407364
2122    3.34143710136
2107    3.38398098946
2104    3.42716407776
2104    3.46365213394
2178    3.49411010742
2110    3.52905893326
2104    3.5591199398
2102    3.60739207268
2107    3.64561510086
2128    3.67876911163
2118    3.72224116325
2135    3.76467514038
2168    3.80273914337
2182    3.8455221653
2180    3.88923597336
2199    3.92512607574
2192    3.97181415558
2187    4.00520896912
2186    4.04204010963
2196    4.08382916451
2196    4.12115311623
2196    4.14856410027
2204    4.17944312096
2203    4.21139597893
2207    4.24370312691
2209    4.27200198174
2222    4.30684709549
2236    4.33331298828
2224    4.36987113953
2221    4.40748000145
2231    4.45637893677
2248    4.48255109787
2243    4.51475405693
2248    4.54639816284
2255    4.57825016975
2268    4.60861515999
2257    4.63884615898
2272    4.67211914062
2270    4.7045750618
2285    4.73462796211
2303    4.77466416359
2310    4.79962897301
2298    4.83468008041
2318    4.8644990921
2321    4.89933395386
2329    4.93429708481
2330    4.96950602531
2340    5.00290107727
2352    5.04160714149
2350    5.07487106323
2352    5.11212205887
2365    5.15001606941
2390    5.18828296661
2388    5.21511411667
2380    5.24698996544
2439    5.29042506218
2394    5.3179090023
2403    5.34974002838
2482    5.38193297386
2417    5.42541599274
2436    5.45159697533
2425    5.48369503021
2439    5.52542495728
2438    5.55415201187
2451    5.58793711662
2469    5.61494898796
2481    5.65065097809
2470    5.68769311905
2482    5.71960997581
2497    5.76760315895
2515    5.80575704575
2523    5.83544015884
2529    5.87537693977
2541    5.91338610649
2553    5.96146607399
2557    6.00089597702
2604    6.03843998909
2618    6.07038116455
2620    6.10036206245
2635    6.14756011963
2638    6.18331694603
2632    6.21395301819
2634    6.24457812309
2623    6.28037595749
2608    6.31104302406
2584    6.34669399261
2544    6.3722550869
2550    6.40460014343
2525    6.43675899506
2533    6.46716594696
2511    6.50030708313
2524    6.53348207474
2525    6.56170916557
2509    6.60577297211
2587    6.64497303963
2559    6.67398500443
2478    6.70416998863
2464    6.73295307159
2450    6.76628398895
2444    6.81303095818
2450    6.84549593925
2441    6.88802814484
2425    6.92055106163
2414    6.96808314323
2388    6.99555301666
2400    7.02305793762
2402    7.06107902527
2388    7.09936904907
2373    7.12924313545
2350    7.15895104408
2362    7.19391703606
2342    7.22391414642
2340    7.25401902199
2413    7.28896808624
2327    7.31889104843
2324    7.35892009735
2393    7.38387608528
2324    7.41897702217
2390    7.45402693748
2299    7.49404096603
2303    7.51902794838
2310    7.55406999588
2293    7.5841319561
2285    7.61889004707
2286    7.65637516975
2297    7.69418001175
2288    7.73192405701
2288    7.75969815254
2358    7.79255795479
2340    7.82037806511
2281    7.85817694664
2268    7.88612604141
2273    7.91385698318
2342    7.94660711288
2352    7.97938895226
2266    8.01215195656
2275    8.06003594398
2278    8.09993314743
2279    8.125
2346    8.1611559391
2253    8.18819999695
2256    8.22178411484
2258    8.26056909561
2255    8.28885602951
2255    8.32322597504
2264    8.36639595032
2252    8.40041303635
2264    8.43629693985
2323    8.4705080986
2262    8.50970697403
2264    8.54892110825
2255    8.5819311142
2274    8.61757302284
2281    8.64348697662
2263    8.6752140522
2276    8.71508002281
2269    8.76183414459
2281    8.80416798592
2284    8.84756016731
2303    8.88555312157
2319    8.92989301682
2388    8.97248005867
2331    9.01070094109
2343    9.05414104462
2367    9.09765100479
2377    9.13628911972
2401    9.16404509544
2475    9.19594311714
2411    9.23860502243
2422    9.27726912498
2451    9.30808115005
2443    9.34063506126
2452    9.38399505615
2465    9.42631697655
2485    9.46474313736
2485    9.50676298141
2491    9.56023597717
2482    9.59844899178
2474    9.62649893761
2570    9.66389799118
2520    9.69080114365
2510    9.74807405472
2525    9.7804441452
2530    9.8127951622
2529    9.84009099007
2541    9.87234401703
2553    9.90476512909
2551    9.93712210655
2572    9.96951293945
2602    9.99697613716
2594    10.0243680477
2604    10.06569314
2616    10.0899970531
2686    10.1267421246
2605    10.1668710709
2659    10.2093610764
2553    10.2472801208
2533    10.2777681351
2516    10.3176341057
2550    10.350260973
2456    10.3820230961
2462    10.4177830219
2516    10.4585580826
2410    10.4968299866
2404    10.540168047
2449    10.5785911083
2388    10.6106929779
2384    10.6424701214
2373    10.6740601063
2371    10.7065310478
2342    10.7389690876
2349    10.7815420628
2333    10.8264601231
2324    10.8672580719
2323    10.892136097
2312    10.9252080917
2301    10.9611771107
2301    10.9946911335
2280    11.0282039642
2352    11.0619051456
2270    11.1000499725
2334    11.1379339695
2240    11.1757500172
2240    11.214040041
2226    11.2472641468
2297    11.2913050652
2209    11.3296151161
2220    11.361385107
2210    11.3931510448
2196    11.4363889694
2267    11.47965312
2195    11.5181069374
2179    11.5615551472
2248    11.5996589661
2185    11.6381471157
2168    11.6662671566
2160    11.6964869499
2168    11.7294831276
2170    11.7635071278
2156    11.8066599369
2151    11.8446650505
2135    11.8759100437
2200    11.9199099541
2212    11.9582970142
2147    11.9901080132
2157    12.027531147
2141    12.055576086
2164    12.0906980038
2164    12.1170430183
2168    12.1530570984
2179    12.1810679436
2184    12.2136480808
2179    12.2568860054
2179    12.3001129627
2187    12.325042963
2188    12.3658771515
2175    12.4025380611
2173    12.4371809959
2170    12.4673581123
2168    12.4994039536
2234    12.5333211422
2144    12.5705039501
2214    12.603716135
2230    12.6352181435
2149    12.6672260761
2140    12.7109451294
2158    12.7501120567
2147    12.7986381054
2234    12.826816082
2164    12.8623349667
2189    12.894356966
2178    12.9382820129
2181    12.9762561321
2180    13.0062561035
2197    13.0341589451
2274    13.0693731308
2263    13.1120901108
2186    13.1447050571
2185    13.1772470474
2194    13.2113499641
2200    13.2422170639
2207    13.2758700848
2198    13.3142421246
2197    13.3476979733
2206    13.3912410736
2211    13.4346339703
2203    13.4715340137
2228    13.4984869957
2223    13.5303070545
2247    13.562292099
2264    13.593971014
2261    13.6369731426
2281    13.6801409721
2283    13.7176511288
2289    13.7484891415
2291    13.7915999889
2365    13.8350629807
2319    13.8726539612
2384    13.898856163
2332    13.9365770817
2343    13.9692029953
2352    14.0123431683
2359    14.0507199764
2376    14.096227169
2360    14.1376080513
2370    14.1710369587
2374    14.2044711113
2460    14.2376890182
2397    14.2758481503
2411    14.3047831059
2398    14.3382630348
2472    14.3721179962
2428    14.4149889946
2447    14.441311121
2515    14.4821431637
2452    14.5256619453
2472    14.5589430332
2481    14.5924880505
2496    14.6201550961
2496    14.6575140953
2504    14.7006571293
2509    14.7419650555
2491    14.7803940773
2455    14.8187551498
2441    14.8506679535
2447    14.8879380226
2408    14.9210140705
2367    14.9686219692
2367    15.0014390945
2363    15.0333690643
2341    15.0614600182
2349    15.0996050835
2432    15.1328959465
2331    15.1611881256
2340    15.1942770481
2330    15.2225160599
2384    15.2657771111
2383    15.2988741398
2297    15.332059145
2276    15.3603601456
2275    15.3941631317
2272    15.4423420429
2256    15.4741680622
2267    15.5051560402
2261    15.5403330326
2244    15.5678300858
2240    15.6113801003
2226    15.6384460926
2303    15.6710810661
2210    15.7035040855
2221    15.733271122
2215    15.7688140869
2198    15.801789999
2201    15.8297131062
2175    15.8626151085
2251    15.9164550304
2248    15.9595530033
2164    15.987981081
2166    16.020138979
2165    16.0521290302
2168    16.0827140808
2162    16.1155240536
2155    16.1483910084
2230    16.185655117
2155    16.2223961353
2157    16.275395155
2157    16.3095960617
2142    16.3436310291
2138    16.3730010986
2135    16.4167411327
2125    16.4599821568
2132    16.4986419678
2135    16.5411901474
2133    16.5793690681
2125    16.6227359772
2136    16.6560900211
2132    16.6829760075
2136    16.7205331326
2132    16.7688441277
2135    16.7970340252
2207    16.8303821087
2140    16.861385107
2132    16.8938751221
2141    16.9245660305
2116    16.9679279327
2119    17.0104839802
2122    17.0487720966
2121    17.0920920372
2131    17.1328270435
2131    17.1580140591
2199    17.2045071125
2122    17.2477760315
2117    17.2910599709
2121    17.3178801537
2127    17.3537681103
2128    17.3913710117
2118    17.4197809696
2119    17.4529311657
2115    17.485845089
2116    17.5291309357
2133    17.5774381161
2207    17.6256690025
2137    17.6686120033
2138    17.7116589546
2160    17.7489600182
2146    17.7914061546
2146    17.8347561359
2145    17.8732831478
2156    17.9162290096
2140    17.9514920712
2157    17.9848251343
2163    18.0131070614
