0
2108
2071
2022
0
1963
1895
0
1849
1796
0
1737
1704
1706
1615
1597
1596
1557
1538
1508
1486
1497
1479
1480
1450
1418
1409
1399
1372
1347
1294
1244
1243
1170
1131
1061
974
927
949
836
770
712
660
595
511
477
421
338
246
243
189
155
92
17
0
0
0
0
0
3
3
0
0
2
0
0
0
0
0
0
0
0
0
0
0
0
0
2
0
0
0
0
0
0
0
0
0
0
0
6
0
0
0
0
0
0
7
7
6
18
31
34
53
53
51
63
86
104
123
121
139
139
176
172
172
191
207
226
226
244
255
284
325
302
315
332
352
351
368
389
388
404
438
481
476
473
511
508
511
551
582
578
597
615
648
668
665
680
742
736
736
764
828
0
842
868
