-4.091990957789131134e-01 1.484202129061224840e+00 1.034505106341934821e+00 1.702759738584365801e+00 3.240232790270548002e-01 -2.496440067439529287e+00 -1.166127529997157408e+00
-1.860724683651979516e+00 -3.004393762791089717e+00 -9.395458678402903274e+00 2.487461511043018714e+00 2.432627131660225484e-01 1.538096201547770825e+00 -5.688173665267788337e-01
-1.147711600483087846e-01 -9.672550134545522260e-01 -2.755879421138816454e+00 -5.566680491075816084e-01 -8.812668030455925172e-02 2.535728206267903406e+00 4.216313376281041747e-01
-1.702487996547287885e+00 1.515785770386174036e+01 2.330883089621282167e+01 1.648480329499374175e+00 4.903889702497850611e-01 -1.399063188684035630e+01 -6.565648772139964784e-01
3.217933660774449645e-01 1.052448128982405073e+01 1.714661565782357044e+01 1.596539529484731212e-01 1.256076090702218095e-01 -1.069785462615329052e+01 -6.770412788330844034e-01
-5.703486472658469975e-01 5.230870362067397750e+00 8.992130500477141908e+00 8.401506016085016557e-03 -2.731068542366744123e-01 -4.090446680490671838e+00 3.904104162613920015e-01
-4.390532650064383202e-01 -1.713996266339182784e+00 -1.741730641237905219e+00 -2.010169975755251137e+00 -3.078949132586441539e-01 3.300937262088138979e+00 1.270586857002706793e+00
-1.463599794153483513e+00 -3.002868219091594959e+00 -1.766241089386381136e+00 2.033452141302075411e+00 -4.423614337793674856e-01 5.222348414106499526e+00 1.335709532015518342e+00
-8.602700780403105263e-01 3.916010973363877490e+00 1.020000344529259628e+01 1.496860800984754380e+00 5.017359608742526754e-03 -1.357508277335338631e+00 2.274071944740704843e-01
-2.744676570139372232e-02 6.489219390179824742e+00 7.723245681641651927e+00 -4.214904990736390022e-01 1.927507940307224277e-02 -5.761053422087528908e+00 -4.177863785992833034e-01
-1.927695405090413150e+00 -7.320005741946613576e+00 -1.346126844407949719e+01 -8.939716857303292574e-01 -4.363446578370492879e-01 5.029080658643083623e+00 8.759170281388529711e-01
3.248936578673967679e-01 -8.616655518615157661e+00 -1.853701392772209289e+01 -2.297739043998925812e+00 -4.711334251861831746e-01 5.759569946163724197e+00 1.128167807552774349e+00
4.508974610955960305e-01 -8.513377339280570055e-02 2.887477718637442514e+00 -2.461409072416859689e-01 7.772552930097775814e-02 5.380564278761429398e-01 -2.645254647512390589e-01
2.472307085266440552e-01 -1.178037783258833571e+00 1.079070088681602035e+00 2.750239010446835497e+00 1.184108558011602239e-02 9.126164668440985839e-01 -1.474791608071860660e-01
4.765940877174675849e-01 -4.775078282469752189e+00 -3.584709479109536634e+00 2.651709950634333901e-01 -1.849006965192470930e-01 5.899610318776575824e+00 3.557452135126634718e-01
2.330142950507291033e+00 -8.107397933449824734e+00 -1.310726177159158645e+01 -1.780855558239505365e+00 5.797778010654917880e-02 6.965726245568557573e+00 -3.235708535218085324e-01
3.676598479466570701e+00 -8.743935638382337672e+00 -1.558540382664900292e+01 -2.796619022187335712e+00 1.111243413277491349e-01 4.709558754225629862e+00 -4.970030104742941268e-01
1.765068545577401782e+00 2.355071661463540023e-01 2.330474555423770244e+00 -2.645407602100733890e-01 4.016998660838911883e-01 -1.871330835223557365e+00 -7.358471872263333546e-01
7.336946548284096759e-01 2.173875721459236576e+00 6.243988523499741206e+00 1.805239575792319862e+00 4.037141350859146938e-01 -3.449700754657343271e+00 -6.393334375805684866e-01
-8.319944810995537621e-01 1.668101048049456470e+00 1.497210410255038537e+00 4.857317127649166677e-01 -5.956550413059591431e-02 -2.309531295199687584e+00 4.478664259329295794e-02
