2259    0.0379431247711
2251    0.0715301036835
2173    0.114614963531
2204    0.145885944366
2202    0.171606063843
2202    0.201523065567
2206    0.226948022842
2211    0.259854078293
2203    0.303071022034
2230    0.344794034958
2294    0.38804101944
2226    0.428503990173
2242    0.456707000732
2244    0.489929914474
2260    0.51807308197
2255    0.55145907402
2251    0.579565048218
2279    0.622926950455
2279    0.658313035965
2286    0.6905169487
2287    0.723794937134
2281    0.751157999039
2286    0.788577079773
2290    0.831032991409
2289    0.858336925507
2293    0.890655994415
2272    0.917961120605
2252    0.952029943466
2318    0.994035005569
2223    1.03247404099
2286    1.06424808502
2175    1.10760593414
2152    1.13342905045
2148    1.1722509861
2136    1.20008707047
2110    1.24318504333
2101    1.28649091721
2092    1.31311202049
2078    1.34148192406
2078    1.3675069809
2074    1.40076899529
2075    1.43185997009
2063    1.46313595772
2050    1.5064330101
2056    1.53333306313
2046    1.57062101364
2044    1.62431502342
2017    1.65766501427
2030    1.69359397888
2007    1.72429394722
2015    1.7499320507
2012    1.78563404083
1990    1.82651209831
2070    1.85235595703
1977    1.88471198082
1984    1.92138314247
1951    1.94814109802
1969    1.97872805595
1963    2.01492810249
1954    2.06821012497
1941    2.10669207573
1942    2.14965200424
1928    2.18429613113
1939    2.21888303757
1938    2.24890398979
1925    2.2773001194
1917    2.31462812424
1906    2.3529419899
1911    2.38491296768
1912    2.41340708733
1901    2.44608092308
1899    2.4793920517
1896    2.52158308029
1899    2.56461501122
1900    2.59091210365
1896    2.62393307686
1879    2.6531329155
1888    2.68561911583
1884    2.71949911118
1891    2.75037407875
1888    2.79124403
1882    2.8286011219
1882    2.87196707726
1888    2.90293502808
1881    2.94652795792
1891    2.98773908615
1884    3.01359701157
1947    3.04953813553
1882    3.07562994957
1886    3.10792207718
1882    3.14057707787
1884    3.17962503433
1883    3.22304391861
1899    3.26515197754
1902    3.2950861454
1903    3.3253531456
1968    3.35795903206
1892    3.40020108223
1890    3.44993400574
1915    3.49329614639
1908    3.53590106964
1907    3.57623410225
1948    3.61379694939
1914    3.64652395248
1933    3.67443013191
1934    3.71274209023
1932    3.75089812279
1928    3.79386210442
1930    3.83196210861
1926    3.87373805046
1947    3.91207695007
1947    3.9555311203
1943    3.99363493919
1954    4.0251660347
1944    4.06085896492
1950    4.0970480442
1948    4.12908101082
1944    4.16424894333
1944    4.2066681385
1966    4.24202203751
1956    4.2696659565
1966    4.30666995049
1960    4.33612704277
1962    4.36714911461
1975    4.4000890255
1980    4.43197202682
1975    4.46383094788
1976    4.49558806419
1992    4.52765011787
1998    4.56543493271
1999    4.59828305244
2004    4.64377403259
2013    4.6893761158
2033    4.73169708252
2028    4.76794195175
2038    4.80543899536
2040    4.83785796165
2056    4.87602901459
2065    4.91294908524
2058    4.95160102844
2058    4.98048591614
2052    5.02352309227
2078    5.05224204063
2069    5.10060405731
2097    5.15418505669
2108    5.18722105026
2111    5.22301411629
2111    5.25383114815
2102    5.28672909737
2098    5.33022499084
2129    5.35700511932
2122    5.3907020092
2139    5.41839694977
2162    5.45077395439
2147    5.47645306587
2174    5.51218414307
2165    5.54284310341
2250    5.57881808281
2183    5.6172990799
2272    5.64920592308
2220    5.6926651001
2223    5.72743105888
2221    5.76046705246
2244    5.79368805885
2321    5.82532000542
2247    5.86216592789
2258    5.89554905891
2275    5.938133955
2289    5.97996902466
2302    6.02266097069
2298    6.06085014343
2322    6.11059594154
2353    6.15427899361
2360    6.18237495422
2364    6.21859407425
2395    6.25199794769
2463    6.29043912888
2409    6.32398509979
2424    6.35246014595
2440    6.38090014458
2443    6.41434812546
2450    6.44278097153
2450    6.48118305206
2468    6.51466202736
2536    6.54802513123
2461    6.57640695572
2456    6.60483002663
2454    6.63836193085
2453    6.66411113739
2439    6.69756197929
2514    6.7363910675
2433    6.76962208748
2458    6.80199193954
2456    6.84043502808
2442    6.87380194664
2447    6.91726398468
2443    6.96142911911
2442    6.99305510521
2436    7.0346391201
2436    7.06050205231
2424    7.09377002716
2401    7.13675999641
2409    7.16938495636
2415    7.19190502167
2403    7.22957801819
2402    7.26258111
2404    7.30004405975
2401    7.33128094673
2378    7.37484192848
2384    7.4009950161
2380    7.43635392189
2374    7.46723198891
2370    7.49860405922
2377    7.53054404259
2365    7.55872797966
2350    7.5920419693
2350    7.62537908554
2328    7.66373205185
2337    7.70227909088
2326    7.75060391426
2312    7.79440307617
2317    7.83240509033
2391    7.86808395386
2321    7.90450501442
2303    7.94804596901
2314    7.98634505272
2384    8.02364110947
2313    8.07251501083
2303    8.11550498009
2328    8.15628814697
2327    8.18166708946
2316    8.21557998657
2310    8.24760198593
2326    8.27823710442
2384    8.30853104591
2327    8.34445095062
2326    8.37047600746
2317    8.40373802185
2316    8.44720506668
2332    8.49036002159
2333    8.52703905106
2351    8.57014608383
2347    8.59867405891
2350    8.63090610504
2364    8.66611409187
2373    8.69604206085
2393    8.73122906685
2390    8.77007913589
2380    8.81109905243
2393    8.85447907448
2394    8.89268898964
2417    8.9306640625
2414    8.96575307846
2499    9.00358200073
2438    9.04700803757
2439    9.0906059742
2455    9.13377714157
2477    9.16960501671
2475    9.21281313896
2487    9.25329899788
2506    9.28874111176
2498    9.32426309586
2515    9.35968494415
2513    9.38767504692
2516    9.41830301285
2520    9.45385694504
2508    9.48057413101
2465    9.53970098495
2418    9.57355904579
2416    9.60915493965
2351    9.63620996475
2272    9.66917395592
2236    9.70328402519
2260    9.73736810684
2175    9.76165103912
2174    9.79831695557
2151    9.84034204483
2136    9.88770508766
2130    9.92075991631
2122    9.95412111282
2104    9.98851513863
2109    10.0349061489
2103    10.0684099197
2087    10.1120040417
2078    10.1357889175
2121    10.1692910194
2059    10.2049920559
2110    10.2408471107
2025    10.2783079147
2022    10.3312909603
2006    10.3696699142
2004    10.4026679993
1990    10.4366240501
2057    10.4747929573
1984    10.5175890923
1974    10.5553591251
1954    10.592359066
1959    10.6361300945
1945    10.671913147
1951    10.7075181007
1950    10.7403900623
1938    10.7721400261
1930    10.8205659389
1929    10.8578379154
1934    10.8953311443
1989    10.9252569675
1921    10.9610509872
1915    10.9999909401
1915    11.0436239243
1916    11.0697860718
1981    11.103634119
1916    11.1346011162
1920    11.1702339649
1907    11.2063190937
1906    11.2384579182
1923    11.2684340477
1917    11.3044271469
1913    11.3427491188
1982    11.3864870071
1916    11.4245200157
1914    11.4673280716
1915    11.4955000877
1909    11.5379099846
1914    11.5717020035
1922    11.6149539948
1913    11.6502730846
1904    11.6789469719
1921    11.7122120857
1929    11.7555680275
1928    11.7936151028
1929    11.8292369843
2006    11.8698320389
1935    11.8953881264
1954    11.9305529594
1947    11.9755039215
1943    12.0161910057
1941    12.0424180031
1951    12.0741231441
1938    12.1063110828
1947    12.1403460503
2036    12.1647830009
1959    12.2059879303
1961    12.2334549427
1961    12.2663850784
1966    12.3076789379
1958    12.3418929577
1967    12.3826360703
1968    12.4201099873
1974    12.4519619942
1980    12.4820001125
1998    12.5143740177
1984    12.5443170071
2000    12.5843310356
1998    12.6093020439
1998    12.6442489624
2007    12.6742119789
2011    12.7042031288
2017    12.7392320633
2012    12.7841601372
2015    12.8239629269
2019    12.8788280487
2029    12.9125859737
2030    12.9512889385
2098    12.989962101
2045    13.0137031078
2049    13.0488040447
2043    13.0813889503
2039    13.1237399578
2062    13.1524939537
2056    13.1859540939
2056    13.2348799706
2065    13.2778770924
2082    13.3055269718
2071    13.3391189575
2141    13.3834700584
2165    13.4085700512
2094    13.443406105
2085    13.477009058
2100    13.5048320293
2103    13.5430040359
2104    13.5786371231
2101    13.6142110825
2107    13.6447689533
2109    13.6753151417
2102    13.7209551334
2119    13.7450969219
2122    13.7796721458
2146    13.8118789196
2135    13.8538191319
2144    13.879750967
2149    13.9081370831
2220    13.9413170815
2149    13.9744911194
2175    14.0121791363
2191    14.0442061424
2182    14.0846590996
2183    14.1175811291
2190    14.1463460922
2190    14.1888930798
2210    14.2198021412
2210    14.2632091045
2218    14.3238179684
2253    14.3570179939
2243    14.3903961182
2262    14.4230020046
2256    14.4664120674
2342    14.504668951
2270    14.5481071472
2274    14.5912799835
2291    14.6297490597
2282    14.6737151146
2355    14.7105960846
2364    14.7498581409
2292    14.7808530331
2287    14.8140130043
2344    14.8420760632
2272    14.8751809597
2256    14.9032731056
2269    14.9367201328
2259    14.9749629498
2229    15.0185010433
2228    15.0497391224
2214    15.0826981068
2210    15.111315012
2211    15.1478440762
2197    15.1899750233
2196    15.2284300327
2195    15.2723829746
2195    15.3107249737
2192    15.3440179825
2194    15.3799390793
2205    15.4155440331
2194    15.451141119
2193    15.491756916
2188    15.5322179794
2183    15.5562610626
2192    15.5918629169
2180    15.652531147
2173    15.6854479313
2175    15.7183179855
2174    15.7461781502
2160    15.7891249657
2171    15.8170011044
2163    15.8497331142
2165    15.8776330948
2236    15.9093549252
2164    15.9423201084
2169    15.9802429676
2153    16.0082030296
2148    16.0411820412
2151    16.0695989132
2148    16.1004710197
2149    16.131994009
2138    16.1671540737
2138    16.2045650482
2147    16.2512960434
2134    16.2938389778
2116    16.3319699764
2128    16.3709571362
2116    16.4131400585
2128    16.4514191151
2118    16.4945640564
2199    16.5241880417
2121    16.554901123
2129    16.5986590385
2125    16.6244969368
2120    16.6548259258
2127    16.6904461384
2111    16.7238490582
2119    16.7669069767
2117    16.8019740582
2138    16.8395280838
2139    16.8711371422
2144    16.9018769264
2146    16.9326441288
2128    16.9758529663
2153    17.0191159248
2155    17.0698149204
2142    17.1022269726
2148    17.1353011131
2168    17.1704480648
2173    17.21393013
2160    17.2525780201
2181    17.2956089973
2189    17.3319201469
2204    17.3642439842
2200    17.4171190262
2217    17.4510629177
2210    17.4897379875
2210    17.5282459259
