2136    0.0284488201141
2138    0.0620260238647
2135    0.0903518199921
2144    0.128520011902
2151    0.166379928589
2165    0.20990395546
2166    0.253022909164
2162    0.29101395607
2180    0.322898864746
2173    0.354061841965
2196    0.387032032013
2281    0.429363012314
2206    0.465167999268
2236    0.501231908798
2227    0.529379844666
2224    0.56600189209
2314    0.593091011047
2249    0.635245800018
2240    0.668377876282
2265    0.725242853165
2257    0.762658834457
2255    0.790059804916
2257    0.827921867371
2260    0.86168885231
2240    0.894184827805
2227    0.925810813904
2210    0.955021858215
2220    0.989329814911
2292    1.01629686356
2173    1.06731700897
2109    1.11509990692
2186    1.15737581253
2064    1.18691802025
2062    1.21879291534
2040    1.24727702141
2021    1.28083992004
2121    1.31213283539
2003    1.35529088974
2004    1.39869379997
2095    1.43729186058
1995    1.48077082634
2076    1.51923489571
1988    1.55205583572
1972    1.59540891647
1974    1.63852596283
1966    1.68166995049
2051    1.72027087212
1949    1.7689268589
1925    1.81769680977
1923    1.85056090355
1929    1.88516187668
1923    1.92511701584
1912    1.96364593506
1908    2.00702190399
1999    2.04961180687
1899    2.08801293373
1898    2.11860585213
1904    2.16683197021
1884    2.20466780663
1881    2.24229693413
1876    2.27413487434
1867    2.30165100098
1865    2.33463788033
1873    2.36778903008
1846    2.39573502541
1842    2.42875099182
1848    2.45672392845
1847    2.48975682259
1830    2.5181210041
1921    2.55142688751
1829    2.60347986221
1818    2.63723397255
1814    2.67598986626
1818    2.70344281197
1906    2.73648881912
1822    2.76617598534
1817    2.799284935
1816    2.82699489594
1807    2.86453700066
1907    2.8909778595
1814    2.92438602448
1802    2.95681190491
1808    2.99977588654
1793    3.05314183235
1802    3.09120988846
1814    3.12202882767
1817    3.15795898438
1820    3.19551587105
1814    3.23878097534
1809    3.27806401253
1816    3.31085801125
1834    3.3432059288
1831    3.37548589706
1830    3.41491293907
1829    3.45779585838
1869    3.49578881264
1868    3.52826595306
1885    3.55348300934
1905    3.58952593803
1892    3.63259792328
1920    3.66335296631
1915    3.70671796799
1932    3.7501180172
1928    3.78320384026
1935    3.81982684135
1929    3.85329794884
2019    3.89666199684
1943    3.92294096947
1947    3.95630383492
1951    3.99993896484
1947    4.04837203026
1942    4.07659983635
1950    4.11342191696
1945    4.14466094971
1951    4.20030784607
1954    4.2359650135
1970    4.2664539814
1964    4.30699181557
1966    4.34261488914
2058    4.3683078289
2050    4.40393686295
1977    4.42968082428
1979    4.46529603004
1978    4.49599480629
1976    4.52669286728
1972    4.55239081383
1998    4.58801603317
1993    4.61865782738
1992    4.66460895538
2007    4.70797801018
2007    4.7412109375
2031    4.78055095673
2027    4.80617499352
2024    4.83764600754
2022    4.87000989914
2038    4.90231084824
2037    4.94463086128
2050    4.97694087029
2145    5.01476192474
2054    5.05160784721
2075    5.07999300957
2074    5.11816191673
2090    5.15587091446
2098    5.18758392334
2185    5.21828579903
2175    5.24909090996
2098    5.28234887123
2103    5.32059001923
2100    5.34887886047
2115    5.38450789452
2119    5.41744184494
2122    5.46580696106
2138    5.50732588768
2161    5.5425620079
2161    5.58425688744
2183    5.62003803253
2191    5.65087294579
2180    5.67922091484
2201    5.7118999958
2203    5.74240779877
2215    5.77528500557
2229    5.81314682961
2229    5.83599090576
2229    5.86882901192
2243    5.90170001984
2254    5.92958188057
2260    5.96217679977
2257    5.99510502815
2264    6.03819179535
2293    6.06501889229
2300    6.09790682793
2325    6.13271999359
2334    6.157351017
2342    6.19668698311
2367    6.24238681793
2479    6.2780148983
2407    6.30870294571
2483    6.33707690239
2410    6.37028980255
2432    6.40721583366
2445    6.43858885765
2455    6.4707069397
2467    6.50252985954
2472    6.541025877
2472    6.57404899597
2478    6.60863995552
2559    6.65028595924
2468    6.68834495544
2456    6.71840500832
2454    6.74674797058
2455    6.78320789337
2465    6.81276702881
2463    6.8423948288
2456    6.88699793816
2451    6.91676282883
2462    6.95162987709
2460    6.97878885269
2541    7.02056002617
2535    7.05245280266
2526    7.08016586304
2435    7.12408685684
2428    7.15699696541
2426    7.19020986557
2406    7.221752882
2409    7.26522493362
2410    7.30853796005
2393    7.34693002701
2393    7.3851749897
2494    7.42107892036
2377    7.45925593376
2376    7.50147199631
2387    7.53722286224
2367    7.57400894165
2375    7.61238384247
2346    7.64063882828
2342    7.67379403114
2360    7.70467996597
2332    7.73807001114
2335    7.77677989006
2342    7.80636286736
2337    7.8460419178
2316    7.88692688942
2310    7.92538881302
2323    7.96364784241
2325    7.99556398392
2317    8.03425383568
2322    8.07292580605
2324    8.10891485214
2318    8.14612293243
2320    8.20480179787
2317    8.25082683563
2326    8.28646802902
2324    8.31710100174
2328    8.35153579712
2324    8.38995289803
2334    8.43322682381
2343    8.46394181252
2339    8.49739098549
2344    8.52580881119
2442    8.5643799305
2440    8.59280085564
2367    8.64521098137
2372    8.67870593071
2450    8.71201491356
2386    8.74038481712
2380    8.77402997017
2387    8.80598783493
2381    8.83748292923
2393    8.88438391685
2394    8.91818380356
2408    8.95165801048
2419    8.98719596863
2419    9.02861785889
2434    9.0628528595
2439    9.10656785965
2452    9.14525079727
2472    9.18837285042
2478    9.21759486198
2484    9.2478749752
2493    9.28041100502
2496    9.31893992424
2515    9.35111093521
2513    9.38352489471
2598    9.42590379715
2519    9.4482998848
2522    9.48672485352
2549    9.52551293373
2498    9.5493388176
2508    9.58344697952
2484    9.61600494385
2446    9.64663600922
2432    9.69373583794
2376    9.72704386711
2314    9.76373195648
2352    9.79938793182
2218    9.83507490158
2190    9.86080980301
2161    9.89601302147
2242    9.92497396469
2150    9.95775485039
2226    9.99409985542
2118    10.0372128487
2209    10.0740809441
2105    10.131980896
2113    10.1644608974
2102    10.2010300159
2088    10.2396090031
2072    10.2681369781
2055    10.3015909195
2055    10.3298490047
2038    10.3625888824
2033    10.3974268436
2025    10.4409098625
1998    10.484140873
2015    10.5275988579
1996    10.5652399063
1998    10.5968959332
1972    10.6289088726
1977    10.6601688862
2061    10.7035169601
1964    10.7458519936
1962    10.7741119862
1951    10.8062238693
1940    10.8337419033
1947    10.8667049408
1932    10.9100999832
1932    10.968503952
2014    10.9765880108
2018    11.0181469917
0    11.0515589714
1920    11.059844017
1915    11.097222805
0    11.137748003
1916    11.1407258511
1916    11.1631038189
0    11.1959769726
1915    11.2074079514
1917    11.2386410236
0    11.2767829895
1911    11.2820060253
2011    11.3108699322
0    11.3381648064
1916    11.346642971
1912    11.3703629971
0    11.398640871
1913    11.4104678631
1915    11.4365718365
1920    11.4522140026
1916    11.4778268337
0    11.5184798241
1922    11.5238888264
1922    11.544919014
1913    11.5881550312
1905    11.619560957
1920    11.6517000198
1916    11.687322855
1912    11.7240250111
1911    11.7674019337
1928    11.7942378521
1924    11.8311429024
1930    11.8726708889
1936    11.8995049
1932    11.9325938225
2017    11.9861168861
1932    12.0297009945
1936    12.0682029724
1944    12.0962088108
1946    12.1318798065
1946    12.15782094
1941    12.1913919449
1950    12.2243719101
1950    12.2590208054
1967    12.2841508389
1968    12.321710825
2057    12.3700928688
1962    12.4133059978
1980    12.4391078949
1978    12.4851789474
1971    12.5234899521
1978    12.5553979874
1977    12.5891449451
1991    12.6178510189
1993    12.6521339417
1984    12.6907708645
1986    12.7344818115
2009    12.7829728127
2008    12.8164508343
2000    12.8498618603
2100    12.8881249428
2006    12.9327709675
2020    12.9650068283
2109    13.0033359528
2110    13.0353968143
2035    13.0788760185
2036    13.12231493
2128    13.1606049538
2056    13.2041180134
2055    13.2408750057
2066    13.2826879025
2060    13.3143630028
2063    13.3460679054
2078    13.3778629303
2170    13.4097259045
2072    13.44165802
2077    13.4730608463
2094    13.507434845
2086    13.5343828201
2094    13.5702259541
2111    13.5955629349
2105    13.6393070221
2105    13.6795790195
2103    13.7076499462
2107    13.7393569946
2098    13.7767059803
2203    13.8158519268
2120    13.85927701
2122    13.897660017
2128    13.9392719269
2143    13.9660220146
2132    13.9988288879
2237    14.0312819481
2149    14.0613319874
2153    14.093351841
2153    14.1365289688
2175    14.1672098637
2172    14.2099888325
2173    14.2367060184
2180    14.2701778412
2193    14.3177130222
2196    14.3605868816
2296    14.3975849152
2217    14.4281668663
2225    14.4560568333
2235    14.4928658009
2247    14.5195879936
2247    14.5563519001
2268    14.5947699547
2265    14.62677598
2256    14.6597259045
2277    14.6979739666
2274    14.7456629276
2361    14.7735538483
2278    14.806609869
2292    14.8338358402
2280    14.8655838966
2290    14.8936970234
2286    14.9300158024
2278    14.9620718956
2273    15.0056679249
2272    15.0341238976
2257    15.0678219795
2242    15.095968008
2247    15.1496429443
2326    15.18313694
2212    15.2186028957
2207    15.2448399067
2196    15.2832670212
2196    15.3167629242
2201    15.3502190113
2204    15.3944239616
2195    15.4303369522
2201    15.4649410248
2204    15.4958629608
2198    15.5327119827
2187    15.5705218315
2186    15.6083009243
2190    15.6453130245
2175    15.6807968616
2184    15.716629982
2185    15.7540709972
2181    15.7918498516
2271    15.8245949745
2261    15.8623039722
2165    15.8999919891
2163    15.9327750206
2164    15.9656260014
2170    15.9933869839
2171    16.0312600136
2162    16.0690619946
2169    16.1022980213
2161    16.127794981
2150    16.1651918888
2144    16.1980638504
2151    16.2367608547
2147    16.2704408169
2143    16.2986879349
2135    16.3314218521
2144    16.363068819
2140    16.3949358463
2135    16.4376678467
2138    16.4686179161
2127    16.4998338223
2120    16.543211937
2117    16.5749139786
2215    16.6184098721
2120    16.6436669827
2129    16.6777780056
2127    16.711812973
2123    16.7609889507
2131    16.7952749729
2122    16.8344428539
2131    16.8687009811
2128    16.9079229832
2121    16.9371349812
2124    16.9713048935
2124    16.9954829216
2220    17.0296118259
2124    17.0637538433
2129    17.1032710075
2138    17.1365249157
2146    17.1852350235
2223    17.2138118744
2139    17.2476918697
2144    17.2910628319
2238    17.3197379112
2154    17.3520100117
2151    17.3842959404
2160    17.4116809368
2163    17.4441189766
2159    17.4814758301
2161    17.5188798904
