2171    0.0421071052551
2167    0.0701851844788
2178    0.102677106857
2175    0.130084991455
2182    0.162560224533
2200    0.19505906105
2197    0.232500076294
2191    0.265012025833
2211    0.292438030243
2209    0.325294017792
2211    0.36850810051
2222    0.411377191544
2225    0.449681043625
2236    0.492948055267
2240    0.53107714653
2256    0.574518203735
2249    0.603021144867
2281    0.644773006439
2279    0.671553134918
2277    0.702966213226
2282    0.74635219574
2286    0.784868001938
2272    0.828607082367
2273    0.872022151947
2281    0.899199008942
2256    0.932442188263
2253    0.964323043823
2213    1.00768113136
2198    1.05160403252
2162    1.08997416496
2226    1.11744022369
2116    1.17799901962
2116    1.21163606644
2190    1.21624112129
2095    1.24583506584
0    1.28592419624
2075    1.2908000946
2074    1.32039213181
0    1.34527206421
2057    1.36504507065
2062    1.38507699966
2151    1.39997220039
2057    1.41961812973
0    1.45451021194
2057    1.45942521095
2054    1.49707603455
0    1.53419017792
2040    1.54264307022
2037    1.58125114441
0    1.61772322655
2023    1.6232521534
2012    1.65643906593
0    1.68133616447
2015    1.70733499527
2008    1.71412920952
2081    1.75035810471
0    1.7833302021
1977    1.79153108597
1969    1.80991506577
0    1.85821008682
1967    1.86115217209
1961    1.89943218231
1960    1.93660712242
1947    1.96480607986
1942    2.00319600105
1949    2.03163599968
1950    2.06183719635
1929    2.09358811378
1925    2.12441110611
1931    2.15605807304
1933    2.20143198967
1916    2.24460315704
1914    2.28307914734
1895    2.32626008987
1897    2.36955404282
1905    2.39779210091
1900    2.43104505539
1900    2.4742910862
1986    2.51266002655
1882    2.55575299263
1886    2.5845952034
1885    2.6178920269
1881    2.68351006508
1881    2.7217540741
1881    2.72769808769
1888    2.76089119911
1886    2.7918741703
1879    2.83366918564
1880    2.87653708458
1881    2.91797304153
1880    2.95626020432
1879    2.98472809792
1882    3.02767300606
1880    3.05612015724
1881    3.08983016014
1879    3.13297605515
1890    3.17172718048
1898    3.20039200783
1898    3.23413014412
1897    3.27660322189
1907    3.31488418579
1898    3.34157514572
1904    3.37791919708
1991    3.41133308411
1895    3.4370610714
1913    3.47019410133
1921    3.50638103485
1914    3.54595303535
1916    3.59065914154
1923    3.62050700188
1914    3.65275120735
2015    3.6859190464
2017    3.71438312531
1935    3.74283909798
1939    3.77565813065
1930    3.83957910538
1930    3.87713813782
2018    3.88172602654
1932    3.91114521027
1950    3.95096611977
1949    3.99412822723
1943    4.0314002037
1950    4.06247019768
1940    4.09512114525
1953    4.12578701973
1951    4.15770506859
2028    4.19087409973
1942    4.23432922363
1965    4.27772116661
1962    4.31606316566
1962    4.35920119286
1967    4.39750599861
1977    4.44116020203
1975    4.48472714424
1974    4.53308701515
1992    4.56064414978
1990    4.60415315628
1990    4.64708805084
2081    4.69103908539
2003    4.73391008377
2008    4.77694201469
2021    4.81602120399
2048    4.85441207886
2041    4.88196516037
2037    4.91871118546
2038    4.95069503784
2060    4.98238015175
2057    5.01377916336
2066    5.04274320602
2146    5.08230113983
2069    5.11907815933
2073    5.15639901161
2093    5.18438100815
2088    5.21620512009
2085    5.24785518646
2106    5.27999305725
2110    5.31081819534
2191    5.35350799561
2130    5.39689207077
2123    5.43481111526
2127    5.47087621689
2135    5.50409007072
2146    5.5362200737
2159    5.56734514236
2158    5.60456299782
2181    5.64170312881
2175    5.68482112885
2197    5.71556615829
2188    5.75729608536
2218    5.78898119926
2233    5.84055113792
2314    5.87319922447
2241    5.9065310955
2255    5.9346241951
2259    5.96789717674
2253    6.00356411934
2280    6.03417205811
2287    6.06509399414
2310    6.09594607353
2329    6.12679600716
2320    6.15770316124
2340    6.19862318039
2435    6.2447040081
2376    6.28085303307
2381    6.30690002441
2401    6.34298706055
2417    6.3686850071
2436    6.40441799164
2452    6.43503212929
2439    6.46565914154
2454    6.50140118599
2461    6.54155111313
2465    6.57665014267
2468    6.61233210564
2477    6.63737607002
2472    6.67313599586
2458    6.71511912346
2463    6.74100017548
2447    6.77365612984
2443    6.80552816391
2449    6.83663010597
2453    6.86904001236
2466    6.90959906578
2463    6.93532919884
2456    6.96873903275
2454    7.00156617165
2442    7.04971718788
2441    7.08297514915
2440    7.1148211956
2432    7.14574122429
2434    7.1769862175
2417    7.23249721527
2417    7.26662111282
2401    7.27327299118
2408    7.30457401276
0    7.34524202347
2400    7.35058903694
2400    7.38712310791
0    7.42104411125
2466    7.42313814163
2476    7.46023106575
2388    7.49933505058
2366    7.5383181572
2460    7.57090711594
2367    7.59493517876
2374    7.6288599968
2350    7.66249108315
2350    7.68983721733
2428    7.72769403458
2323    7.77314805984
2324    7.80688309669
2315    7.83965802193
2416    7.86662817001
2329    7.90667510033
2330    7.93286919594
2315    7.96554112434
2319    7.99780321121
2408    8.02516913414
2321    8.058604002
2320    8.10172915459
2329    8.13157916069
2403    8.1778690815
2329    8.21342206001
2329    8.24906420708
2320    8.28988313675
2405    8.32841420174
2311    8.3713490963
2336    8.39871621132
2331    8.43658709526
2332    8.46991300583
2324    8.5026371479
2330    8.53828120232
2348    8.5813190937
2360    8.61724710464
2346    8.65846204758
2367    8.69164800644
2360    8.73465418816
2379    8.77798008919
2463    8.8162651062
2372    8.85955119133
2400    8.89784216881
2403    8.93470406532
2419    8.97335314751
2406    9.01113414764
2433    9.04664802551
2438    9.08426618576
2439    9.11226701736
2453    9.15555000305
2559    9.19350814819
2471    9.22947120667
2491    9.25578808784
2488    9.29190921783
2511    9.31806015968
2595    9.35002207756
2496    9.38196206093
2514    9.42800712585
2512    9.47118210793
2517    9.49788308144
2497    9.53361916542
2474    9.58185005188
2439    9.6152369976
2404    9.65844416618
2366    9.69041514397
2299    9.73207116127
2248    9.75750112534
2197    9.79737305641
2175    9.83753609657
2157    9.86417508125
2152    9.8975892067
2138    9.93107318878
2130    9.95940804482
2119    9.98768901825
2106    10.0261161327
2108    10.0645811558
2105    10.0930252075
2103    10.126568079
2087    10.1552820206
2086    10.1839129925
2070    10.217208147
2066    10.2492542267
2057    10.2927770615
2050    10.320633173
2046    10.3516750336
2027    10.3956100941
2022    10.4388051033
2029    10.4645860195
2014    10.5002291203
2006    10.5385100842
2079    10.5814502239
1992    10.6087892056
1976    10.6460311413
1978    10.6734051704
1980    10.7058181763
1960    10.7510261536
1963    10.7928900719
1947    10.8312520981
1947    10.869230032
1951    10.8992011547
1951    10.9342060089
1926    10.9640722275
1923    10.9989421368
1929    11.0338420868
1933    11.0587861538
1915    11.1036682129
1923    11.1385850906
1921    11.1634922028
1910    11.1985390186
1916    11.227918148
1913    11.2608680725
1923    11.3014922142
1920    11.3383951187
1905    11.3849391937
1913    11.4224910736
1920    11.4545080662
1905    11.4980010986
1911    11.53642416
1912    11.5799071789
1907    11.6206221581
1911    11.6637020111
1913    11.7025470734
1913    11.7392811775
1911    11.7722620964
1921    11.8025150299
1928    11.8303780556
1935    11.864565134
1927    11.8992831707
1926    11.9375691414
1928    11.9653232098
2014    12.0101721287
1935    12.0376610756
1931    12.0629050732
1936    12.0985381603
1940    12.1293489933
1950    12.1600661278
1943    12.1908380985
2038    12.2236540318
2038    12.2718222141
1954    12.3097710609
2047    12.3473660946
1960    12.3936560154
1962    12.4320840836
1968    12.4715931416
1975    12.4993121624
1975    12.5474820137
1980    12.5843532085
1974    12.6273231506
2060    12.665348053
1991    12.7023911476
1991    12.7401111126
1987    12.7723381519
2075    12.8049440384
2007    12.8432250023
2096    12.8861269951
2017    12.9115149975
2016    12.9484460354
2025    12.997164011
2019    13.0405471325
2022    13.0782132149
2038    13.1114981174
2032    13.1547541618
2035    13.1976480484
2038    13.2400090694
2036    13.282916069
2059    13.3096740246
2062    13.3444941044
2055    13.3914391994
2071    13.4190690517
2076    13.4473311901
2153    13.4808650017
2070    13.5081701279
2093    13.5419909954
2087    13.5706880093
2098    13.6099331379
2088    13.6533360481
2105    13.6908690929
2101    13.722782135
2108    13.7554121017
2105    13.7987160683
2115    13.8308041096
2104    13.874101162
2217    13.9073300362
2119    13.9498472214
2135    13.9746510983
2221    14.013379097
2149    14.0506820679
2152    14.0804541111
2169    14.1142280102
2166    14.1570961475
2160    14.2003781796
2188    14.2384550571
2188    14.2817790508
2194    14.3201901913
2207    14.3520100117
2219    14.3836960793
2233    14.4237060547
2236    14.4488101006
2226    14.4842760563
2236    14.5228362083
2260    14.5663330555
2258    14.6095821857
2273    14.6478841305
2274    14.6907680035
2367    14.7256400585
2275    14.7608370781
2290    14.8034141064
2299    14.833548069
2287    14.8764221668
2274    14.9195911884
2279    14.9631562233
2268    14.9993901253
2260    15.0327961445
2268    15.0642290115
2251    15.0986480713
2248    15.1246440411
2233    15.1606001854
2234    15.2089631557
2209    15.2530112267
2217    15.2790291309
2196    15.3121190071
2188    15.3417861462
2204    15.3764731884
2203    15.4060041904
2204    15.4408071041
2188    15.4678800106
2192    15.5119140148
2182    15.5549550056
2269    15.59841609
2184    15.6400980949
2271    15.6835300922
2189    15.7105560303
2183    15.7429351807
2175    15.7841320038
2175    15.8275949955
2175    15.8655731678
2165    15.900496006
2159    15.9388492107
2248    15.9771389961
2166    16.0205280781
2256    16.060541153
2172    16.0874390602
2164    16.1204431057
2158    16.1512920856
2162    16.1870641708
2154    16.224804163
2152    16.2681770325
2135    16.3112142086
2136    16.349448204
2221    16.3827559948
2141    16.4261090755
2209    16.4688410759
2119    16.5072691441
2119    16.5504422188
2122    16.588835001
2120    16.632256031
2120    16.6753361225
2119    16.7160620689
2119    16.7541601658
2127    16.7863590717
2115    16.8283832073
2115    16.8683559895
2212    16.9107761383
2120    16.9489681721
2118    16.9929690361
2119    17.0315561295
2129    17.0749220848
2130    17.1056790352
2123    17.1364610195
2132    17.1672890186
2133    17.1929662228
2147    17.2285971642
2145    17.2594439983
2221    17.2875440121
2135    17.3208441734
2156    17.3524661064
2158    17.3924109936
2156    17.4274761677
2156    17.4690220356
2254    17.5139391422
