1942    0.0380449295044
1942    0.0756170749664
1949    0.110049009323
1943    0.148288965225
1943    0.181252002716
2034    0.213588953018
1951    0.249847888947
1951    0.28076505661
1954    0.312783956528
1940    0.34966301918
1951    0.391545057297
2037    0.433312892914
1948    0.469991922379
1946    0.501768112183
1948    0.532788038254
1960    0.565571069717
1955    0.595962047577
1957    0.624140024185
1963    0.657582044601
1955    0.694474935532
1963    0.731251955032
1962    0.773658037186
1959    0.802222967148
1966    0.838704109192
1960    0.892239093781
1961    0.920479059219
1959    0.954447031021
1974    0.998420953751
1982    1.02538704872
1984    1.05706596375
1981    1.0888800621
1978    1.13684010506
1968    1.18442392349
1982    1.21439290047
1968    1.23940896988
1981    1.274269104
1976    1.30434608459
1978    1.33438611031
1967    1.36467003822
1972    1.39978408813
1986    1.42479801178
1975    1.46020793915
1973    1.49511694908
2067    1.54014492035
1999    1.57509803772
1991    1.60007190704
1989    1.63521289825
2089    1.66522598267
2001    1.6954190731
1989    1.72854709625
1991    1.77155900002
1984    1.81489396095
1998    1.85321688652
1992    1.90171098709
1985    1.93018698692
1992    1.96362304688
1991    2.00676393509
2007    2.04976797104
2013    2.07382106781
2006    2.11030507088
2006    2.13848495483
2001    2.17166495323
2010    2.19992089272
2006    2.23323297501
2011    2.26644802094
1999    2.30502700806
2007    2.34134888649
2006    2.37249994278
2027    2.40346288681
2032    2.43500804901
2022    2.46496200562
2026    2.4999499321
2029    2.53017687798
2021    2.57342600822
2015    2.61202001572
2021    2.66467308998
2029    2.70422506332
2023    2.73384690285
2023    2.77187490463
2029    2.80693602562
2029    2.847853899
2015    2.8761639595
2016    2.91034793854
2019    2.95426988602
2029    2.99760890007
2021    3.03574299812
2022    3.06760406494
2030    3.10536193848
2046    3.14003896713
2037    3.17463088036
2049    3.19951105118
2041    3.24760890007
2041    3.29078698158
2048    3.33261203766
2045    3.37078809738
2133    3.41259694099
2047    3.44759988785
2038    3.49090003967
2044    3.51715087891
2056    3.55075001717
2056    3.58175802231
2041    3.61403608322
2051    3.65748691559
2061    3.6843020916
2060    3.73273706436
2063    3.77090191841
2063    3.81423091888
2058    3.84014701843
2055    3.87768387794
2051    3.90754508972
2145    3.94581604004
2055    3.98390507698
2067    4.01530003548
2058    4.0589659214
2056    4.09706091881
2082    4.12670707703
2072    4.17158007622
2073    4.21499896049
2068    4.25784301758
2072    4.28609108925
2079    4.31645798683
2070    4.34408092499
2070    4.37914609909
2079    4.4111199379
2064    4.4541759491
2160    4.49778294563
2074    4.54656600952
2078    4.57821106911
2069    4.61605095863
2071    4.65674304962
2072    4.69860506058
2071    4.73707890511
2079    4.76886510849
2079    4.80385303497
2072    4.84241509438
2087    4.88580107689
2085    4.92313289642
2091    4.95490598679
2087    4.98737311363
2098    5.01913690567
2088    5.0653090477
2185    5.09052801132
2086    5.12369608879
2086    5.15197205544
2094    5.18546390533
2085    5.2188680172
2096    5.25576496124
2090    5.29235291481
2097    5.32330107689
2089    5.36676502228
2090    5.39493894577
2094    5.43059897423
2175    5.46900987625
2086    5.49669909477
2094    5.53230190277
2088    5.56233692169
2092    5.5996670723
2093    5.64303708076
2086    5.67611694336
2094    5.71119999886
2089    5.75127291679
2098    5.79134297371
2098    5.81651496887
2087    5.84944391251
2087    5.89304590225
2085    5.93172001839
2078    5.96044492722
2088    5.99551987648
2094    6.0315310955
2175    6.06549310684
2089    6.10123300552
2097    6.13715410233
2094    6.18562889099
2082    6.22906398773
2087    6.2688999176
2086    6.30810594559
2096    6.34257102013
2087    6.3804769516
2179    6.41436100006
2085    6.45213389397
2089    6.48299193382
2098    6.52657103539
2087    6.55790090561
2088    6.60137701035
2089    6.64449501038
2086    6.6815700531
2175    6.7180390358
2097    6.7446680069
2186    6.7772231102
2188    6.80933904648
2087    6.84324502945
2090    6.86980390549
2091    6.90325689316
2092    6.94505691528
2088    6.98702907562
2089    7.02023005486
2093    7.05283689499
2088    7.08433794975
2085    7.11731696129
2079    7.15824389458
2096    7.18884801865
2064    7.21946597099
2082    7.2501718998
2072    7.29596805573
2082    7.33172798157
2079    7.36194205284
2069    7.40018606186
2079    7.43756389618
2069    7.47933292389
2073    7.51658511162
2069    7.5468120575
2078    7.57894706726
2070    7.61096906662
2070    7.6542930603
2071    7.68733692169
2071    7.72554802895
2074    7.75686907768
2082    7.78864693642
2070    7.81827497482
2068    7.85066008568
2056    7.88250494003
2052    7.91776800156
2060    7.95608091354
2055    7.98484110832
2064    8.01713299751
2055    8.05397105217
2145    8.08699202538
2048    8.12562894821
2061    8.16261792183
2049    8.18931388855
2057    8.22133398056
2066    8.25651192665
2043    8.29241204262
2039    8.32523989677
2137    8.35615205765
2039    8.38455700874
2037    8.43769693375
2039    8.46589493752
2038    8.4991710186
2036    8.54118204117
2038    8.58434605598
2045    8.61124897003
2041    8.64567899704
2127    8.68384003639
2043    8.7156560421
2045    8.74721598625
2135    8.79373288155
2049    8.82030010223
2024    8.85689997673
2021    8.8841381073
2030    8.91838502884
2022    8.95660400391
2022    8.98538708687
2119    9.02208209038
2023    9.04833292961
2029    9.08184289932
2029    9.11234307289
2028    9.16028189659
2111    9.19599699974
2021    9.22683906555
2014    9.2622449398
2017    9.28797101974
2013    9.3239979744
1998    9.36755609512
2009    9.40621590614
2100    9.43764901161
2001    9.48111104965
2006    9.50752305984
2008    9.54078102112
2003    9.58317899704
2006    9.62640190125
2002    9.66457509995
1988    9.71794009209
1986    9.75403809547
1995    9.78656888008
1991    9.81936407089
1997    9.85315108299
1988    9.89624810219
1984    9.93834209442
1989    9.97526788712
1997    10.0070850849
2079    10.038091898
1973    10.0814549923
1973    10.1242330074
2072    10.1492109299
1988    10.182872057
1975    10.2163929939
1973    10.2447741032
1984    10.2756140232
1975    10.3046910763
1982    10.3530650139
1973    10.396239996
1975    10.4378829002
1981    10.4645020962
1983    10.5002639294
1966    10.5271809101
1959    10.5596199036
1966    10.5915970802
1951    10.6353108883
1959    10.6740400791
1962    10.7124779224
1968    10.7650229931
1963    10.7988829613
1951    10.827671051
2053    10.8617310524
1966    10.8999140263
1949    10.9312469959
1942    10.9632079601
1937    11.0068581104
1942    11.0453159809
1943    11.072758913
1944    11.1050829887
1950    11.1445059776
1946    11.1920499802
1947    11.2246439457
1945    11.2503089905
1943    11.2840089798
1951    11.3182170391
1929    11.357585907
1935    11.3918740749
1929    11.4262630939
1927    11.4705860615
1934    11.4949939251
1932    11.5348041058
1932    11.5733480453
2020    11.6195700169
1933    11.6571969986
1936    11.6883380413
1931    11.7315709591
1929    11.7693750858
1923    11.8057410717
1924    11.842648983
1923    11.8811280727
1916    11.9095590115
1921    11.9478759766
1911    11.9813969135
1910    12.0151350498
1916    12.0583748817
2007    12.0966780186
1918    12.1289710999
1906    12.1601009369
2001    12.2034699917
1905    12.2317140102
1907    12.27501297
1995    12.3055989742
1895    12.3496849537
1895    12.3932631016
1891    12.4305789471
1898    12.4569590092
1900    12.4906609058
1896    12.5330989361
1900    12.5764610767
1900    12.6145470142
1895    12.6426420212
1904    12.6809689999
1904    12.7239398956
1899    12.7622599602
1900    12.800577879
1905    12.8310649395
1893    12.8635549545
1896    12.9065349102
1891    12.9331240654
1900    12.9699940681
1901    13.0021729469
1894    13.0507030487
1894    13.0890510082
1898    13.1167709827
1892    13.1521821022
1891    13.1777529716
1886    13.2119719982
1888    13.2410359383
1882    13.2772490978
1874    13.3155429363
1888    13.3462400436
1884    13.3820939064
1891    13.4150640965
1882    13.4458959103
1969    13.4891750813
1879    13.5326759815
1880    13.5857698917
1880    13.6292340755
1971    13.6661269665
1888    13.6969919205
1884    13.7303938866
1887    13.7587690353
1976    13.7914021015
1880    13.8214120865
1889    13.851432085
1881    13.8867020607
1885    13.930232048
1879    13.968982935
1881    14.0024619102
1975    14.0440189838
1883    14.0709838867
1881    14.1040480137
1882    14.1342630386
1885    14.1691169739
1888    14.1988708973
1882    14.2338171005
1882    14.2725839615
1881    14.304899931
1884    14.3438909054
1884    14.3720619678
1888    14.4086120129
1880    14.4524760246
1973    14.4940030575
1886    14.523845911
1881    14.5550880432
1874    14.585819006
1889    14.6159279346
1891    14.6515851021
1884    14.6950099468
1883    14.73376894
1883    14.7627151012
1890    14.80123806
1884    14.8396229744
1884    14.8780250549
1969    14.9064691067
1882    14.9400670528
1887    14.9764358997
1888    15.0140891075
1880    15.0478498936
1889    15.0864500999
1889    15.1205160618
1892    15.1513049603
1881    15.181303978
1883    15.2119619846
1881    15.2641270161
1884    15.2953701019
1880    15.3389620781
1880    15.3823668957
1889    15.4198219776
1882    15.4479179382
1889    15.4848330021
1881    15.5227870941
1889    15.55727911
1882    15.5842740536
1881    15.6172449589
1899    15.665252924
1993    15.7087318897
1895    15.7471899986
1901    15.7840559483
1897    15.8275959492
1891    15.8694720268
1896    15.8965981007
1893    15.9340269566
1891    15.9750750065
1897    16.0133039951
1891    16.0563030243
1903    16.0875799656
1900    16.1183290482
1901    16.1487269402
1991    16.1822249889
1892    16.2106070518
1897    16.2433331013
1902    16.2766668797
1896    16.3201560974
1891    16.3583829403
1898    16.4057970047
1892    16.4312388897
1923    16.461648941
2006    16.4970190525
1911    16.5354149342
1909    16.5637938976
1913    16.6056931019
1920    16.6437559128
1905    16.6872880459
1908    16.725522995
1920    16.7574350834
1907    16.8006830215
1920    16.842550993
1913    16.8814060688
2005    16.9129159451
1909    16.9428570271
1935    16.9751989841
1925    17.0127799511
1928    17.0460999012
1930    17.0890569687
1930    17.1196808815
1939    17.1477949619
1928    17.1829319
1936    17.2134749889
2026    17.2423520088
1928    17.2812299728
1929    17.3150570393
1932    17.3540489674
1932    17.3970489502
1937    17.4236900806
2018    17.4557640553
1926    17.4992530346
1943    17.5428569317
