2009    0.0336139202118
2005    0.0622379779816
1984    0.0944399833679
2001    0.126391887665
1991    0.154860973358
1991    0.188829898834
2009    0.231709957123
2006    0.256060838699
2011    0.289436817169
2008    0.319358825684
2009    0.354235887527
2003    0.384305953979
2013    0.414311885834
2014    0.449424982071
2008    0.476137876511
2012    0.513589859009
2008    0.546914815903
2000    0.57777094841
2081    0.615625858307
2087    0.65330696106
2009    0.689226865768
2005    0.721568822861
2087    0.752609968185
2012    0.787935018539
2015    0.824580907822
2014    0.855619907379
2006    0.884022951126
2022    0.931783914566
2030    0.970293998718
2028    1.00850081444
2026    1.0513279438
2099    1.08986401558
2030    1.12050580978
2021    1.15226793289
2016    1.18543100357
2028    1.21216583252
2032    1.24546790123
2023    1.27339792252
2028    1.31044197083
2022    1.34377098083
2020    1.3820309639
2022    1.41759896278
2028    1.44738793373
2028    1.49377894402
2030    1.53117895126
2019    1.57394194603
2020    1.61720395088
2099    1.6555519104
2016    1.6938419342
2016    1.73373103142
2030    1.76330590248
2030    1.79829692841
2025    1.83423280716
2032    1.88715791702
2032    1.92858195305
2023    1.93239283562
2022    1.96141290665
0    1.99984097481
2037    2.00671100616
2020    2.03700685501
0    2.06709980965
2040    2.06946492195
2043    2.10164284706
2036    2.14475893974
2045    2.18499588966
2035    2.22403001785
2030    2.28957390785
2030    2.32385897636
2040    2.32925891876
2034    2.36749887466
0    2.40084600449
2040    2.40886902809
2040    2.44411587715
2047    2.47552394867
2111    2.5188498497
2043    2.56706380844
2037    2.59886002541
2040    2.63693284988
2047    2.67288088799
2038    2.71455597878
2040    2.75285792351
2046    2.78344202042
2036    2.81408882141
2034    2.85985684395
2039    2.90319180489
2047    2.94659996033
2047    2.9848959446
2040    3.01813602448
2036    3.04558682442
2045    3.0809879303
2034    3.11413598061
2039    3.14231681824
2048    3.17554497719
2043    3.20393800735
2031    3.23587799072
2058    3.26639294624
2039    3.30225491524
2061    3.33455395699
2042    3.3686068058
2039    3.39781785011
2052    3.44113898277
2057    3.48441100121
2060    3.5274310112
2067    3.56304097176
2058    3.59415483475
2062    3.62589883804
2057    3.65463089943
2059    3.69742393494
2047    3.73595786095
2046    3.77895998955
2049    3.80738997459
2062    3.84035992622
2035    3.88349485397
2058    3.90965294838
2058    3.94617199898
2064    3.97618293762
2061    4.00776195526
2052    4.03566884995
2051    4.06926703453
2054    4.10222291946
2062    4.13009595871
2050    4.17561388016
2058    4.21387481689
2058    4.2573299408
2066    4.28393483162
2055    4.31749796867
2056    4.3563888073
2054    4.38468599319
2055    4.42723083496
2057    4.4549498558
2142    4.49339389801
2061    4.5318198204
2047    4.5737349987
2054    4.62119603157
2041    4.65499401093
2044    4.68232989311
2036    4.7205619812
2056    4.75871896744
2043    4.79095983505
2040    4.83416700363
2038    4.87246084213
2047    4.90994882584
2037    4.94463086128
2043    4.98445391655
2040    5.01762390137
2033    5.05094599724
2043    5.08902287483
2037    5.12173199654
2043    5.15457582474
2037    5.19266486168
2035    5.23591279984
2042    5.27437591553
2029    5.31746101379
2033    5.35576701164
2037    5.39903998375
2042    5.43711280823
2111    5.46517586708
2039    5.50258088112
2035    5.53140497208
2114    5.56452894211
2043    5.59280991554
2037    5.62586593628
2039    5.65734386444
2035    5.70105290413
2038    5.73918700218
2113    5.7826488018
2033    5.82623386383
2042    5.86920690536
2047    5.90781998634
2036    5.9344189167
2036    5.96580386162
2043    6.00745892525
2037    6.04947900772
2103    6.07921600342
2116    6.12248086929
2025    6.16576480865
2021    6.20905089378
2021    6.24254202843
2022    6.27618288994
2028    6.324436903
2028    6.36146092415
2029    6.40982985497
2024    6.43843984604
2022    6.47080492973
2016    6.5000898838
2098    6.53261685371
2025    6.56567692757
2030    6.59767484665
2027    6.62704586983
2019    6.66575193405
2028    6.71923184395
2025    6.76238298416
2026    6.80082798004
2032    6.82894897461
2101    6.86210393906
2017    6.90515184402
2006    6.93182682991
2010    6.96604800224
2007    7.00613093376
2005    7.05119395256
1999    7.09742593765
2004    7.13502502441
2011    7.16605401039
2013    7.19965696335
2014    7.22561001778
2014    7.26375603676
2016    7.28980588913
2006    7.32316303253
1997    7.36645793915
2006    7.40968298912
2007    7.45257496834
2015    7.48951387405
2008    7.53337788582
2079    7.56154894829
2088    7.59733295441
1999    7.62593889236
1998    7.65907788277
2004    7.69203400612
2007    7.72178888321
2007    7.75370597839
1993    7.78214788437
1999    7.82324790955
1983    7.84820795059
1991    7.88141798973
1991    7.90921998024
1990    7.94238901138
1988    7.9806330204
1991    8.0188908577
1991    8.04878902435
1991    8.08343791962
2075    8.11159992218
1996    8.15015482903
1992    8.18352794647
1993    8.21191883087
1990    8.25021696091
2070    8.27730083466
1993    8.31549787521
1991    8.35380387306
1973    8.39757490158
1974    8.43758893013
1982    8.46246981621
1981    8.49740386009
1982    8.5274720192
1974    8.56249594688
2054    8.59759283066
1982    8.63273000717
2051    8.68783783913
1987    8.72797393799
1978    8.76805281639
1985    8.79816198349
1974    8.83038282394
1972    8.86343789101
1975    8.89592790604
1972    8.93933081627
1972    8.98096179962
1970    9.02604293823
1968    9.06435489655
1982    9.10330700874
1978    9.12923002243
1982    9.16343188286
1959    9.19434690475
1968    9.22571992874
1962    9.26875185966
1960    9.29644989967
1958    9.32821798325
1966    9.36984300613
1965    9.41195583344
1953    9.45503783226
1962    9.49873995781
1969    9.52427792549
1966    9.56005191803
1966    9.59517598152
1959    9.63038492203
1965    9.66405391693
2037    9.6928358078
1970    9.72679495811
1962    9.77369880676
1958    9.81062602997
1956    9.83692097664
1959    9.87656092644
2038    9.91194987297
1958    9.94378781319
1956    9.97256088257
1957    10.0063679218
1960    10.0345468521
1964    10.0749559402
1962    10.1115570068
1963    10.1531510353
1963    10.1829338074
1959    10.2263388634
1946    10.2696938515
1951    10.3130278587
1940    10.3557050228
1942    10.4089100361
1943    10.4571349621
1945    10.495652914
1945    10.5241458416
2020    10.5598268509
1943    10.5868339539
1945    10.617885828
1951    10.6535878181
1946    10.6792488098
1950    10.7149748802
1950    10.7458128929
1950    10.7818698883
1944    10.8287420273
2017    10.8670728207
1947    10.9050998688
1951    10.9370038509
1936    10.9803669453
1940    11.0238888264
2026    11.0621500015
1942    11.100481987
1938    11.1338529587
1944    11.1674849987
1944    11.2007188797
1944    11.2272319794
1949    11.2604408264
2021    11.2936909199
1942    11.332326889
2026    11.3797969818
1946    11.4127588272
1935    11.4561469555
1925    11.4890649319
1941    11.5320789814
1931    11.5578408241
1928    11.6011869907
1924    11.6392929554
1935    11.6703159809
1927    11.7131719589
1928    11.7441849709
1921    11.7874388695
1926    11.8305089474
1927    11.8681509495
1927    11.9114599228
1921    11.9546298981
1935    11.9976148605
1931    12.0365338326
1930    12.0648198128
1931    12.102134943
1942    12.1419239044
1927    12.1851308346
1928    12.2269949913
1929    12.2736988068
1938    12.31077981
1938    12.3347408772
1929    12.3686408997
1927    12.4077780247
1930    12.4367640018
1933    12.4658768177
1930    12.5051980019
1931    12.5392768383
1931    12.6028950214
1931    12.635409832
1935    12.63762784
1922    12.6647059917
0    12.6975078583
1933    12.710381031
1927    12.7399809361
0    12.770401001
1932    12.7765419483
1931    12.8089568615
0    12.8382148743
1939    12.8447928429
1934    12.8772029877
0    12.9157059193
1931    12.9273219109
1931    12.953099966
1928    12.9698169231
1924    12.9858670235
0    13.0238769054
1931    13.0321288109
1920    13.060918808
0    13.0953090191
1929    13.1033878326
1932    13.142277956
2005    13.1702539921
1928    13.2096219063
1922    13.2472980022
2002    13.2754499912
1929    13.3140950203
1931    13.351831913
1936    13.3831570148
1929    13.412019968
1934    13.4525740147
2013    13.4912028313
1927    13.5292339325
1947    13.5657010078
1941    13.614084959
1929    13.6521990299
1950    13.6880679131
1945    13.7133598328
1934    13.7493669987
1928    13.7881920338
1938    13.8208248615
1941    13.8630897999
2000    13.9167199135
1935    13.9549398422
1920    13.9881539345
1924    14.0166628361
1942    14.0537509918
1944    14.0800080299
1950    14.1134638786
1940    14.1569650173
1946    14.2010228634
1946    14.2392199039
1954    14.2748978138
1951    14.3202679157
1940    14.363768816
2025    14.4017930031
1946    14.4335818291
1940    14.4764609337
1941    14.5146648884
2028    14.548224926
1941    14.5865550041
1951    14.6200158596
1946    14.6529150009
1942    14.6974818707
1946    14.7397229671
1954    14.7633600235
1943    14.7973308563
1941    14.8291728497
1942    14.8570208549
1954    14.8951919079
2024    14.932669878
1954    14.9629518986
1936    14.9962630272
1944    15.0283010006
1940    15.0769398212
1939    15.1044290066
1966    15.1441140175
1957    15.1724808216
1951    15.2008240223
1961    15.239844799
1962    15.2768239975
1962    15.3203058243
1953    15.3578648567
1958    15.4011039734
1958    15.4441258907
1958    15.4823698997
1958    15.5145869255
1969    15.5451109409
1962    15.578004837
1959    15.6211698055
1962    15.6644339561
1961    15.7022438049
1978    15.7289218903
1980    15.7638039589
1975    15.7947978973
1982    15.8246498108
1974    15.8644788265
1977    15.8898189068
1981    15.924836874
1981    15.9550888538
1967    15.9882259369
1973    16.0298860073
1979    16.0613358021
1978    16.0951299667
1980    16.1378829479
2056    16.1627700329
1979    16.1879248619
1975    16.221462965
1974    16.2497189045
1974    16.2828450203
1977    16.3160300255
1980    16.3439488411
2053    16.378485918
1974    16.423334837
1978    16.4716739655
1978    16.5150308609
1982    16.568310976
1968    16.6066288948
1975    16.6346759796
1971    16.6696918011
1986    16.7005679607
1994    16.7333278656
1990    16.7765209675
1993    16.8197958469
1991    16.8571448326
2001    16.8843398094
1995    16.9269118309
1992    16.9651968479
1992    17.0134718418
1995    17.0584728718
1982    17.0866398811
1996    17.1235938072
1993    17.1503059864
1985    17.1821169853
1998    17.2140688896
1986    17.2574458122
1994    17.295883894
1993    17.3378520012
1991    17.3696489334
1997    17.4098489285
1990    17.4467978477
1999    17.4785180092
1991    17.510340929
