2622    0.0229880809784
2630    0.0559120178223
2627    0.0838730335236
2614    0.116876125336
2616    0.155005931854
2614    0.193377017975
2608    0.239598035812
2599    0.272156953812
2673    0.315108060837
2586    0.358482122421
2570    0.396764993668
2582    0.427406072617
2557    0.45826292038
2559    0.48827791214
2540    0.516957998276
2538    0.549231052399
2541    0.577434062958
2526    0.603514909744
2531    0.636861085892
2515    0.688843011856
2509    0.725708961487
2585    0.762397050858
2483    0.799144029617
2577    0.835904121399
2472    0.878473997116
2452    0.915276050568
2444    0.952575922012
2506    0.984754085541
2426    1.02643895149
2413    1.06633710861
2404    1.10960698128
2381    1.16223907471
2365    1.19477701187
2358    1.23810696602
2329    1.27106189728
2316    1.31334805489
2300    1.35622096062
2271    1.39906311035
2263    1.43877601624
2238    1.46343207359
2234    1.4984331131
2210    1.52653694153
2207    1.56333398819
2170    1.60530400276
2152    1.64904904366
2136    1.68242502213
2106    1.71574997902
2111    1.74867606163
2102    1.77706408501
2071    1.81551790237
2033    1.85913705826
2003    1.90211200714
1975    1.94550299644
1953    1.98141908646
1910    2.01437807083
1888    2.0479850769
1838    2.07619690895
1808    2.10941004753
1786    2.13758993149
1864    2.16834306717
1754    2.20949196815
1718    2.23550796509
1687    2.26923489571
1639    2.29706311226
1616    2.32816100121
1612    2.36487793922
1561    2.40265011787
1506    2.44652509689
1433    2.48922109604
1381    2.52746200562
1318    2.56725502014
1268    2.59483194351
1261    2.62582802773
1210    2.65817594528
1160    2.68683099747
1115    2.72249698639
1086    2.74797010422
1077    2.78944706917
1023    2.82648611069
992    2.85239100456
942    2.88586997986
907    2.92426300049
948    2.95265007019
826    2.98599600792
825    3.0143699646
783    3.04778909683
733    3.07621192932
697    3.10962295532
665    3.15309000015
632    3.17677402496
634    3.21524500847
684    3.2437210083
649    3.28215408325
615    3.31092309952
575    3.3535349369
477    3.38920903206
442    3.42496609688
420    3.45285797119
390    3.50073289871
371    3.53897500038
356    3.57067298889
340    3.60245394707
337    3.64246702194
319    3.667345047
302    3.70594406128
283    3.74928498268
255    3.80270409584
248    3.84050989151
231    3.86983990669
226    3.90305304527
211    3.93226408958
211    3.971544981
277    4.01070404053
176    4.05112099648
173    4.09414792061
155    4.12158298492
140    4.16073393822
210    4.1857380867
125    4.21905398369
124    4.25009703636
123    4.28354907036
124    4.31204390526
122    4.34556794167
125    4.37906289101
125    4.40760612488
120    4.44111895561
120    4.46957206726
210    4.50809907913
121    4.54157710075
121    4.56505608559
126    4.59774494171
124    4.63338088989
121    4.65965509415
124    4.69770002365
124    4.73109507561
124    4.76842594147
142    4.80676198006
141    4.8384540081
142    4.87654495239
159    4.91959190369
159    4.94767189026
158    4.98070907593
159    5.01868009567
175    5.05160212517
175    5.09461092949
193    5.1229929924
193    5.15593290329
210    5.18464899063
213    5.23310995102
229    5.26652503014
249    5.30213904381
249    5.32627391815
246    5.3593070507
255    5.39364695549
370    5.42452812195
303    5.45514702797
323    5.48530507088
319    5.52267408371
338    5.55098509789
374    5.58958792686
390    5.62786793709
409    5.65638208389
427    5.69330000877
543    5.73663306236
476    5.77937507629
511    5.81807994843
511    5.8614449501
547    5.90118408203
582    5.93615889549
596    5.97472190857
613    6.01781201363
652    6.05601000786
752    6.08824706078
699    6.11681103706
734    6.15020990372
756    6.18209505081
752    6.22526693344
828    6.26843905449
844    6.3054690361
879    6.34873700142
915    6.38369393349
927    6.431401968
964    6.468791008
971    6.5027589798
1015    6.52685689926
1011    6.56016111374
1116    6.59188103676
1055    6.63508009911
1077    6.67778992653
1166    6.71604800224
1095    6.75959300995
1113    6.7880821228
1231    6.82114601135
1251    6.85233092308
1176    6.89763092995
1279    6.93448495865
1211    6.96257996559
1228    6.99594807625
1247    7.02843308449
1238    7.07195210457
1279    7.11522293091
1279    7.15087795258
1279    7.19167304039
1317    7.2178709507
1310    7.25623893738
1325    7.28952789307
1325    7.32040905952
1439    7.35245990753
1353    7.38667702675
1371    7.41078710556
1366    7.44516801834
1368    7.47929501534
1379    7.50327110291
1383    7.53732609749
1404    7.57643508911
1402    7.62553501129
1494    7.65477800369
1415    7.68688392639
1494    7.72375106812
1434    7.76570296288
1434    7.80390691757
1536    7.84187197685
1536    7.87534999847
1460    7.91432094574
1461    7.94343900681
1465    7.97761702538
1460    8.02058005333
1481    8.0448050499
1477    8.08074402809
1499    8.12679600716
1575    8.17245697975
1497    8.20333003998
1495    8.2316660881
1517    8.2646150589
1511    8.30791711807
1512    8.35117197037
1536    8.37697792053
1525    8.42398190498
1528    8.46976900101
1542    8.5180709362
1541    8.56064605713
1536    8.5878341198
1553    8.62052297592
1561    8.65207195282
1560    8.68374609947
1645    8.71619296074
1573    8.74866509438
1573    8.77616095543
1578    8.80858111382
1576    8.83601498604
1575    8.87343001366
1677    8.90584111214
1590    8.95331001282
1588    8.98581600189
1591    9.01325392723
1599    9.04584312439
1609    9.07896304131
1609    9.11213302612
1613    9.14286804199
1609    9.17529392242
1624    9.20897102356
1628    9.24481606483
1621    9.2756319046
1625    9.30733299255
1644    9.35500502586
1642    9.3905210495
1643    9.42129707336
1641    9.44951796532
1646    9.48620510101
1736    9.51204395294
1651    9.55031991005
1655    9.58857893944
1653    9.63168811798
1755    9.65793895721
1663    9.69903802872
1680    9.7353079319
1675    9.77633094788
1695    9.80160808563
1692    9.83514499664
1770    9.86617708206
1685    9.89462995529
1706    9.92831301689
1706    9.97029304504
1784    10.0135760307
1703    10.0507719517
1717    10.09416008
1724    10.1324219704
1719    10.1632270813
1719    10.2233960629
1828    10.2512319088
1739    10.2821450233
1742    10.313354969
1738    10.3566300869
1742    10.3869519234
1742    10.4162340164
1757    10.448251009
1744    10.5068130493
1744    10.5502119064
1776    10.5533919334
1772    10.5814960003
1769    10.6153039932
1776    10.6535561085
1768    10.6969981194
1784    10.7258520126
1776    10.7740581036
1808    10.8106760979
1801    10.8540549278
1807    10.8912489414
1801    10.9244151115
1820    10.9701030254
1814    11.0085349083
1903    11.036937952
1820    11.0785310268
1812    11.1137149334
1827    11.1584160328
1837    11.1910760403
1830    11.2260301113
1836    11.2558529377
1852    11.2858109474
1853    11.321420908
1846    11.3572070599
1867    11.3930060863
1876    11.4236850739
1872    11.4697189331
1861    11.5130770206
1880    11.5514230728
1881    11.5948851109
1895    11.638215065
1894    11.6766440868
1904    11.7090530396
1893    11.7526159286
2003    11.795732975
1913    11.8335239887
2001    11.8650929928
1928    11.9083280563
1927    11.951677084
1928    11.9882330894
1935    12.0190000534
1944    12.0624799728
1945    12.0931639671
1942    12.1365520954
1958    12.1797089577
2049    12.2180321217
1960    12.2611720562
1954    12.2860989571
1981    12.3262369633
1982    12.3638598919
1976    12.3970110416
1986    12.4238829613
1992    12.4579191208
1988    12.4902420044
2072    12.5284059048
2009    12.562308073
2005    12.5929250717
2015    12.6225309372
2021    12.6706449986
2022    12.7138609886
2022    12.7521429062
2029    12.795361042
2037    12.8282461166
2032    12.8708729744
2060    12.9025290012
2061    12.9342980385
2072    12.9778540134
2071    13.0199708939
2157    13.0574409962
2181    13.0939450264
2096    13.1257309914
2111    13.157638073
2109    13.2010710239
2105    13.242814064
2101    13.2813079357
2115    13.3133130074
2109    13.3447639942
2126    13.3743369579
2124    13.4057540894
2145    13.4364879131
2146    13.478012085
2230    13.5239999294
2150    13.5560860634
2247    13.5952138901
2166    13.6343529224
2173    13.6584661007
2166    13.6926491261
2175    13.7246489525
2186    13.7679018974
2188    13.8063120842
2195    13.8394699097
2213    13.8790669441
2209    13.919246912
2235    13.9570930004
2227    14.0054979324
2244    14.0419659615
2240    14.0743489265
2256    14.1050720215
2272    14.1378679276
2352    14.1685791016
2290    14.2057719231
2381    14.2540581226
2298    14.2974019051
2303    14.324338913
2329    14.3563499451
2326    14.3885359764
2314    14.4311718941
2342    14.4620490074
2323    14.5049889088
2360    14.5455610752
2352    14.5807440281
2454    14.6230010986
2367    14.6612870693
2381    14.7047879696
2400    14.7430109978
2397    14.7738959789
2409    14.8106329441
2406    14.8475079536
2515    14.8853869438
2423    14.9083719254
2447    14.9468810558
2439    14.9807889462
2453    15.0249350071
2452    15.0616381168
2559    15.0983979702
2470    15.13519907
2494    15.1659669876
2486    15.1937088966
2481    15.232779026
2500    15.2706389427
2500    15.3066849709
2517    15.3433890343
2512    15.3851249218
2513    15.4286210537
2518    15.4672539234
2526    15.5099759102
2543    15.5534770489
2553    15.5797510147
2554    15.6104130745
2559    15.6414000988
2648    15.677644968
2559    15.7157800198
2582    15.7474720478
2584    15.7894239426
2652    15.8280329704
2586    15.8553519249
2586    15.8870620728
2672    15.9223270416
2586    15.9607179165
2585    15.9941248894
2611    16.0205070972
2610    16.0577321053
2613    16.0845139027
2611    16.132860899
2623    16.1759579182
2710    16.2057800293
2617    16.2491829395
2610    16.2909860611
2625    16.3295519352
2625    16.3729729652
2636    16.4112200737
2718    16.4432981014
2640    16.4866859913
2641    16.5301220417
2640    16.5667619705
2634    16.6143240929
2648    16.6507959366
2649    16.6886050701
2648    16.7229590416
2636    16.7647230625
2640    16.8012309074
2641    16.83477211
2736    16.862445116
2653    16.8943181038
2641    16.9259059429
2641    16.9529030323
2654    16.9851839542
2657    17.0209920406
2664    17.0613720417
2666    17.0872120857
2646    17.1200869083
2735    17.1483850479
2664    17.1803739071
2730    17.2163031101
2642    17.2547950745
2640    17.2981688976
2637    17.32634902
2641    17.3626921177
2631    17.3993890285
2630    17.4572460651
2626    17.489855051
2621    17.5173869133
