2169    0.0376169681549
2170    0.0690979957581
2173    0.104867935181
2175    0.140710115433
2266    0.172713041306
2174    0.215575933456
2253    0.248206138611
2175    0.280861139297
2191    0.3150639534
2185    0.34664607048
2179    0.390206098557
2165    0.433393955231
2174    0.458900928497
2144    0.487994909286
2158    0.52639913559
2227    0.564639091492
2158    0.596684932709
2156    0.637376070023
2151    0.663830041885
2161    0.694633960724
2158    0.725081920624
2165    0.763911962509
2181    0.798362016678
2180    0.831619024277
2196    0.860610961914
2214    0.89239192009
2219    0.924524068832
2219    0.961219072342
2290    1.00271391869
2217    1.04068899155
2210    1.08403396606
2210    1.12235713005
2213    1.15557193756
2203    1.18651294708
2219    1.21677112579
2210    1.24449300766
2215    1.2776761055
2218    1.30976295471
2289    1.34237098694
2209    1.38073396683
2289    1.41265797615
2217    1.43975901604
2215    1.48317098618
2272    1.5263209343
2210    1.55218410492
2221    1.58607006073
2219    1.61983990669
2297    1.64361310005
2218    1.68242907524
2220    1.72111296654
2211    1.747631073
2206    1.7805929184
2212    1.80900406837
2209    1.86231708527
2218    1.89485812187
2213    1.92344713211
2212    1.96057391167
2219    1.99063706398
2213    2.0248939991
2211    2.0622010231
2217    2.09908604622
2207    2.14088892937
2213    2.17880296707
2219    2.20969700813
2219    2.24273610115
2211    2.2713739872
2313    2.30291199684
2230    2.33346104622
2226    2.3645761013
2226    2.39292907715
2225    2.43655395508
2228    2.47868299484
2311    2.52048993111
2289    2.54695010185
2288    2.58077001572
2218    2.60954999924
2233    2.64224100113
2227    2.68571996689
2217    2.72858691216
2227    2.75358009338
2224    2.78626203537
2237    2.82200813293
2236    2.85301995277
2223    2.88981795311
2227    2.92462992668
2232    2.98028492928
2229    3.01547503471
2237    3.05301904678
2233    3.08364796638
2230    3.13484191895
2235    3.16765594482
2226    3.20450305939
2226    3.23121213913
2224    3.26638793945
2233    3.29188203812
2224    3.33108901978
2228    3.36674809456
2237    3.40130591393
2229    3.43963193893
2230    3.46797895432
2234    3.5055680275
2226    3.53886890411
2222    3.57704806328
2234    3.61437392235
2224    3.6459209919
2210    3.68406701088
2211    3.72587203979
2206    3.75365304947
2217    3.79033112526
2206    3.82860612869
2222    3.86074995995
2217    3.90303611755
2215    3.94644713402
2204    3.98436999321
2200    4.0133960247
2198    4.05677890778
2199    4.08354592323
2204    4.11739110947
2198    4.1513209343
2190    4.1871740818
2195    4.22064304352
2217    4.25900411606
2179    4.29590296745
2260    4.34418511391
2175    4.37680602074
2186    4.42094707489
2181    4.46418404579
2188    4.49186205864
2175    4.52330112457
2258    4.55145907402
2173    4.58466911316
2182    4.6265540123
2184    4.66068911552
2184    4.70437407494
2163    4.74194502831
2250    4.77720403671
2240    4.81091403961
2253    4.83460998535
2175    4.86868810654
2165    4.91703391075
2158    4.95038414001
2223    4.98921394348
2158    5.02482008934
2238    5.06297898293
2149    5.10047698021
2146    5.13731002808
2154    5.1757569313
2153    5.21956992149
2135    5.25768113136
2142    5.29016709328
2138    5.33345508575
2147    5.36266303062
2133    5.39761304855
2222    5.43601703644
2135    5.47863793373
2137    5.50691509247
2134    5.53992199898
2144    5.57179713249
2120    5.59973311424
2130    5.63544011116
2122    5.67403507233
2123    5.71217608452
2125    5.74845004082
2121    5.78646206856
2120    5.81947994232
2120    5.85242009163
2128    5.88533997536
2128    5.92332696915
2100    5.95176410675
2101    5.99521112442
2097    6.03242492676
2100    6.08104896545
2111    6.11794304848
2104    6.14827299118
2105    6.17608594894
2107    6.21202397346
2105    6.2378950119
2189    6.27381110191
2094    6.29967904091
2105    6.33553600311
2113    6.36654305458
2107    6.39841008186
2099    6.43945908546
2107    6.48284912109
2089    6.52610707283
2173    6.57455396652
2086    6.6178560257
2084    6.65584611893
2084    6.68818902969
2086    6.7214910984
2070    6.74836492538
2071    6.7831261158
2072    6.8281481266
2073    6.86568403244
2072    6.89623212814
2077    6.93184304237
2064    6.96297097206
2131    6.9914329052
2145    7.02837491035
2056    7.06705498695
2056    7.10991597176
2063    7.16304206848
2040    7.2063100338
2036    7.24956297874
2035    7.28617095947
2037    7.3188290596
2037    7.3623111248
2037    7.4005279541
2044    7.4324760437
2032    7.46490812302
2034    7.50495100021
2044    7.5422949791
2114    7.56935811043
2049    7.60124492645
2042    7.64463400841
2111    7.68144893646
2042    7.71798110008
2048    7.74717211723
2127    7.78134202957
2042    7.82548809052
2042    7.85970401764
2044    7.8938100338
2028    7.92287492752
2045    7.96218800545
2036    8.00499510765
2035    8.04267406464
2044    8.07340502739
2045    8.1042330265
2048    8.13505291939
2031    8.18361401558
2029    8.22604703903
2096    8.26342892647
2024    8.30007505417
2014    8.34353804588
2018    8.38714003563
2026    8.42562913895
2018    8.46892309189
2021    8.51217699051
1998    8.55007410049
2014    8.58055996895
2004    8.61351203918
2005    8.65658092499
2003    8.68401098251
2016    8.72057795525
2009    8.74753403664
2008    8.78244304657
2009    8.80711197853
2030    8.84176301956
2024    8.87169694901
2024    8.89993596077
2014    8.93319892883
2025    8.98164606094
2024    9.01984500885
2021    9.0464360714
2042    9.08320808411
2045    9.1199131012
2044    9.15167498589
2033    9.18388295174
2040    9.21623897552
2041    9.24819207191
2036    9.29147195816
2021    9.32984495163
2024    9.373306036
2024    9.40092611313
2104    9.43567013741
2032    9.46537613869
2030    9.50531601906
2023    9.5438580513
2016    9.58756613731
2017    9.6305539608
2017    9.67230200768
2020    9.70917797089
2024    9.74570608139
2022    9.78269004822
2021    9.80936598778
2021    9.84104800224
2032    9.88280391693
2103    9.92052197456
2017    9.96358108521
2108    9.99322009087
2034    10.0230710506
2020    10.0538201332
2017    10.0971519947
2022    10.1402320862
2024    10.1660349369
2022    10.2019610405
2026    10.2280499935
2028    10.2643949986
2030    10.3117721081
2029    10.3500089645
2030    10.3880929947
2028    10.4238591194
2029    10.4497871399
2022    10.4880340099
2021    10.5165331364
2020    10.5427420139
2021    10.5812060833
2029    10.6173241138
2016    10.6528980732
2019    10.6838669777
2024    10.7122330666
2018    10.7509391308
2031    10.794604063
2021    10.8275251389
2029    10.8684339523
2025    10.9040589333
2101    10.9341909885
2017    10.9653859138
2029    11.0036849976
2029    11.0327529907
2032    11.0643029213
2025    11.1018400192
2024    11.1379110813
2019    11.1708939075
2027    11.2142009735
2108    11.2528810501
2024    11.2963869572
2020    11.3443069458
2025    11.3771560192
2031    11.4189689159
2022    11.4564180374
2024    11.4861080647
2015    11.5209779739
2027    11.5592939854
2023    11.5917510986
2017    11.6346049309
2020    11.6778459549
2103    11.7043850422
2024    11.7374191284
2021    11.7699561119
2022    11.8133981228
2022    11.8515090942
2029    11.8820080757
2032    11.9142670631
2021    11.9459459782
2021    11.9898650646
2022    12.0320909023
2024    12.0740389824
2020    12.1118891239
2024    12.1551470757
2022    12.2003951073
2097    12.2438700199
2024    12.2907760143
2020    12.3188810349
2022    12.3524060249
2022    12.3852081299
2015    12.4283280373
2027    12.4690029621
2014    12.5041639805
2018    12.5426969528
2021    12.5810980797
2017    12.6084809303
2024    12.6419789791
2016    12.6703789234
2016    12.7234859467
2028    12.7587480545
2013    12.8020551205
2023    12.8287260532
2044    12.8614189625
2036    12.9048159122
2036    12.9480659962
2036    12.9849040508
2040    13.0256841183
2036    13.0538859367
2033    13.0969460011
2035    13.1409680843
2038    13.1841180325
2044    13.2291209698
2039    13.264070034
2044    13.2939829826
2044    13.323996067
2036    13.3590989113
2036    13.3890230656
2043    13.4239931107
2040    13.4588840008
2046    13.4988019466
2044    13.5390241146
2035    13.5924189091
2044    13.6230700016
2125    13.6535859108
2049    13.6832649708
2046    13.7178089619
2045    13.7526249886
2045    13.7777180672
2035    13.8110101223
2064    13.8416719437
2057    13.869959116
2060    13.9180381298
2051    13.957930088
2062    13.9864189625
2054    14.0203139782
2061    14.0509049892
2057    14.0847840309
2056    14.128330946
2052    14.1617751122
2057    14.1984460354
2142    14.2309401035
2057    14.2743439674
2133    14.3009619713
2051    14.332777977
2059    14.3742949963
2050    14.4077041149
2063    14.4409821033
2054    14.4742770195
2070    14.5127561092
2068    14.5564479828
2066    14.5939879417
2153    14.6249980927
2077    14.6565570831
2081    14.6930930614
2074    14.7259340286
2067    14.7584340572
2069    14.7961349487
2069    14.8288300037
2085    14.8739659786
2069    14.9125449657
2094    14.9443449974
2093    14.976639986
2086    15.0191650391
2093    15.0600149632
2087    15.0976850986
2095    15.1266810894
2085    15.1608791351
2172    15.1916189194
2086    15.2230370045
2087    15.2687621117
2096    15.308836937
2096    15.3341910839
2102    15.3674929142
2101    15.4110629559
2174    15.4442179203
2106    15.4697971344
2102    15.5061340332
2103    15.5519990921
2107    15.5854809284
2102    15.6188139915
2105    15.6514310837
2108    15.694507122
2105    15.7326021194
2111    15.7636189461
2180    15.7921009064
2099    15.8348250389
2109    15.8618171215
2104    15.9050960541
2105    15.9403839111
2103    15.9818940163
2110    16.0251960754
2102    16.0610821247
2141    16.0874679089
2106    16.1262390614
2099    16.1603701115
2113    16.2039599419
2104    16.2462170124
2116    16.2833969593
2120    16.314207077
2123    16.3483819962
2129    16.3824701309
2127    16.406692028
2119    16.4431190491
2121    16.4689691067
2115    16.5023031235
2122    16.5339210033
2127    16.5708339214
2119    16.6039910316
2123    16.635684967
2207    16.6675541401
2111    16.710670948
2116    16.7538049221
2196    16.779859066
2119    16.8080890179
2120    16.8447709084
2122    16.8917000294
2130    16.9295921326
2116    16.9686999321
2128    16.9978561401
2124    17.0320260525
2124    17.0662600994
2119    17.1034901142
2196    17.1466710567
2116    17.1895759106
2119    17.2159991264
2144    17.2508339882
2134    17.2784690857
2142    17.3168680668
2144    17.3534910679
2161    17.3849101067
2153    17.4268920422
2158    17.4753320217
2153    17.5113489628
