2409    0.0325200557709
2484    0.0666289329529
2403    0.0923759937286
2483    0.125154018402
2393    0.18256688118
2388    0.212652921677
2402    0.247830867767
2377    0.292870044708
2388    0.317804098129
2392    0.352823019028
2391    0.382735013962
2376    0.41263794899
2382    0.447525978088
2388    0.477396011353
2364    0.507239103317
2375    0.537208080292
2364    0.567152023315
2363    0.597097873688
2444    0.629543066025
2355    0.683027029037
2350    0.73153591156
2350    0.77455997467
2352    0.817957878113
2343    0.841566085815
2332    0.873738050461
2340    0.908171892166
2397    0.935148000717
2325    0.967611074448
2318    1.00012898445
2322    1.03875994682
2301    1.08209991455
2303    1.1199889183
2285    1.15731406212
2282    1.1897110939
2268    1.22712302208
2348    1.25447702408
2273    1.2868719101
2258    1.31927204132
2259    1.34679508209
2252    1.37785005569
2235    1.40625691414
2240    1.43301200867
2228    1.47214508057
2228    1.50631093979
2227    1.53977608681
2292    1.57843494415
2215    1.61035609245
2195    1.64610290527
2202    1.67936992645
2264    1.70755195618
2184    1.74104809761
2187    1.76782107353
2165    1.81091499329
2161    1.85144901276
2142    1.88036990166
2141    1.91480898857
2141    1.94422698021
2118    1.98356795311
2120    2.02293896675
2108    2.06227207184
2109    2.08685398102
2110    2.12015390396
2100    2.14701890945
2089    2.19185805321
2081    2.2267639637
2079    2.2616109848
2055    2.29644989967
2060    2.32671904564
2036    2.37040400505
2020    2.41240692139
2022    2.45475196838
2005    2.49315500259
2072    2.53642487526
1978    2.57734894753
2053    2.61539006233
1960    2.6435508728
1943    2.67692303658
1923    2.71976900101
1926    2.75819087029
1920    2.78682589531
1980    2.82294988632
1890    2.85376691818
1888    2.88476991653
1878    2.91704487801
1955    2.95818996429
1851    2.99697494507
1913    3.03523206711
1821    3.0706179142
1812    3.09718108177
1799    3.13402700424
1793    3.16025304794
1792    3.19215893745
1761    3.22501993179
1765    3.26737809181
1749    3.29479694366
1733    3.3279800415
1728    3.36032295227
1709    3.40711808205
1703    3.44518589973
1766    3.48796701431
1750    3.52627801895
1654    3.5700469017
1656    3.6084830761
1633    3.63673901558
1628    3.67165493965
1627    3.69885897636
1624    3.73262405396
1613    3.76633191109
1589    3.81054401398
1596    3.83732509613
1573    3.87040996552
1557    3.89876198769
1560    3.92896699905
1564    3.96419906616
1544    3.994328022
1522    4.03993296623
1602    4.08298587799
1507    4.10946893692
1509    4.14575099945
1495    4.18914604187
1497    4.22647309303
1481    4.25747895241
1476    4.29036188126
1478    4.34979605675
1545    4.38137507439
1456    4.41161990166
1442    4.45521688461
1444    4.49768900871
1443    4.55099892616
1427    4.58589696884
1433    4.62333106995
1513    4.65492105484
1413    4.70171093941
1412    4.73491597176
1409    4.76797699928
1408    4.80102491379
1416    4.83586597443
1400    4.86007905006
1389    4.8842010498
1395    4.91833591461
1395    4.94749689102
1475    4.98748803139
1393    5.02589201927
1396    5.06443786621
1391    5.09757208824
1395    5.14111995697
1400    5.16801190376
1399    5.19973492622
1474    5.24298906326
1379    5.27619600296
1392    5.31503391266
1391    5.35850191116
1394    5.40215301514
1398    5.43875408173
1398    5.48130702972
1397    5.52465605736
1398    5.56325292587
1394    5.60653209686
1395    5.64250397682
1395    5.67790699005
1417    5.73157787323
1411    5.76911592484
1488    5.80249404907
1411    5.83316802979
1500    5.86295199394
1414    5.89635586739
1404    5.93309903145
1421    5.96615004539
1428    6.01440191269
1436    6.04772090912
1423    6.09086489677
1428    6.13461709023
1447    6.17049193382
1447    6.20170092583
1441    6.23507595062
1443    6.27198004723
1460    6.3052740097
1454    6.34905409813
1458    6.39228010178
1460    6.43087697029
1539    6.46893692017
1461    6.51204705238
1483    6.54430007935
1479    6.57643389702
1475    6.60396194458
1476    6.64136600494
1564    6.68212890625
1492    6.72543501854
1492    6.75078701973
1496    6.78434705734
1492    6.81525588036
1573    6.84338593483
1492    6.88159489632
1589    6.90983605385
1512    6.94808387756
1517    6.9869389534
1515    7.01297998428
1510    7.04555988312
1503    7.09138894081
1525    7.12943887711
1527    7.16937398911
1611    7.20430493355
1529    7.24596190453
1524    7.2716178894
1541    7.30574989319
1547    7.344217062
1541    7.37690591812
1548    7.41020798683
1559    7.45337605476
1558    7.4987719059
1558    7.53679609299
1563    7.5631570816
1557    7.59667086601
1577    7.6400179863
1586    7.67874789238
1663    7.71100497246
1575    7.74750995636
1567    7.78568196297
1580    7.82391190529
1588    7.8513739109
1676    7.89391589165
1590    7.92660403252
1668    7.95997309685
1611    7.99783301353
1610    8.03954601288
1693    8.06639909744
1617    8.09835195541
1609    8.13009905815
1607    8.16202807426
1608    8.19389390945
1624    8.22557592392
1625    8.25738596916
1626    8.28927493095
1625    8.33607292175
1649    8.37791490555
1647    8.41427397728
1645    8.44563794136
1641    8.47744297981
1639    8.50919795036
1646    8.54082894325
1659    8.57248997688
1654    8.61428403854
1660    8.65809798241
1659    8.6867210865
1663    8.71520400047
1656    8.74878001213
1671    8.78741002083
1669    8.81592392921
1678    8.85442495346
1669    8.89312696457
1673    8.91671490669
1671    8.94531702995
1668    8.97908902168
1693    9.01990509033
1687    9.0529460907
1693    9.08786988258
1693    9.12415003777
1679    9.16771388054
1695    9.21110200882
1702    9.24794793129
1709    9.28008508682
1703    9.32232403755
1706    9.34945487976
1719    9.38635396957
1717    9.42804408073
1794    9.47130298615
1725    9.51308608055
1725    9.5403380394
1733    9.57371997833
1734    9.6171309948
1823    9.67113208771
1741    9.69780302048
1741    9.73002195358
1829    9.75831103325
1755    9.79584908485
1750    9.83407592773
1754    9.8618619442
1750    9.89793109894
1755    9.92471790314
1758    9.95659208298
1763    10.0055339336
1768    10.0437068939
1842    10.0853850842
1849    10.1255600452
1781    10.1639518738
1792    10.1954400539
1861    10.2422409058
1775    10.2822699547
1782    10.320677042
1886    10.3515350819
1801    10.3835809231
1806    10.4203159809
1804    10.4571340084
1804    10.4955248833
1807    10.5389358997
1893    10.5756649971
1810    10.6040699482
1817    10.6372840405
1812    10.6741170883
1820    10.6970629692
1835    10.7328219414
1830    10.764113903
1838    10.7998390198
1839    10.8307828903
1835    10.8692359924
1842    10.9051198959
1848    10.9483950138
1838    10.9801089764
1929    11.0219368935
1842    11.0638740063
1868    11.1064889431
1949    11.1399190426
1874    11.181853056
1868    11.2258560658
1868    11.2695319653
1888    11.3029201031
1892    11.3345279694
1881    11.3730230331
1887    11.41188097
1900    11.4502630234
1902    11.4931540489
1898    11.5364999771
1897    11.5746209621
1891    11.6177270412
1917    11.6485230923
1913    11.6921539307
1911    11.730257988
1920    11.7609710693
1922    11.7924470901
1927    11.821739912
1928    11.8580889702
1924    11.9057159424
1927    11.9335889816
1943    11.9667699337
1943    12.0083119869
1942    12.0468249321
1949    12.0848329067
1957    12.1233489513
1968    12.1619439125
1958    12.2058999538
1959    12.2431099415
1964    12.2734639645
1982    12.3071250916
1974    12.345457077
1973    12.3785760403
2002    12.4154510498
1989    12.4538040161
1994    12.4920680523
1998    12.5229690075
2075    12.5548830032
2013    12.5868360996
2006    12.6149389744
2006    12.645663023
2009    12.6878430843
2024    12.7229859829
2024    12.7663009167
2021    12.7946069241
2031    12.842936039
2048    12.8809280396
2119    12.919246912
2034    12.962446928
2035    12.993719101
2040    13.0271780491
2054    13.0705399513
2059    13.1136538982
2073    13.1468000412
2076    13.1857140064
2073    13.2273080349
2079    13.2539570332
2085    13.2909128666
2094    13.3279030323
2084    13.3715419769
2083    13.4149129391
2105    13.4485800266
2183    13.4819059372
2179    13.5200998783
2102    13.5490109921
2105    13.5812029839
2105    13.6273159981
2194    13.6540830135
2119    13.6822919846
2121    13.7157349586
2118    13.7435560226
2125    13.782118082
2213    13.8202970028
2142    13.8500740528
2136    13.8842980862
2134    13.9288408756
2150    13.9722900391
2143    14.0092170238
2148    14.0525488853
2166    14.1058409214
2166    14.1440899372
2243    14.1723918915
2179    14.2053339481
2175    14.2370989323
2189    14.267854929
2183    14.3008990288
2198    14.3443610668
2198    14.3875370026
2194    14.4255650043
2209    14.4682819843
2211    14.5063068867
2209    14.5397260189
2211    14.5830879211
2225    14.6126329899
2228    14.6559619904
2232    14.6935698986
2245    14.7254090309
2243    14.767154932
2252    14.8021929264
2235    14.8370420933
2265    14.8719060421
2342    14.9018778801
2264    14.9399909973
2269    14.9724400043
2280    15.0017459393
2283    15.032916069
2276    15.0687069893
2338    15.1046710014
2295    15.1428210735
2286    15.1759679317
2289    15.207089901
2288    15.2393200397
2301    15.2718150616
2302    15.3104250431
2298    15.3437230587
2311    15.3782000542
2319    15.4213950634
2318    15.4486649036
2323    15.4886050224
2311    15.5153949261
2315    15.5481410027
2330    15.5816709995
2333    15.6120810509
2417    15.6432540417
2339    15.6740069389
2417    15.7052540779
2331    15.7370929718
2333    15.769272089
2352    15.8008210659
2362    15.8487360477
2353    15.8835680485
2362    15.9186120033
2355    15.948843956
2349    15.9820430279
2346    16.0255110264
2358    16.0642280579
2360    16.1027059555
2357    16.1357009411
2373    16.1775300503
2361    16.2109239101
2361    16.2543890476
2389    16.2843198776
2463    16.3156700134
2377    16.3593540192
2471    16.3850488663
2392    16.4205560684
2388    16.4465200901
2391    16.4998669624
2397    16.5313959122
2390    16.5650379658
2395    16.5988240242
2392    16.6328549385
2398    16.6612620354
2474    16.6945738792
2397    16.725427866
2394    16.756321907
2409    16.7841989994
2483    16.8189189434
2400    16.8511190414
2409    16.8918330669
2404    16.9336829185
2402    16.9715600014
2419    16.9980149269
2408    17.0315680504
2408    17.0626180172
2496    17.0904259682
2407    17.1238250732
2418    17.1525740623
2418    17.2130820751
2418    17.2463169098
2409    17.2500810623
2415    17.2737488747
0    17.3047440052
2414    17.3111829758
2489    17.3546459675
2418    17.3929948807
2410    17.4321050644
2409    17.4752628803
2402    17.5020310879
