158    0.0354471206665
175    0.0685560703278
172    0.107131004333
176    0.140113115311
193    0.168236017227
189    0.204929113388
176    0.246731996536
255    0.291064977646
178    0.327577114105
177    0.36280298233
178    0.401019096375
175    0.435163021088
176    0.478047132492
178    0.515007972717
176    0.545891046524
172    0.577356100082
191    0.620754003525
191    0.663558006287
255    0.696763038635
191    0.72530412674
192    0.769035100937
250    0.812477111816
191    0.850242137909
174    0.88120007515
253    0.916640043259
252    0.950690984726
193    0.986356973648
196    1.01724910736
191    1.05940508842
194    1.09635806084
193    1.13032817841
193    1.16848897934
255    1.19643902779
207    1.23129296303
193    1.26142716408
255    1.29990696907
207    1.34814596176
210    1.38991904259
193    1.42084002495
255    1.46420907974
191    1.49496006966
209    1.53839707375
193    1.56493806839
213    1.60484004021
213    1.63979005814
207    1.68549108505
209    1.72117996216
287    1.75698709488
212    1.78769016266
208    1.81831216812
211    1.85381913185
207    1.89445495605
287    1.92016506195
211    1.95528197289
210    1.98564195633
211    2.02937316895
210    2.0727391243
228    2.10055398941
212    2.13457107544
211    2.16703915596
209    2.21032309532
210    2.25414395332
212    2.292730093
212    2.3312599659
230    2.37486815453
285    2.41832208633
228    2.45690107346
303    2.48487901688
229    2.52820515633
228    2.5665769577
229    2.60989904404
227    2.65255212784
229    2.68734097481
227    2.74090600014
225    2.76928114891
209    2.81036806107
228    2.84341096878
245    2.88598799706
227    2.92355203629
225    2.948387146
212    2.98346495628
207    3.01853013039
227    3.06207418442
230    3.09972405434
229    3.14284896851
213    3.18025112152
229    3.21855998039
229    3.2507390976
228    3.29365205765
231    3.33699417114
242    3.37529611588
248    3.40770101547
245    3.43856596947
228    3.48190116882
246    3.51455116272
246    3.55017209053
245    3.5823841095
247    3.62167096138
244    3.65582799911
323    3.69004797935
247    3.72924399376
244    3.75836014748
249    3.78754115105
244    3.82704210281
324    3.86357998848
243    3.90636110306
248    3.94973397255
248    3.9931101799
246    4.03049612045
230    4.08500599861
244    4.12831616402
228    4.16434717178
243    4.20121717453
245    4.23955106735
226    4.27042007446
244    4.30212903023
248    4.3309969902
245    4.3649020195
324    4.40376400948
245    4.43758702278
245    4.4763879776
227    4.50536298752
244    4.54188013077
319    4.57362008095
247    4.61043405533
245    4.64057612419
246    4.6761469841
323    4.71683311462
229    4.75859117508
247    4.80056595802
230    4.84312605858
229    4.88604211807
226    4.91699814796
230    4.95077013969
230    4.9890460968
230    5.0220220089
227    5.05751204491
211    5.09717702866
210    5.13673114777
210    5.16690015793
209    5.20997714996
212    5.23987317085
207    5.30415415764
207    5.33946418762
213    5.34576916695
210    5.40153217316
0    5.4447581768
209    5.45140099525
211    5.47609400749
0    5.53251504898
209    5.53642511368
195    5.56787705421
0    5.60439300537
194    5.60916614532
213    5.64352107048
0    5.68128609657
285    5.68964505196
212    5.7158780098
210    5.74442410469
212    5.75717616081
209    5.7905421257
0    5.82749509811
194    5.83551502228
207    5.86413812637
0    5.90312218666
255    5.91130304337
207    5.94755911827
210    5.97127699852
210    5.98485016823
210    6.00307011604
0    6.03691315651
193    6.04510402679
209    6.07553815842
0    6.11861300468
210    6.12219405174
194    6.16333508492
0    6.19144415855
210    6.203125
208    6.22398304939
0    6.25713896751
212    6.26868510246
211    6.29929804802
0    6.32565307617
230    6.3360991478
227    6.35789299011
0    6.40317511559
210    6.41095709801
207    6.4452881813
0    6.48184013367
209    6.48982810974
209    6.53187417984
0    6.56505918503
211    6.5720641613
212    6.60833501816
0    6.64019918442
195    6.64842104912
192    6.69627809525
193    6.70295906067
190    6.74197602272
193    6.77763199806
209    6.80754804611
191    6.83750915527
194    6.86909103394
193    6.91236710548
195    6.94548106194
195    6.98866510391
193    7.02725696564
193    7.07056808472
196    7.09734296799
192    7.13028907776
255    7.15962505341
193    7.19339418411
255    7.2250289917
195    7.25698304176
191    7.28925609589
193    7.33236312866
195    7.37433600426
189    7.40808296204
191    7.44639396667
192    7.47325396538
255    7.51019215584
194    7.54776310921
193    7.57633900642
195    7.60991096497
178    7.63752198219
175    7.67823410034
193    7.7041580677
174    7.73476696014
193    7.77297496796
175    7.79605197906
174    7.83421397209
175    7.87064003944
250    7.91398215294
193    7.9573199749
178    7.99580097198
178    8.03379917145
177    8.0594830513
175    8.09237718582
174    8.12250900269
252    8.16597700119
173    8.20945096016
173    8.24775910378
250    8.28187513351
176    8.32647013664
175    8.3630900383
175    8.38909316063
176    8.42234706879
178    8.4604780674
159    8.48860812187
158    8.52177810669
175    8.55500006676
158    8.59856510162
158    8.63690495491
175    8.67990112305
158    8.72048616409
176    8.75101113319
254    8.78265500069
158    8.82450699806
157    8.86262106895
158    8.89836812019
233    8.94027018547
158    8.96529102325
159    8.99855017662
159    9.02678799629
233    9.06028103828
157    9.0907831192
159    9.11996603012
159    9.15923404694
159    9.19849300385
141    9.22267317772
137    9.25699806213
157    9.28633213043
156    9.3255341053
138    9.37010216713
157    9.40766811371
216    9.44284009933
155    9.47342514992
140    9.50423908234
159    9.53619098663
159    9.57971096039
140    9.62312817574
140    9.66029810905
138    9.69421315193
142    9.72082901001
138    9.76646614075
142    9.80848407745
159    9.83853507042
156    9.86882996559
124    9.89938902855
122    9.92906904221
143    9.96404099464
140    10.0021181107
142    10.032818079
139    10.0683820248
138    10.094522953
140    10.1354629993
140    10.1885771751
141    10.2269001007
125    10.2650771141
124    10.298304081
140    10.3291490078
123    10.3586781025
141    10.3924059868
124    10.4207410812
122    10.4555521011
139    10.4954180717
200    10.5353021622
140    10.5764009953
124    10.6230530739
124    10.6615991592
120    10.6972901821
121    10.7354080677
125    10.7637581825
121    10.7969410419
123    10.8267610073
123    10.8575999737
199    10.9016401768
122    10.9359111786
122    10.9605190754
124    11.0041120052
124    11.0476260185
200    11.0857551098
122    11.1131341457
106    11.1465330124
105    11.1898980141
103    11.2281520367
121    11.258867979
122    11.2981140614
124    11.3316261768
124    11.3635821342
120    11.3892819881
123    11.4337220192
123    11.4764900208
123    11.5039930344
125    11.5411961079
124    11.609498024
124    11.6374001503
122    11.661506176
105    11.6692240238
123    11.7109069824
0    11.755751133
102    11.7602760792
105    11.7897861004
0    11.8265380859
183    11.8312821388
198    11.8709881306
0    11.9110081196
200    11.9158401489
105    11.9552161694
0    11.9799630642
122    11.9854471684
199    12.0258021355
0    12.05747509
122    12.0637800694
124    12.0980761051
105    12.1377341747
124    12.1726751328
123    12.2206540108
103    12.2492911816
120    12.2830879688
200    12.3252990246
122    12.3567481041
125    12.3878979683
125    12.4315350056
108    12.4617760181
107    12.5047221184
125    12.5483191013
198    12.5967640877
123    12.6250231266
105    12.6581220627
124    12.690901041
121    12.718708992
124    12.7565660477
123    12.8046729565
106    12.8429050446
107    12.8858850002
105    12.9124519825
123    12.9688551426
123    13.0119149685
107    13.0202720165
122    13.0554301739
0    13.0812649727
124    13.0894379616
107    13.1245529652
0    13.1525690556
201    13.1597821712
120    13.1907839775
0    13.2298829556
107    13.2428231239
182    13.2849431038
124    13.2928621769
120    13.3251941204
0    13.3538620472
123    13.3602490425
107    13.3855040073
0    13.4189360142
121    13.471599102
123    13.4737789631
126    13.5109260082
121    13.5545389652
180    13.5811750889
111    13.6178460121
124    13.6645081043
125    13.6984710693
125    13.7363181114
122    13.7698671818
106    13.8079841137
215    13.8411130905
123    13.869325161
123    13.9175219536
119    13.9501299858
122    13.9833881855
119    14.0156431198
124    14.0467729568
125    14.0774741173
122    14.1089560986
124    14.1397161484
201    14.1703400612
124    14.2067301273
124    14.2437770367
126    14.2813200951
123    14.3247921467
123    14.3677101135
140    14.4109389782
140    14.4443061352
139    14.4779620171
141    14.5095770359
125    14.5511870384
142    14.5831151009
125    14.6215209961
124    14.6543741226
124    14.6894590855
120    14.7318520546
122    14.7650389671
201    14.7963860035
124    14.8278570175
141    14.8710510731
120    14.9137530327
140    14.9413011074
139    14.9792051315
120    15.0274260044
123    15.0557541847
141    15.0890829563
142    15.1208570004
140    15.1527261734
139    15.1845681667
121    15.2163021564
140    15.2482171059
140    15.293598175
217    15.3365859985
155    15.3741221428
140    15.417468071
157    15.4451370239
139    15.4785101414
125    15.5135891438
142    15.5514550209
143    15.5815961361
137    15.6150710583
124    15.6434841156
137    15.6850531101
138    15.7164640427
123    15.7495629787
140    15.7929930687
141    15.8339149952
218    15.8600571156
138    15.8920149803
216    15.9277119637
141    15.9535260201
141    15.9852039814
141    16.0128390789
142    16.0537860394
219    16.0915591717
142    16.1340301037
159    16.1774120331
217    16.2157521248
141    16.2487521172
139    16.2812361717
143    16.3081049919
138    16.3535859585
142    16.3959770203
159    16.4261870384
157    16.4750730991
159    16.5124540329
159    16.5449650288
233    16.5724401474
140    16.6049721241
155    16.6474971771
156    16.6902620792
158    16.7259891033
159    16.7615959644
156    16.804172039
157    16.8422400951
175    16.8824429512
234    16.9256601334
159    16.9686710835
232    17.0061349869
155    17.0445439816
234    17.0771391392
174    17.1150770187
158    17.1487121582
253    17.1846301556
173    17.2258930206
175    17.2643451691
175    17.3027591705
174    17.3387010098
176    17.3718869686
156    17.4037201405
178    17.4356911182
178    17.4678311348
175    17.510625124
