2543    0.0309910774231
2538    0.0746459960938
2544    0.113082170486
2558    0.157179117203
2569    0.18185710907
2553    0.221614122391
2572    0.261325120926
2568    0.295931100845
2586    0.329298019409
2594    0.361359119415
2585    0.394126176834
2594    0.436521053314
2610    0.464293003082
2616    0.497429132462
2616    0.530253171921
2606    0.573888063431
2617    0.616850137711
2629    0.655244112015
2641    0.693595170975
2652    0.731267213821
2644    0.764106035233
2641    0.799962997437
2654    0.866631031036
2667    0.894091129303
2676    0.932066202164
2761    0.967234134674
2697    0.997692108154
2687    1.03132200241
2694    1.06747913361
2687    1.09880900383
2700    1.13240599632
2776    1.16102910042
2715    1.19858622551
2716    1.23145413399
2719    1.26291012764
2782    1.31067204475
2709    1.34619307518
2712    1.37918806076
2712    1.42210912704
2712    1.46547603607
2712    1.50403308868
2713    1.54229021072
2712    1.57117199898
2726    1.61166810989
2715    1.63896203041
2788    1.67170214653
2726    1.7151620388
2721    1.74499201775
2724    1.77495217323
2720    1.80487322807
2716    1.83970713615
2714    1.868268013
2796    1.9006922245
2796    1.94331216812
2713    1.98950505257
2723    2.01416301727
2711    2.0502910614
2712    2.09423208237
2712    2.13270807266
2711    2.16027021408
2717    2.19251799583
2710    2.22463011742
2724    2.2540371418
2724    2.2861020565
2723    2.3254570961
2715    2.368445158
2713    2.40721702576
2718    2.45046210289
2711    2.48718500137
2719    2.51837110519
2778    2.55146408081
2703    2.59462618828
2701    2.62427306175
2687    2.65480303764
2687    2.68378400803
2674    2.7276570797
2662    2.78100514412
2665    2.8189740181
2635    2.84661507607
2641    2.87996006012
2706    2.91103005409
2615    2.94313812256
2618    2.97516918182
2675    3.00217318535
2609    3.03743100166
2596    3.06762003899
2580    3.11085319519
2571    3.14946722984
2559    3.19335913658
2557    3.23193120956
2558    3.27048301697
2558    3.31370806694
2544    3.34780907631
2532    3.37596702576
2524    3.41941404343
2535    3.45733308792
2534    3.49615907669
2528    3.53024411201
2586    3.5661342144
2521    3.60248303413
2516    3.6285982132
2513    3.66193008423
2524    3.69380617142
2521    3.72594118118
2582    3.79386520386
2493    3.82617616653
2494    3.85791611671
2497    3.90135502815
2497    3.94455718994
2504    3.99329614639
2496    4.03125905991
2490    4.07274913788
2497    4.11145806313
2568    4.15484213829
2505    4.19800710678
2521    4.24130821228
2513    4.27860116959
2530    4.32134699821
2545    4.34915399551
2535    4.38693213463
2616    4.42519116402
2550    4.46249222755
2555    4.49343419075
2644    4.52408409119
2559    4.55999207497
2582    4.58639907837
2569    4.63937711716
2584    4.67162322998
2576    4.71495223045
2600    4.7417550087
2678    4.77549815178
2601    4.81688714027
2626    4.84063220024
2690    4.87938523293
2638    4.91337704659
2629    4.95513916016
2641    4.99367022514
2637    5.05602908134
2654    5.09430003166
2677    5.13201212883
2676    5.16523218155
2678    5.19838404655
2676    5.23418402672
2768    5.27271008492
2696    5.29839611053
2693    5.33583307266
2695    5.37274312973
2700    5.41607713699
2773    5.45947122574
2712    5.50586819649
2719    5.53863310814
2708    5.57596111298
2721    5.60749316216
2710    5.65062618256
2713    5.6786441803
2797    5.70937609673
2712    5.7419860363
2715    5.77083110809
2713    5.80181002617
2721    5.8396282196
2715    5.86740708351
2724    5.89695811272
2712    5.93681001663
2718    5.97673821449
2723    6.00164818764
2721    6.03658413887
2797    6.06651306152
2725    6.10150122643
2725    6.13645219803
2724    6.17140722275
2723    6.21147704124
2724    6.23636317253
2725    6.27109003067
2725    6.30601620674
2713    6.3510351181
2723    6.384319067
2715    6.41650414467
2726    6.44811606407
2715    6.47838902473
2713    6.5104060173
2715    6.55288505554
2720    6.59047222137
2707    6.61884212494
2719    6.65433216095
2703    6.68314409256
2703    6.71566820145
2697    6.75850820541
2713    6.79723620415
2780    6.84591507912
2719    6.88003802299
2706    6.9081799984
2713    6.95151305199
2708    6.97815418243
2718    7.01529502869
2718    7.06721401215
2708    7.0941131115
2779    7.12798714638
2709    7.15886616707
2704    7.19221520424
2707    7.22038316727
2773    7.25364422798
2701    7.28684520721
2700    7.32021522522
2702    7.36586403847
2680    7.41655611992
2690    7.48253417015
2690    7.51095414162
2749    7.51717114449
2677    7.55064320564
0    7.57916808128
2668    7.59102606773
2652    7.62201118469
2661    7.64203619957
2656    7.67517709732
2659    7.69354605675
2649    7.73745918274
0    7.76918411255
2642    7.77696108818
2623    7.81929421425
2627    7.88854908943
2627    7.91680002213
2630    7.92960000038
2627    7.97883701324
0    8.01036906242
2639    8.01568818092
2635    8.06856012344
0    8.11213803291
2621    8.11819601059
2698    8.14727902412
0    8.17679905891
2613    8.18252110481
2620    8.21500110626
0    8.24506211281
2623    8.25216913223
2626    8.28833317757
0    8.3151781559
2617    8.32051420212
2623    8.35007500648
2610    8.38119220734
2609    8.42449522018
2614    8.4728140831
2616    8.50600910187
2621    8.5377061367
2623    8.56730103493
2616    8.59988713264
2608    8.64318418503
2622    8.68161010742
2613    8.70999622345
2623    8.74201011658
2621    8.77710604668
2684    8.80188822746
2624    8.83694314957
2639    8.86183619499
2639    8.90178418159
2631    8.94672608376
2654    8.98167610168
2644    9.00863814354
2632    9.04184818268
2639    9.08475208282
2652    9.12639522552
2659    9.15327310562
2662    9.19027304649
2646    9.22349214554
2663    9.26723504066
2670    9.30593919754
2664    9.33809614182
2675    9.37529420853
2672    9.41374802589
2680    9.45248413086
2686    9.48080301285
2687    9.51542305946
2696    9.55309915543
2692    9.59929800034
2700    9.63145899773
2702    9.66505503654
2697    9.70837807655
2718    9.75682020187
2707    9.78533506393
2708    9.82241916656
2720    9.86084604263
2720    9.89149403572
2722    9.92195606232
2713    9.9527630806
2722    9.98836803436
2712    10.0241260529
2722    10.0549340248
2723    10.0857610703
2714    10.1164391041
2720    10.1888141632
2713    10.2277240753
2725    10.2748711109
2715    10.316945076
2718    10.3450860977
2714    10.3784680367
2715    10.4213571548
2715    10.4647800922
2715    10.5033481121
2724    10.5351610184
2722    10.5816240311
2724    10.6118400097
2714    10.6547861099
2714    10.6980481148
2787    10.7414522171
2713    10.7791211605
2786    10.8121762276
2713    10.8604550362
2711    10.8928580284
2722    10.9254620075
2713    10.9692530632
2713    11.0076861382
2712    11.0511620045
2707    11.0944430828
2714    11.1327130795
2707    11.165115118
2721    11.200412035
2714    11.2394220829
2786    11.2679381371
2713    11.3006181717
2712    11.3334610462
2720    11.3725280762
2711    11.4139330387
2723    11.4455320835
2722    11.4885981083
2711    11.520067215
2713    11.5483710766
2785    11.5820162296
2724    11.6115422249
2713    11.6447272301
2718    11.6908349991
2713    11.7292470932
2712    11.7563500404
2710    11.7892260551
2711    11.8339002132
2718    11.8757221699
2704    11.9140532017
2705    11.9560520649
2715    11.9847741127
2705    12.0185391903
2710    12.0471460819
2699    12.0807330608
2694    12.1094172001
2694    12.1531021595
2691    12.1821742058
2696    12.2107150555
2694    12.2440252304
2758    12.2872831821
2681    12.3305900097
2697    12.3706400394
2696    12.3973960876
2686    12.4284021854
2748    12.4657092094
2686    12.5026741028
2676    12.5464072227
2676    12.5895521641
2675    12.6168401241
2687    12.6527531147
2674    12.691242218
2676    12.7346282005
2684    12.778373003
2675    12.8156611919
2758    12.8417751789
2677    12.8748631477
2677    12.9073500633
2687    12.945993185
2678    12.9791181087
2760    13.0252010822
2685    13.0734591484
2672    13.1168780327
2771    13.1548790932
2696    13.1859190464
2687    13.2195432186
2687    13.2580590248
2687    13.2851541042
2686    13.3202121258
2696    13.3623862267
2693    13.4058802128
2702    13.4450111389
2690    13.4831790924
2701    13.5155231953
2700    13.547339201
2700    13.590542078
2706    13.6288211346
2776    13.6566021442
2777    13.695097208
2712    13.7467601299
2719    13.7779459953
2708    13.806907177
2790    13.8404459953
2707    13.8689670563
2709    13.9015681744
2721    13.9363520145
2710    13.9749162197
2711    14.0085010529
2712    14.0467631817
2723    14.0953090191
2712    14.1385700703
2723    14.1655440331
2720    14.1970610619
2723    14.2287261486
2786    14.2721281052
2714    14.3099870682
2714    14.3508131504
2724    14.3858530521
2724    14.4155042171
2724    14.4475131035
2725    14.4960632324
2716    14.5324440002
2714    14.5598111153
2715    14.5931680202
2726    14.6247720718
2788    14.6678900719
2715    14.7109920979
2715    14.7501630783
2725    14.7843019962
2724    14.8084461689
2723    14.8426580429
2723    14.8818800449
2723    14.9066781998
2725    14.941819191
2715    14.977463007
2714    15.0155131817
2712    15.059027195
2709    15.1015510559
2709    15.1399440765
2705    15.1782932281
2711    15.2133190632
2670    15.2566561699
2615    15.2950260639
2573    15.3282542229
2568    15.3641819954
2608    15.3978590965
2640    15.4263250828
2634    15.4749979973
2653    15.5183582306
2682    15.5614151955
2705    15.5992980003
2710    15.6319990158
2720    15.6753821373
2712    15.7138240337
2709    15.7572801113
2711    15.7956080437
2705    15.8283991814
2704    15.87216115
2694    15.9155571461
2678    15.9536750317
2686    15.9835340977
2663    16.018581152
2642    16.0622520447
2623    16.1009020805
2701    16.1445581913
2617    16.1883480549
2606    16.2262721062
2612    16.2571520805
2577    16.2999930382
2573    16.3278880119
2644    16.3613421917
2556    16.3898730278
2548    16.4238841534
2554    16.4506981373
2624    16.4823920727
2542    16.5159749985
2528    16.5443270206
2523    16.577737093
2516    16.6060681343
2504    16.6395292282
2509    16.683049202
2582    16.7204730511
2496    16.7636070251
2508    16.7926352024
2497    16.8208351135
2505    16.8558020592
2488    16.8857991695
2510    16.9172770977
2506    16.9519021511
2496    16.9901371002
2506    17.0309200287
2571    17.0819292068
2508    17.113697052
2501    17.1499781609
2500    17.1846032143
2496    17.2130661011
2507    17.2519311905
2572    17.2850940228
2492    17.3177480698
2507    17.3491711617
2500    17.3942511082
2571    17.420096159
2523    17.4609220028
2516    17.5067451
