1380    0.0428709983826
1385    0.0676898956299
1404    0.101099967957
1403    0.132032871246
1392    0.160420894623
1393    0.197791099548
1413    0.225549936295
1396    0.273880958557
1400    0.300502061844
1415    0.335232973099
1415    0.378839969635
1429    0.416888952255
1408    0.459703922272
1545    0.487228870392
1429    0.519962072372
1424    0.553169965744
1424    0.59618806839
1444    0.634869098663
1556    0.67852306366
1449    0.702244997025
1445    0.741003036499
1431    0.764761924744
1464    0.798537969589
1470    0.827699899673
1457    0.860589027405
1467    0.891545057297
1457    0.923429012299
1467    0.95326590538
1485    0.994380950928
1474    1.03810501099
1494    1.07129096985
1486    1.10867094994
1496    1.14552903175
1492    1.18890690804
1492    1.23228597641
1624    1.27059388161
1507    1.31749796867
1513    1.38391208649
1513    1.41794109344
1519    1.42574596405
1520    1.45359992981
1536    1.48463392258
1526    1.52339196205
1543    1.55690407753
1545    1.58784103394
1543    1.6202480793
1538    1.65111303329
1566    1.68199396133
1560    1.72279310226
1560    1.76339006424
1556    1.79907608032
1577    1.83461999893
1579    1.86559295654
1581    1.89705204964
1574    1.94023990631
1592    1.9706299305
1571    2.01350903511
1597    2.0470058918
1597    2.07537007332
1590    2.09892487526
1590    2.13739800453
1590    2.18081092834
1587    2.20479106903
1583    2.24883198738
1596    2.28000092506
1608    2.32212495804
1573    2.35734701157
1475    2.39050197601
1368    2.42755198479
1199    2.46531105042
1023    2.5077290535
943    2.54246902466
913    2.5868639946
908    2.61972093582
1074    2.65432906151
1080    2.67913007736
1083    2.71427702904
1230    2.74384403229
1368    2.77353596687
1466    2.80823588371
1491    2.83284592628
1493    2.86579108238
1479    2.89687800407
1557    2.94459009171
1449    2.98206090927
1563    3.01318097115
1478    3.0408411026
1367    3.06457495689
1368    3.09873509407
1352    3.13288092613
1326    3.17020606995
1327    3.2136759758
1353    3.25527000427
1279    3.28548288345
1408    3.32871603966
1309    3.36068606377
1294    3.39902496338
1331    3.43225097656
1347    3.47578787804
1364    3.51422190666
1361    3.55767607689
1361    3.6012969017
1367    3.64961791039
1382    3.67800092697
1383    3.71299290657
1374    3.74020195007
1363    3.77513504028
1368    3.80504608154
1371    3.8350110054
1369    3.87120699883
1348    3.89777803421
1352    3.93245601654
1467    3.97340297699
1325    4.0103559494
1309    4.05373597145
1274    4.09728097916
1279    4.13429403305
1266    4.16963195801
1238    4.20727205276
1214    4.23469996452
1206    4.26760005951
1231    4.30027508736
1228    4.32980298996
1210    4.37321209908
1190    4.40144491196
1191    4.4501619339
1194    4.48431587219
1314    4.51620388031
1194    4.54799008369
1195    4.57713699341
1201    4.61342597008
1306    4.64954304695
1197    4.68943095207
1201    4.72449707985
1279    4.76968002319
1181    4.80153894424
1197    4.84474992752
1197    4.87173509598
1191    4.90387701988
1199    4.93581008911
1198    4.96563696861
1202    5.0005710125
1207    5.04550004005
1212    5.07998108864
1216    5.12283802032
1210    5.16619586945
1216    5.19180202484
1213    5.22582793236
1214    5.27051305771
1235    5.29499006271
1224    5.32965302467
1343    5.37328600883
1231    5.40139198303
1228    5.43360495567
1348    5.4656829834
1235    5.50671887398
1250    5.53487801552
1240    5.56810498238
1224    5.60129904747
1244    5.63948607445
1260    5.67311096191
1243    5.71151399612
1243    5.75479102135
1261    5.79307389259
1256    5.8252248764
1260    5.86860108376
1392    5.9206609726
1265    5.95853900909
1279    5.99979496002
1295    6.03315591812
1279    6.06662607193
1279    6.10263299942
1298    6.1442489624
1279    6.18111801147
1294    6.21455693245
1408    6.25745606422
1306    6.28358888626
1315    6.32662296295
1308    6.36985898018
1309    6.40810108185
1424    6.4513630867
1304    6.49397993088
1277    6.53237605095
1216    6.55933094025
1112    6.59342503548
1010    6.6251718998
945    6.66827988625
961    6.70405507088
1023    6.72963309288
1023    6.76262402534
1023    6.80619287491
846    6.84445691109
805    6.88750886917
806    6.93038105965
748    6.97349095345
686    7.01148986816
798    7.04887795448
665    7.08711194992
668    7.12955307961
666    7.16806101799
679    7.2007830143
758    7.2363910675
996    7.27377009392
1447    7.31589388847
1386    7.35270190239
1415    7.38453197479
1410    7.41649198532
1412    7.44837999344
1430    7.49180793762
1427    7.52486109734
1429    7.57327103615
1444    7.61682391167
1446    7.64613890648
1438    7.68960690498
1439    7.72798395157
1460    7.75648403168
1456    7.79450798035
1465    7.83151698112
1454    7.87963294983
1476    7.91817092896
1480    7.95603704453
1481    7.99476194382
1591    8.02261090279
1481    8.04572486877
1485    8.08444809914
1483    8.13783097267
1606    8.17602205276
1604    8.21851801872
1489    8.26156687737
1487    8.2991399765
1483    8.33264088631
1476    8.36103487015
1492    8.40196895599
1496    8.43514990807
1493    8.47855091095
1608    8.51152992249
1485    8.5406229496
1481    8.57470488548
1456    8.60885906219
1439    8.64798688889
1433    8.67880892754
1412    8.71076393127
1406    8.75403308868
1402    8.78523802757
1362    8.81349492073
1371    8.85737109184
1348    8.90074300766
1324    8.94408488274
1332    8.97310400009
1263    9.00197792053
1379    9.04127287865
1277    9.08040499687
1264    9.10509991646
1393    9.13787388802
1394    9.169080019
1258    9.19792795181
1263    9.23452091217
1228    9.27066993713
1240    9.30430698395
1390    9.34706997871
1408    9.3880739212
1279    9.43389606476
1355    9.46976709366
1350    9.51304793358
1364    9.5563480854
1391    9.60904598236
1463    9.64942193031
1379    9.68786692619
1393    9.730946064
1415    9.77360987663
1406    9.80027008057
1395    9.83639287949
1492    9.87405705452
1380    9.90854406357
1362    9.93681788445
1350    9.97014904022
1354    10.0120198727
1334    10.0377240181
1332    10.0730381012
1311    10.1037828922
1276    10.1476678848
1390    10.1861550808
1258    10.2295610905
1240    10.2679059505
1231    10.2990999222
1228    10.3299400806
1248    10.3664989471
1342    10.4097158909
1215    10.4372611046
1235    10.4742119312
1248    10.5172660351
1348    10.544162035
1228    10.5729219913
1244    10.606746912
1244    10.6503069401
1244    10.676956892
1246    10.7138428688
1244    10.7531130314
1250    10.7850260735
1256    10.8270878792
1242    10.8538720608
1246    10.8869900703
1260    10.9350950718
1250    10.9756669998
1269    11.0114479065
1262    11.0521640778
1268    11.0830140114
1255    11.1152329445
1277    11.158274889
1388    11.2013258934
1279    11.2390789986
1297    11.2746939659
1409    11.3095638752
1294    11.3496439457
1279    11.3884320259
1279    11.4223370552
1279    11.4506909847
1305    11.4838089943
1294    11.5145869255
1311    11.5462200642
1314    11.5828840733
1311    11.6303479671
1306    11.6732890606
1318    11.7097949982
1329    11.7478580475
1324    11.7859370708
1322    11.8137788773
1329    11.8396649361
1326    11.8678650856
1326    11.9012858868
1355    11.9363250732
1354    11.9631690979
1325    11.9899759293
1343    12.0230579376
1348    12.0714039803
1341    12.1045610905
1484    12.1391999722
1366    12.1685619354
1371    12.2050199509
1370    12.2455830574
1387    12.2713799477
1379    12.2997839451
1378    12.3405280113
1380    12.3761720657
1511    12.4119279385
1396    12.4488890171
1418    12.4806730747
1415    12.5128409863
1430    12.5561499596
1423    12.5986819267
1442    12.6369330883
1447    12.6797289848
1443    12.7082369328
1445    12.7416908741
1443    12.7843580246
1464    12.8225719929
1463    12.8658249378
1479    12.9043030739
1481    12.9364750385
1479    12.9690990448
1480    13.0031549931
1481    13.0398418903
1489    13.0729160309
1495    13.1031470299
1495    13.1467809677
1505    13.1902658939
1497    13.2332570553
1504    13.2661240101
1507    13.2992010117
1536    13.3311710358
1511    13.3586320877
1627    13.3934628963
1540    13.4384889603
1549    13.463447094
1548    13.4986450672
1546    13.5388720036
1661    13.5638389587
1543    13.5985720158
1551    13.6281080246
1546    13.6583020687
1548    13.6933860779
1548    13.7212619781
1519    13.7545568943
1548    13.7903590202
1526    13.8235080242
1532    13.8602380753
1528    13.90583992
1528    13.9400439262
1536    13.9740579128
1521    14.0031030178
1510    14.037268877
1531    14.0713419914
1507    14.1112070084
1509    14.1493620872
1503    14.1814448833
1508    14.2246758938
1503    14.2663009167
1506    14.299216032
1506    14.3223910332
1515    14.3589758873
1499    14.3852469921
1477    14.4180510044
1461    14.4459729195
1443    14.4788789749
1430    14.5164380074
1423    14.5531389713
1380    14.5963199139
1350    14.6292998791
1343    14.6718280315
1268    14.7099540234
1242    14.7539539337
1230    14.7800951004
1228    14.8133349419
1140    14.8568959236
1131    14.8952569962
1114    14.9270250797
1077    14.9702160358
1079    14.9981970787
1080    15.036137104
1092    15.0640618801
1083    15.0969679356
1133    15.1247489452
1130    15.1623980999
1140    15.1902930737
1162    15.2280619144
1182    15.2657458782
1196    15.2987389565
1197    15.3317039013
1230    15.3597068787
1228    15.3877100945
1212    15.4210510254
1248    15.4595839977
1239    15.4925899506
1222    15.5358519554
1229    15.5743401051
1226    15.6174609661
1213    15.6495010853
1226    15.6879498959
1194    15.7311730385
1191    15.7589650154
1179    15.7913310528
1183    15.8224139214
1183    15.8528730869
1183    15.8861439228
1173    15.9147429466
1183    15.9465069771
1151    15.9766199589
1147    16.0085880756
1295    16.0408298969
1177    16.0717289448
1158    16.1139409542
1181    16.1579051018
1174    16.191092968
1190    16.2259230614
1183    16.2624180317
1183    16.2960319519
1181    16.3395819664
1176    16.3785369396
1177    16.4218349457
1296    16.4477410316
1163    16.4872460365
1136    16.5242199898
1082    16.5580370426
1023    16.5864329338
1023    16.6191179752
927    16.6560790539
803    16.6935520172
685    16.728730917
649    16.7719669342
616    16.8104050159
600    16.8370239735
602    16.9011631012
602    16.9337189198
600    16.9390630722
763    16.9690339565
0    16.999710083
749    17.0059940815
892    17.0354990959
1172    17.0754139423
1161    17.1174559593
1212    17.1555409431
1207    17.19866395
1245    17.2418930531
1261    17.2697219849
1266    17.3045549393
1272    17.3345730305
1301    17.3750920296
1308    17.4339749813
1306    17.4727489948
1310    17.5013489723
