5    0.0284621715546
8    0.0651609897614
9    0.103280067444
8    0.131692171097
6    0.168486118317
7    0.197266101837
7    0.236155033112
7    0.264923095703
8    0.299452066422
8    0.337834119797
8    0.380974054337
5    0.426896095276
7    0.464251041412
6    0.502362012863
7    0.537312984467
7    0.567276000977
7    0.609930992126
9    0.65224313736
8    0.684740066528
8    0.712152004242
7    0.749544143677
6    0.782104969025
7    0.826688051224
7    0.853121042252
98    0.893176078796
7    0.93096113205
99    0.969225168228
7    1.01223516464
7    1.04891610146
7    1.07967019081
7    1.11109304428
7    1.14120101929
6    1.17254209518
7    1.20061516762
6    1.23500704765
6    1.27839708328
7    1.31000900269
7    1.3395280838
9    1.36541414261
7    1.39903497696
7    1.42664313316
6    1.46380996704
98    1.5072221756
8    1.54482913017
7    1.57994413376
6    1.6266951561
7    1.65549516678
7    1.68890714645
8    1.72242116928
54    1.74983906746
53    1.782351017
408    1.81835913658
511    1.84650206566
5    1.87962198257
0    1.90720009804
89    1.95568799973
0    1.98858714104
0    2.02399611473
0    2.04735302925
0    2.08019208908
0    2.11703300476
0    2.15380907059
0    2.18556213379
0    2.21727013588
0    2.2488451004
89    2.29546904564
0    2.33728909492
7    2.37549614906
8    2.41873407364
9    2.46169614792
8    2.48846817017
98    2.52021718025
0    2.54836916924
0    2.58122110367
0    2.61670708656
0    2.64160108566
90    2.67747116089
0    2.72047305107
89    2.75128817558
0    2.79470014572
0    2.82998800278
0    2.86239910126
0    2.89545202255
0    2.93487000465
0    2.96310114861
0    2.9961950779
0    3.03251504898
0    3.07580113411
0    3.11411905289
0    3.16104316711
87    3.19420099258
0    3.23755097389
0    3.27835607529
0    3.32144618034
0    3.36338615417
0    3.40186715126
0    3.43913817406
0    3.47859096527
0    3.52168011665
0    3.55837607384
89    3.59106707573
0    3.62617611885
0    3.66492199898
0    3.70272517204
89    3.7361330986
89    3.76952815056
0    3.79788398743
0    3.85166501999
0    3.89535999298
0    3.95665311813
0    3.98949313164
89    3.99685406685
0    4.03631401062
0    4.07406616211
0    4.07668399811
0    4.11919999123
0    4.15693807602
0    4.15944314003
0    4.18680596352
0    4.2244310379
0    4.22668099403
0    4.25393009186
0    4.28672409058
0    4.29446816444
0    4.31711411476
0    4.34982013702
0    4.35717511177
0    4.37465906143
0    4.41207718849
0    4.4192841053
88    4.45685195923
0    4.49015402794
0    4.49858117104
0    4.53514909744
0    4.54349517822
0    4.56654906273
0    4.59497117996
0    4.61248016357
7    4.63507914543
8    4.65787315369
7    4.66659808159
8    4.70429110527
0    4.73735308647
6    4.74361610413
9    4.77406597137
0    4.82619905472
98    4.83412313461
0    4.87466406822
7    4.91412901878
7    4.9520111084
6    4.9845790863
8    5.01706504822
98    5.04937314987
7    5.07669615746
6    5.11409807205
7    5.14194202423
7    5.18524312973
7    5.21852207184
6    5.25688695908
99    5.30507707596
8    5.34187197685
8    5.38438010216
7    5.415817976
6    5.4459271431
98    5.47430300713
6    5.50829410553
9    5.53924298286
8    5.57002997398
7    5.59837698936
7    5.63493609428
7    5.66255712509
8    5.69523215294
9    5.7280330658
8    5.77080798149
7    5.79867100716
7    5.83205199242
6    5.87060117722
5    5.90902018547
6    5.93713498116
98    5.98003411293
7    6.00985717773
8    6.04047703743
7    6.07401013374
7    6.10740113258
7    6.14540910721
7    6.17924714088
7    6.20567512512
7    6.24226808548
98    6.2840051651
7    6.32024502754
7    6.3520591259
7    6.3950741291
7    6.43789505959
7    6.47658109665
7    6.50843906403
9    6.53828811646
6    6.57318615913
7    6.60312104225
7    6.6331820488
7    6.66813898087
7    6.71826004982
7    6.74826216698
7    6.77819514275
9    6.81344509125
9    6.83898711205
7    6.87295007706
7    6.90551114082
7    6.93810915947
7    6.97012710571
19    7.01067614555
20    7.04638910294
20    7.0871860981
34    7.13304305077
511    7.16618013382
686    7.19459104538
688    7.22788214684
684    7.25561904907
666    7.28875303268
665    7.32224702835
648    7.35072398186
651    7.38902616501
634    7.43234610558
649    7.47049617767
650    7.50239300728
648    7.53415203094
667    7.56592702866
664    7.60908198357
683    7.65267014503
681    7.69425702095
682    7.73037600517
684    7.7735440731
682    7.80131316185
792    7.84446907043
705    7.8777179718
721    7.91378903389
720    7.96173596382
738    7.99769902229
737    8.02468514442
721    8.05517101288
716    8.08839011192
705    8.11992812157
790    8.15074110031
686    8.18169808388
758    8.21772313118
652    8.24757218361
629    8.28244400024
372    8.32267308235
6    8.34949612617
7    8.38316917419
89    8.41381502151
7    8.44769406319
155    8.48872613907
1162    8.52699017525
1113    8.5554690361
1123    8.58856010437
1206    8.6366891861
1128    8.67294812202
1145    8.71159601212
1255    8.74594807625
1195    8.78468298912
1333    8.82791399956
1247    8.85925912857
1023    8.90260910988
615    8.94600200653
407    8.97387003899
374    9.00727701187
410    9.03553509712
406    9.07270216942
531    9.11475801468
650    9.15125012398
895    9.18184614182
1084    9.21359395981
1221    9.25701618195
1279    9.30010604858
1264    9.34335708618
1331    9.38506007195
1245    9.42335915565
1334    9.46672916412
1213    9.50528907776
1216    9.53671002388
1213    9.5800549984
1206    9.61804199219
1214    9.65669202805
1215    9.68953204155
1231    9.72072601318
1227    9.74880003929
1227    9.78114104271
1230    9.82462215424
1193    9.85845112801
1183    9.90157604218
1242    9.94538998604
1099    9.98157501221
1023    10.0199291706
976    10.0581011772
877    10.0818300247
963    10.1210560799
859    10.1692831516
861    10.207242012
842    10.2452881336
830    10.27729702
788    10.3207199574
827    10.3590180874
827    10.3973841667
443    10.43917799
303    10.4759500027
357    10.5078010559
353    10.5393481255
724    10.5873720646
927    10.6253130436
925    10.6539130211
943    10.6855750084
1012    10.7166111469
1023    10.7600409985
1059    10.8034501076
1119    10.8417701721
975    10.8801710606
959    10.9284889698
893    10.9665470123
121    10.9987990856
35    11.0412101746
19    11.0695970058
18    11.1030750275
53    11.1368460655
599    11.1752650738
473    11.223623991
87    11.2521421909
0    11.289880991
0    11.3327541351
99    11.3807861805
7    11.4061791897
0    11.4386050701
9    11.4705431461
0    11.5038201809
0    11.5422840118
7    11.5758531094
6    11.6070210934
7    11.6384010315
8    11.6819131374
7    11.7238249779
7    11.7723491192
7    11.8007609844
8    11.8359701633
98    11.8675670624
7    11.9012610912
9    11.9397120476
0    11.982583046
0    12.0255680084
0    12.0500199795
0    12.0885779858
196    12.1352930069
531    12.1787860394
858    12.2171030045
1150    12.2478511333
1202    12.2801749706
1199    12.3110601902
1304    12.3431301117
1476    12.3864750862
1637    12.4297800064
1695    12.4678890705
1793    12.5047981739
1913    12.5480201244
1916    12.5791661739
1820    12.6226940155
1719    12.6594791412
1656    12.6921300888
1546    12.7238681316
1509    12.7671060562
1509    12.8053979874
1507    12.8489689827
1510    12.8873860836
1628    12.933825016
1493    12.9700160027
1526    13.0021090508
1526    13.0452561378
1520    13.0883510113
1526    13.1302349567
1536    13.1669931412
1527    13.2099750042
1549    13.246737957
1545    13.281386137
1536    13.3117551804
1560    13.3449850082
1552    13.3884911537
1559    13.4268231392
1558    13.4586970806
1555    13.5021960735
1580    13.5406560898
1574    13.588891983
1674    13.6219701767
1571    13.6550660133
1692    13.6896901131
1563    13.7415480614
1564    13.7844250202
1574    13.8210990429
1557    13.8474061489
1545    13.8791730404
1559    13.9161841869
1541    13.958081007
1541    13.9948589802
1663    14.0231151581
1550    14.0595970154
1549    14.1053390503
1545    14.1410620213
1551    14.182062149
1548    14.2201831341
1536    14.2514560223
1529    14.2820169926
1523    14.3352601528
1502    14.373281002
1460    14.4166650772
1477    14.4547631741
1461    14.4819161892
1414    14.5270390511
1403    14.5552470684
1350    14.5839951038
1342    14.617123127
1461    14.6507329941
1311    14.6779971123
1296    14.7208111286
1227    14.7537260056
1200    14.7912900448
1180    14.8272120953
1131    14.8591451645
1124    14.8909211159
1094    14.9234850407
1129    14.9508051872
1103    14.9859881401
1118    15.0281891823
1148    15.0659720898
1164    15.093487978
1162    15.127933979
1177    15.1681671143
1211    15.2010300159
1211    15.2393410206
1227    15.2824761868
1330    15.3122611046
1346    15.3470599651
1244    15.389840126
1228    15.427544117
1248    15.4588000774
1261    15.5005230904
1380    15.527121067
1269    15.5591380596
1266    15.5868861675
1256    15.6199879646
1357    15.6526989937
1227    15.6808531284
1253    15.7176589966
1214    15.7598819733
1200    15.7982051373
1211    15.8409690857
1192    15.8795511723
1183    15.9233651161
1193    15.9616241455
1194    16.0051391125
1195    16.0435671806
1183    16.0743710995
1198    16.1063160896
1195    16.1494290829
1200    16.1765401363
1214    16.2293760777
1216    16.2879030704
1216    16.3233959675
1211    16.3278291225
1214    16.3773510456
0    16.4205331802
1227    16.4249181747
1231    16.4543190002
0    16.4970471859
1227    16.5154681206
1243    16.5284981728
1241    16.5483520031
0    16.586564064
1231    16.5929260254
1223    16.634814024
1241    16.6628510952
1248    16.6969780922
1240    16.731470108
1264    16.7799940109
1244    16.8233931065
1264    16.861672163
1258    16.9048421383
1276    16.9475841522
1279    16.9858601093
1300    17.0216090679
1279    17.0615370274
1279    17.0943820477
1279    17.1378481388
1311    17.1815080643
1296    17.2249000072
1316    17.2630150318
1427    17.2908539772
1334    17.3380980492
1330    17.3802039623
1325    17.4232530594
1333    17.4470319748
1331    17.485877037
1328    17.5096981525
