1477    0.0431931018829
1590    0.0734670162201
1487    0.131650209427
1489    0.174324035645
1499    0.212014198303
1490    0.239748001099
1505    0.27253818512
1493    0.30021905899
1513    0.332733154297
1511    0.360096216202
1508    0.392599105835
1511    0.425158023834
1629    0.462563991547
1522    0.49011516571
1528    0.527623176575
1543    0.5653860569
1543    0.593163013458
1524    0.625889062881
1536    0.658637046814
1542    0.686297178268
1562    0.719135046005
1560    0.746973991394
1559    0.784687995911
1557    0.820748090744
1573    0.869096040726
1577    0.907036066055
1576    0.941106081009
1593    0.972043037415
1592    1.01032209396
1587    1.03822803497
1592    1.07105517387
1594    1.10397410393
1593    1.13681101799
1604    1.16458010674
1607    1.20245814323
1712    1.23032021523
1612    1.2681992054
1729    1.30868601799
1621    1.34447717667
1624    1.37607908249
1632    1.40700912476
1623    1.4356200695
1630    1.47031211853
1646    1.50130009651
1624    1.53944420815
1729    1.56760120392
1641    1.60114908218
1638    1.63381314278
1622    1.67683005333
1624    1.70518398285
1621    1.73779511452
1634    1.78106713295
1623    1.80764317513
1608    1.84106302261
1558    1.87430310249
1366    1.90740799904
1357    1.94980716705
860    1.98792600632
860    2.024736166
738    2.06062316895
683    2.09643507004
721    2.13315820694
737    2.16495108604
855    2.1965470314
766    2.26494002342
766    2.29765510559
1148    2.30204200745
1146    2.33010721207
0    2.37381100655
1047    2.3803460598
1048    2.4106400013
0    2.44673418999
1015    2.45201206207
946    2.48208403587
0    2.52261710167
1023    2.52782607079
908    2.55687713623
965    2.61778521538
913    2.65487408638
960    2.6874191761
949    2.71735620499
946    2.74890613556
959    2.79218101501
999    2.83030319214
996    2.86645698547
1023    2.91438317299
1023    2.93721199036
1023    2.97066998482
1146    3.00925302505
1023    3.04774999619
1014    3.08452820778
1115    3.11636304855
1061    3.15959811211
1074    3.20194506645
1166    3.22776412964
1134    3.27490615845
1064    3.32670807838
1023    3.36371302605
993    3.40707111359
1010    3.44535398483
1114    3.48879098892
1006    3.53207111359
996    3.57011198997
998    3.61347603798
1014    3.65266704559
993    3.70122718811
994    3.73821115494
1010    3.80142402649
1010    3.8380510807
1013    3.84327816963
1014    3.87957906723
0    3.91714811325
1014    3.92308306694
1014    3.95652604103
0    3.9985730648
1023    4.02628898621
1023    4.03440499306
1023    4.05706715584
0    4.09509801865
1023    4.1025621891
1134    4.13214302063
1065    4.18901515007
1063    4.22767519951
1023    4.25917506218
1023    4.29163002968
1064    4.34929609299
1190    4.3858730793
1084    4.41708707809
1081    4.4513130188
1083    4.48055005074
1079    4.51482415199
1083    4.53903198242
1086    4.57327198982
1098    4.60749101639
1100    4.6366250515
1091    4.67080020905
1095    4.69998002052
1100    4.72914505005
1098    4.76333808899
1101    4.79749417305
1117    4.82654809952
1113    4.8657810688
1134    4.89987611771
1234    4.92638301849
1132    4.9625442028
1136    4.99314308167
1128    5.02102017403
1145    5.04694104195
1151    5.08074617386
1164    5.12254905701
1264    5.16062116623
1178    5.19547605515
1161    5.2385931015
1173    5.27682709694
1191    5.3050391674
1200    5.34174013138
1305    5.36833906174
1174    5.4012491703
1195    5.43959116936
1304    5.48133420944
1210    5.51977515221
1207    5.56306004524
1209    5.60604310036
1233    5.63187909126
1222    5.66528606415
1228    5.70058917999
1226    5.73426604271
1343    5.76761603355
1230    5.81112909317
1239    5.85391616821
1353    5.89088106155
1245    5.92233109474
1250    5.95404911041
1268    6.00089216232
1264    6.03867220879
1263    6.06860613823
1262    6.10358810425
1277    6.13078713417
1277    6.17418909073
1277    6.2173871994
1275    6.24403810501
1279    6.2807700634
1279    6.32262611389
1279    6.35952806473
1383    6.39361715317
1305    6.42284798622
1295    6.45090007782
1279    6.48418998718
1306    6.51196098328
1329    6.54774212837
1332    6.58850312233
1314    6.61922216415
1334    6.64997506142
1329    6.68647313118
1428    6.72003316879
1324    6.76298117638
1311    6.78959798813
1348    6.82642006874
1449    6.86364102364
1352    6.89832806587
1347    6.93820405006
1352    6.97336220741
1363    7.00644302368
1346    7.04660201073
1353    7.07847905159
1371    7.11118507385
1361    7.14619708061
1363    7.18701505661
1368    7.21198821068
1347    7.2486550808
1350    7.27455615997
1343    7.30787801743
1348    7.3458840847
1349    7.37925314903
1363    7.42265820503
1353    7.44898509979
1361    7.48231315613
1343    7.5182800293
1366    7.55661916733
1348    7.59991598129
1363    7.63758015633
1352    7.66667914391
1347    7.7067091465
1363    7.73578000069
1366    7.77482414246
1366    7.81913518906
1370    7.85004115105
1350    7.88531517982
1382    7.92332816124
1385    7.95330715179
1369    7.98320198059
1458    8.01814317703
1350    8.06810617447
1310    8.1180741787
1316    8.15808105469
1263    8.19635009766
1267    8.22790598869
1276    8.25621318817
1249    8.29325318336
1249    8.32478308678
1244    8.36151719093
1322    8.39324402809
1219    8.42500305176
1218    8.4718401432
1219    8.51383018494
1096    8.5516769886
830    8.58162999153
634    8.6098151207
629    8.64215803146
546    8.67384505272
722    8.70473909378
765    8.74797606468
842    8.78607201576
981    8.8219730854
1013    8.86026310921
1048    8.90239214897
1023    8.94055914879
1081    8.98077201843
1023    9.01393318176
1081    9.05664610863
1048    9.08617901802
1023    9.11613702774
1023    9.14858317375
997    9.18017506599
942    9.21253800392
907    9.2647330761
875    9.30737900734
892    9.34619617462
925    9.39007902145
1078    9.41660904884
1240    9.44537806511
1326    9.47911500931
1482    9.5218269825
1376    9.55804800987
1361    9.59479403496
1363    9.63297510147
1347    9.67168807983
1436    9.70731806755
1333    9.73810601234
1311    9.78135919571
1311    9.82253718376
1279    9.85454010963
1361    9.89730119705
1268    9.93745517731
1245    9.9816660881
1328    10.0182571411
1216    10.0451431274
1214    10.092097044
1213    10.1352701187
1194    10.1782879829
1211    10.2165989876
1298    10.2449669838
1179    10.2885921001
1192    10.331384182
1178    10.3698761463
1195    10.4132339954
1279    10.4565041065
1177    10.4942531586
1278    10.537320137
1200    10.5906300545
1279    10.6289801598
1197    10.6609051228
1197    10.7038621902
1202    10.7378821373
1201    10.7764081955
1197    10.8241682053
1202    10.8638210297
1216    10.8906290531
1209    10.9236550331
1226    10.9671440125
1227    11.0105190277
1224    11.0487730503
1252    11.0805361271
1249    11.1126520634
1225    11.1559171677
1244    11.1993730068
1246    11.2425551414
1247    11.2861289978
1369    11.3244290352
1268    11.3549962044
1247    11.3907511234
1242    11.4288470745
1265    11.4599649906
1261    11.4907720089
1278    11.523815155
1279    11.5647351742
1277    11.5932621956
1364    11.6193871498
1256    11.6564211845
1278    11.6841881275
1258    11.7277190685
1279    11.7675352097
1397    11.7953979969
1295    11.8281481266
1279    11.861508131
1413    11.9164361954
1279    11.9488761425
1310    11.9762051105
1329    12.0085570812
1328    12.0410311222
1326    12.0784070492
1348    12.1207849979
1325    12.1585431099
1343    12.1965150833
1472    12.2289731503
1379    12.2622690201
1386    12.2894120216
1380    12.3221840858
1403    12.352864027
1395    12.3878211975
1396    12.4310450554
1400    12.4692690372
1395    12.4999001026
1415    12.5310320854
1405    12.5594050884
1407    12.5931401253
1430    12.619448185
1433    12.6537911892
1429    12.6798110008
1444    12.7140891552
1429    12.7577681541
1548    12.8009421825
1454    12.849848032
1567    12.877448082
1461    12.9091072083
1457    12.9422161579
1485    12.9724810123
1479    13.015376091
1485    13.050162077
1497    13.0968301296
1511    13.133575201
1536    13.1597821712
1526    13.1914989948
1515    13.2232861519
1528    13.2553892136
1541    13.2976469994
1540    13.3410661221
1536    13.3793489933
1545    13.4110209942
1556    13.4478042126
1564    13.4901971817
1551    13.5289011002
1581    13.5556261539
1577    13.5847661495
1673    13.6185591221
1689    13.6524941921
1609    13.6819770336
1596    13.7119131088
1615    13.7466340065
1615    13.7810130119
1614    13.8207621574
1612    13.8459351063
1609    13.8804750443
1605    13.9242250919
1606    13.9627292156
1608    14.0058710575
1603    14.0440371037
1608    14.0749251842
1599    14.128237009
1595    14.1603701115
1715    14.2031950951
1610    14.2434351444
1580    14.2745130062
1609    14.3050642014
1691    14.3333170414
1592    14.3697412014
1593    14.4038860798
1598    14.4541461468
1573    14.4978032112
1663    14.5237491131
1567    14.5563321114
1564    14.5912060738
1545    14.6176261902
1547    14.6543819904
1520    14.6923880577
1508    14.7268311977
1510    14.7686531544
1498    14.8075520992
1476    14.8408269882
1477    14.8791601658
1450    14.9108741283
1456    14.9542381763
1439    14.9972290993
1548    15.0346381664
1457    15.0679490566
1461    15.1034471989
1584    15.1399240494
1515    15.1862699986
1611    15.2118980885
1517    15.2533140182
1501    15.2787292004
1490    15.311480999
1513    15.3448550701
1530    15.3811299801
1508    15.4198410511
1495    15.455270052
1477    15.4842660427
1479    15.5310840607
1478    15.569835186
1460    15.6036300659
1431    15.6423811913
1420    15.6762621403
1415    15.7174351215
1388    15.7412090302
1384    15.7799479961
1380    15.8185942173
1363    15.8523900509
1452    15.8813149929
1346    15.9150531292
1347    15.9438312054
1352    15.9825780392
1349    16.0163609982
1327    16.0532410145
1352    16.085100174
1350    16.1159880161
1348    16.1485311985
1352    16.1800181866
1328    16.2128660679
1350    16.245909214
1341    16.2743060589
1346    16.3072011471
1346    16.3482141495
1457    16.3788070679
1327    16.409509182
1354    16.4403011799
1346    16.4718542099
1343    16.5152230263
1346    16.5572531223
1364    16.6005311012
1350    16.6374511719
1361    16.679942131
1371    16.7147641182
1363    16.7531270981
1365    16.7909650803
1386    16.8235850334
1385    16.854060173
1489    16.8891050816
1379    16.9305140972
1380    16.9729290009
1381    16.999341011
1396    17.0323581696
1401    17.0625081062
1398    17.0912330151
1401    17.1297590733
1396    17.1672611237
1401    17.1988301277
1412    17.2422261238
1412    17.2854351997
1412    17.322188139
1406    17.3652861118
1425    17.4072861671
1431    17.4461100101
1430    17.4892950058
1447    17.515209198
