1482    0.0351409912109
1474    0.060781955719
1582    0.0936529636383
1579    0.127191066742
1482    0.162844181061
1501    0.19873213768
1492    0.224816083908
1499    0.260879993439
1597    0.301952123642
1509    0.328037977219
1498    0.364092111588
1492    0.410249948502
1529    0.453664064407
1516    0.489066123962
1510    0.51971912384
1531    0.550543069839
1636    0.581505060196
1524    0.614614009857
1528    0.652912139893
1528    0.690694093704
1544    0.729212999344
1562    0.772678136826
1554    0.810688972473
1558    0.852550029755
1577    0.883352994919
1577    0.911645174026
1575    0.944436073303
1584    0.976951122284
1674    1.01645612717
1591    1.05235695839
1574    1.08781695366
1597    1.12963914871
1710    1.16743898392
1605    1.20198702812
1615    1.24021410942
1608    1.2834250927
1711    1.32659697533
1629    1.35058999062
1616    1.38962316513
1632    1.41730618477
1620    1.4502351284
1623    1.49353218079
1623    1.53716516495
1629    1.5756649971
1632    1.61832308769
1627    1.66409015656
1632    1.69763112068
1632    1.72878718376
1624    1.77209401131
1649    1.81524395943
1617    1.85104608536
1611    1.88274502754
1607    1.9169960022
1598    1.96320295334
1575    2.00117707253
1541    2.04223299026
1500    2.07399916649
1476    2.10569500923
1433    2.14243602753
1400    2.17920613289
1343    2.2114880085
1279    2.24320101738
1226    2.27992796898
1129    2.3158531189
1068    2.35651707649
998    2.38242912292
997    2.4143140316
944    2.44247317314
880    2.4784591198
872    2.50529003143
881    2.54325795174
895    2.57639503479
892    2.60888910294
921    2.64485812187
1048    2.68326997757
959    2.71159005165
992    2.74969601631
964    2.77560997009
999    2.80861616135
997    2.84062695503
1009    2.87235617638
993    2.90642404556
1023    2.94923114777
1023    2.97689318657
1023    3.02451896667
1023    3.05208611488
1023    3.08963298798
1023    3.12219405174
1023    3.14970302582
1005    3.18220496178
1006    3.20982313156
995    3.24778318405
993    3.28411316872
999    3.31988310814
1096    3.35822105408
996    3.38546514511
992    3.41383600235
1095    3.45175909996
992    3.49054598808
998    3.51967406273
1075    3.55276203156
984    3.58216714859
980    3.61816716194
975    3.64407896996
977    3.67747211456
1011    3.71532917023
1010    3.75389814377
1005    3.79744315147
1011    3.83577203751
993    3.86427402496
993    3.89790010452
1010    3.94076800346
1023    3.96988105774
1049    4.00130605698
1023    4.03275299072
1023    4.06782817841
1146    4.10365104675
1023    4.13520598412
1145    4.17583799362
1060    4.21578907967
1080    4.24570417404
1067    4.28067708015
1068    4.30478715897
1060    4.34172415733
1180    4.38556599617
1078    4.41839694977
1078    4.46629405022
1187    4.49787712097
1082    4.52787709236
1074    4.56745100021
1199    4.60010004044
1095    4.64329409599
1093    4.68654513359
1107    4.72515511513
1117    4.76834201813
1116    4.81002116203
1125    4.85304713249
1131    4.89101815224
1133    4.92233610153
1145    4.9553129673
1249    4.98484516144
1146    5.0144610405
1151    5.05010008812
1161    5.10307598114
1160    5.13304305077
1183    5.16795897484
1183    5.20299506187
1183    5.23756408691
1178    5.27240204811
1279    5.29595708847
1183    5.32951903343
1193    5.35947108269
1202    5.39431810379
1197    5.42921900749
1194    5.46924901009
1212    5.49964213371
1214    5.53006410599
1227    5.57566905022
1230    5.61316609383
1214    5.64231300354
1231    5.6814789772
1227    5.71964216232
1239    5.76301217079
1229    5.79975914955
1250    5.84128403664
1249    5.88041305542
1245    5.90973210335
1367    5.94115400314
1247    5.97418618202
1246    6.00549006462
1262    6.03316307068
1260    6.06484007835
1279    6.09483909607
1269    6.12979006767
1301    6.15980005264
1298    6.20060396194
1384    6.2264790535
1279    6.26465606689
1277    6.29004597664
1279    6.32334017754
1296    6.36634612083
1296    6.39483308792
1279    6.42837715149
1408    6.46910500526
1299    6.5011651516
1325    6.5444381237
1326    6.5749771595
1326    6.60527896881
1326    6.63789701462
1347    6.68114709854
1327    6.7252869606
1325    6.7637360096
1347    6.79465413094
1324    6.82592916489
1350    6.8577580452
1348    6.90844798088
1351    6.95142197609
1341    6.98441505432
1368    7.01028299332
1358    7.04316616058
1366    7.0782251358
1362    7.11677098274
1343    7.16519618034
1364    7.20374107361
1368    7.24063396454
1361    7.27770113945
1370    7.31845903397
1368    7.35667896271
1347    7.38321018219
1366    7.41596698761
1347    7.45910000801
1346    7.48664307594
1343    7.52000808716
1347    7.5637550354
1350    7.60665106773
1363    7.64998316765
1367    7.68617010117
1356    7.72976613045
1352    7.75651311874
1347    7.7932331562
1350    7.82737708092
1354    7.86235499382
1355    7.89554214478
1353    7.92743802071
1352    7.95964217186
1319    8.00645518303
1326    8.04330015182
1279    8.07112407684
1279    8.09667015076
1295    8.12740111351
1298    8.16337108612
1279    8.18951797485
1244    8.25001597404
1244    8.28755497932
1247    8.28978800774
1246    8.32196617126
1212    8.36527109146
1214    8.40358614922
1216    8.44236207008
1183    8.48160409927
1180    8.52027511597
1180    8.54856801033
1181    8.58537697792
1252    8.62672495842
1166    8.65367913246
1244    8.69705200195
1161    8.72445511818
1176    8.75808095932
1179    8.80080008507
1212    8.83838009834
1233    8.8744699955
1233    8.91248703003
1250    8.94346499443
1279    8.97728013992
1279    9.02017211914
1296    9.05868911743
1311    9.09179997444
1311    9.12334418297
1297    9.16510796547
1351    9.20212006569
1310    9.23609399796
1343    9.2687330246
1306    9.30226397514
1347    9.34545302391
1362    9.38413000107
1352    9.42836904526
1341    9.46683907509
1363    9.49898505211
1346    9.53021907806
1331    9.57373309135
1352    9.61690211296
1330    9.64070916176
1317    9.67459201813
1329    9.70891809464
1327    9.74718403816
1279    9.77497911453
1277    9.80683398247
1393    9.83988308907
1262    9.87373995781
1241    9.91212201118
1329    9.95552396774
1216    9.99018096924
1197    10.0258259773
1202    10.0617179871
1198    10.099462986
1198    10.1324660778
1194    10.1575500965
1160    10.1910970211
1191    10.2394561768
1264    10.2726671696
1161    10.3056771755
1159    10.343930006
1178    10.3772010803
1167    10.408066988
1183    10.4387459755
1177    10.4796280861
1183    10.5182139874
1197    10.5548429489
1196    10.5862691402
1181    10.6213209629
1279    10.6463880539
1183    10.6814961433
1202    10.7168569565
1197    10.7506451607
1214    10.7833549976
1216    10.815983057
1206    10.8593990803
1228    10.9077460766
1230    10.9408910275
1230    10.980079174
1214    11.0258309841
1230    11.0590441227
1221    11.0918569565
1244    11.135130167
1261    11.1781749725
1266    11.2022981644
1247    11.2419610023
1260    11.2753691673
1248    11.3122491837
1244    11.3457231522
1262    11.3819689751
1262    11.4346599579
1361    11.4730081558
1358    11.5161869526
1277    11.5545799732
1272    11.5879130363
1279    11.6195180416
1277    11.6628830433
1379    11.7061331272
1275    11.7453329563
1279    11.7838280201
1392    11.8120851517
1310    11.8442630768
1308    11.8827650547
1311    11.9212801456
1419    11.9533970356
1329    11.983435154
1428    12.0217931271
1349    12.0603439808
1349    12.1037960052
1355    12.1420090199
1350    12.1845960617
1371    12.2255051136
1364    12.2642190456
1483    12.3098220825
1385    12.3482069969
1396    12.3768911362
1394    12.4252991676
1402    12.4508991241
1420    12.4826831818
1405    12.5125551224
1414    12.5447590351
1410    12.5773580074
1537    12.6173110008
1428    12.6420769691
1452    12.6799650192
1448    12.7057361603
1449    12.7415201664
1536    12.7722761631
1448    12.8029849529
1469    12.8338241577
1465    12.8695399761
1476    12.9071140289
1481    12.9469850063
1586    12.9719700813
1476    13.0043501854
1496    13.0389821529
1516    13.0700759888
1511    13.1129901409
1505    13.146531105
1529    13.1901340485
1525    13.2230451107
1545    13.2615580559
1550    13.2998080254
1560    13.3331639767
1564    13.3642959595
1558    13.4076399803
1575    13.4494249821
1574    13.475466013
1555    13.5094470978
1580    13.5438270569
1591    13.5901010036
1602    13.6320030689
1612    13.6677510738
1606    13.6945991516
1605    13.7281031609
1592    13.7644481659
1632    13.7998871803
1593    13.8432600498
1607    13.8866550922
1714    13.9115560055
1613    13.9483511448
1607    13.9934060574
1616    14.0189960003
1615    14.0546240807
1610    14.0806360245
1608    14.1139631271
1591    14.157127142
1688    14.2006070614
1574    14.2389471531
1573    14.2822430134
1676    14.3063750267
1583    14.3409070969
1660    14.3694469929
1564    14.4022071362
1663    14.4356491566
1571    14.4790041447
1577    14.5166301727
1541    14.5485401154
1531    14.5807790756
1521    14.61256814
1529    14.6434400082
1624    14.675287962
1524    14.7183330059
1493    14.7599029541
1466    14.813272953
1445    14.8513240814
1428    14.8865189552
1461    14.9230191708
1421    14.9661371708
1450    14.9968490601
1486    15.0276911259
1476    15.0604171753
1582    15.0913410187
1489    15.1247851849
1615    15.1684231758
1487    15.2119221687
1503    15.2501370907
1504    15.288269043
1476    15.3202011585
1499    15.352394104
1582    15.3799221516
1483    15.4148499966
1465    15.4453639984
1552    15.4925031662
1398    15.5358519554
1386    15.5740761757
1371    15.6046171188
1368    15.6353821754
1462    15.6676189899
1322    15.7105350494
1347    15.7377829552
1351    15.7750000954
1434    15.8000020981
1327    15.8350241184
1328    15.8649480343
1326    15.9049360752
1353    15.9348061085
1325    15.9850251675
1322    16.017786026
1322    16.0457229614
1327    16.0783860683
1330    16.1226651669
1325    16.1658799648
1325    16.1959321499
1328    16.2268531322
1328    16.258836031
1329    16.2864780426
1348    16.3200070858
1348    16.3582630157
1331    16.3912210464
1366    16.4383411407
1353    16.4651441574
1364    16.5079059601
1350    16.5369939804
1372    16.571103096
1363    16.5956001282
1364    16.6285979748
1369    16.6655311584
1366    16.7035369873
1369    16.737375021
1387    16.7611291409
1384    16.8000211716
1379    16.8491740227
1388    16.9119751453
1388    16.9501721859
1379    16.9560601711
1383    16.9857079983
0    17.0261051655
1400    17.0345439911
1379    17.0645339489
0    17.0947439671
1498    17.1021051407
1494    17.1347270012
1401    17.1708641052
1414    17.2140371799
1410    17.2493779659
1411    17.2851660252
1412    17.3285040855
1425    17.3616220951
1427    17.3989210129
1429    17.4377729893
1445    17.4658420086
1453    17.5012581348
