2658    0.0280981063843
2677    0.0662240982056
2668    0.103369951248
2672    0.139397144318
2672    0.178204059601
2678    0.221970081329
2679    0.264868021011
2687    0.300116062164
2687    0.338638067245
2687    0.37692117691
2695    0.412002086639
2705    0.447150945663
2705    0.484419107437
2704    0.526309967041
2703    0.564581155777
2712    0.595232009888
2697    0.627135038376
2816    0.662281036377
2708    0.690947055817
2705    0.722706079483
2823    0.770918130875
2722    0.799404144287
2708    0.842446088791
2719    0.876248121262
2712    0.914256095886
2711    0.948872089386
2740    0.987315177917
2820    1.0305659771
2830    1.06783413887
2713    1.10074615479
2714    1.14157104492
2715    1.1851670742
2713    1.22774195671
2722    1.26633405685
2724    1.3010020256
2713    1.34421515465
2714    1.38752818108
2724    1.42426609993
2720    1.45313215256
2715    1.4963619709
2725    1.52788710594
2715    1.5711581707
2714    1.61444997787
2723    1.64128112793
2828    1.67763113976
2725    1.70326709747
2832    1.73901200294
2713    1.78252196312
2724    1.80967712402
2713    1.84788298607
2721    1.88502407074
2708    1.92332816124
2816    1.97205901146
2792    2.01049113274
2773    2.04370999336
2678    2.07856416702
2677    2.11711716652
2694    2.16040897369
2706    2.1987221241
2711    2.2422440052
2713    2.28576898575
2823    2.32384610176
2723    2.37208294868
2825    2.40445208549
2714    2.4477519989
2717    2.49294805527
2723    2.53051805496
2711    2.55877709389
2708    2.59209704399
2708    2.63532114029
2711    2.68069696426
2711    2.71396708488
2694    2.74728918076
2686    2.77916002274
2681    2.82093310356
2677    2.85759210587
2672    2.89066100121
2664    2.92289614677
2657    2.95081710815
2650    2.98925709724
2641    3.04252696037
2640    3.08573102951
2627    3.12144804001
2615    3.15749812126
2604    3.19433808327
2604    3.22760009766
2603    3.27068805695
2590    3.32040596008
2580    3.34768795967
2590    3.38106703758
2702    3.42225599289
2580    3.4610440731
2574    3.50486016273
2569    3.54333209991
2580    3.58688497543
2557    3.62535905838
2556    3.66960215569
2557    3.7068271637
2666    3.74500608444
2559    3.77680206299
2650    3.81265306473
2555    3.85389709473
2537    3.89258313179
2541    3.9306910038
2544    3.96347999573
2550    4.0067679882
2555    4.03355717659
2548    4.06598615646
2550    4.09488415718
2557    4.12707304955
2559    4.16180109978
2552    4.20493912697
2572    4.24576115608
2571    4.2839679718
2559    4.32747817039
2691    4.37434315681
2587    4.4078400135
2585    4.43620800972
2598    4.47315502167
2611    4.50321412086
2612    4.53405404091
2705    4.56573700905
2593    4.60869312286
2612    4.65194702148
2615    4.6782310009
2621    4.71528100967
2742    4.75413417816
2738    4.79736113548
2651    4.84064006805
2642    4.87870907784
2664    4.90756416321
2654    4.94174909592
2656    4.98430395126
2673    5.02774906158
2660    5.06708717346
2667    5.09758615494
2687    5.12824296951
2695    5.15906715393
2687    5.19236397743
2686    5.21977114677
2693    5.25319004059
2694    5.29695796967
2711    5.33530116081
2701    5.36849617958
2704    5.40740513802
2706    5.43373298645
2704    5.46691203117
2711    5.49945807457
2719    5.54232215881
2720    5.572879076
2710    5.60342097282
2708    5.63912606239
2825    5.68705797195
2713    5.71614003181
2713    5.74019503593
2723    5.77427196503
2713    5.80837917328
2725    5.83734798431
2716    5.87127113342
2715    5.90543603897
2832    5.9297850132
2713    5.96288204193
2724    5.99525308609
2715    6.02282500267
2717    6.07116508484
2722    6.10341215134
2833    6.13306999207
2714    6.16627907753
2713    6.20258402824
2724    6.23870205879
2715    6.27111101151
2716    6.30737900734
2823    6.3448870182
2726    6.37117910385
2724    6.41461896896
2725    6.4525270462
2715    6.49468898773
2715    6.53165411949
2716    6.56411600113
2715    6.5965180397
2821    6.62897801399
2713    6.65627002716
2824    6.68840503693
2714    6.72050499916
2720    6.74781107903
2713    6.78006410599
2711    6.81233310699
2717    6.84466600418
2714    6.88682699203
2712    6.92384910583
2711    6.95594501495
2707    6.98326015472
2708    7.01530218124
2707    7.04243397713
2706    7.07972598076
2706    7.1420071125
2696    7.14424395561
2711    7.18146896362
0    7.21648406982
2705    7.22287416458
2696    7.25425410271
0    7.28605318069
2676    7.29212617874
2668    7.33352303505
2664    7.37034797668
2648    7.41196417809
2653    7.44735002518
2640    7.47474718094
2650    7.51955413818
2636    7.55731511116
2637    7.58867001534
2623    7.62655210495
2623    7.66553211212
2616    7.69320011139
2609    7.72091603279
2597    7.75372314453
2710    7.79154396057
2601    7.82937502861
2601    7.86215996742
2604    7.89594316483
2601    7.92967700958
2599    7.95846009254
2596    7.98716616631
2589    8.02597117424
2588    8.0596370697
2559    8.09377002716
2568    8.12438607216
2576    8.16752910614
2575    8.19459605217
2571    8.23905706406
2574    8.27692699432
2568    8.3161740303
2581    8.36453914642
2572    8.40311002731
2583    8.43563199043
2575    8.46879506111
2689    8.49960017204
2567    8.53103613853
2571    8.57441806793
2570    8.61708807945
2576    8.64388298988
2582    8.67568516731
2576    8.71298909187
2587    8.74474906921
2599    8.77560305595
2587    8.81945800781
2604    8.86253213882
2613    8.89959406853
2617    8.93061995506
2614    8.97379517555
2631    9.01702904701
2625    9.05534410477
2632    9.09627795219
2638    9.1400551796
2638    9.18271613121
2641    9.22582817078
2652    9.26059699059
2646    9.29145812988
2665    9.32409000397
2669    9.35232996941
2664    9.40085697174
2687    9.43931698799
2698    9.47124195099
2687    9.51008105278
2693    9.53881406784
2687    9.57268500328
2806    9.60164213181
2704    9.63233613968
2701    9.66277313232
2701    9.70786309242
2701    9.73461413383
2713    9.76702404022
2704    9.7971470356
2709    9.83052802086
2719    9.87065196037
2721    9.89564013481
2712    9.93092894554
2720    9.97887301445
2712    10.011439085
2713    10.0465509892
2719    10.0765759945
2722    10.1089119911
2724    10.1423201561
2724    10.1757340431
2723    10.212939024
2713    10.2563459873
2725    10.297878027
2822    10.3308720589
2723    10.3629529476
2714    10.3907129765
2715    10.4231300354
2715    10.4555010796
2716    10.4885201454
2724    10.5196590424
2714    10.5514740944
2715    10.5767560005
2715    10.6109771729
2824    10.63976717
2715    10.6723501682
2717    10.7051501274
2714    10.7379040718
2716    10.7660989761
2825    10.809581995
2726    10.8478360176
2722    10.8781161308
2722    10.9132611752
2832    10.9532420635
2722    10.9790520668
2724    11.0145289898
2714    11.0410530567
2724    11.0777130127
2713    11.1160190105
2714    11.1544549465
2712    11.1872441769
2832    11.2188761234
2819    11.2503590584
2711    11.2821090221
2722    11.3220779896
2821    11.3607821465
2713    11.4044880867
2716    11.4432890415
2713    11.4772090912
2714    11.5146691799
2714    11.5429389477
2715    11.581017971
2714    11.620139122
2715    11.6633369923
2829    11.7002129555
2725    11.7312061787
2713    11.76156497
2712    11.8100709915
2722    11.8636670113
2829    11.9005150795
2722    11.9343719482
2719    11.9599671364
2824    11.9969120026
2713    12.0264821053
2712    12.0581021309
2715    12.0954420567
2711    12.1325771809
2707    12.1658029556
2700    12.2090611458
2699    12.2525169849
2696    12.291023016
2695    12.3394670486
2695    12.3726279736
2705    12.4038901329
2694    12.4353129864
2681    12.4690570831
2687    12.5031781197
2685    12.5375230312
2687    12.5742390156
2696    12.615874052
2686    12.6425909996
2689    12.6746411324
2687    12.7053790092
2687    12.7368071079
2687    12.7796821594
2673    12.8231041431
2685    12.8503539562
2669    12.8937051296
2687    12.9217000008
2687    12.9701461792
2676    13.0109579563
2674    13.063929081
2679    13.0976600647
2679    13.1302220821
2677    13.163105011
2685    13.1915650368
2696    13.2295320034
2797    13.2636010647
2687    13.2977180481
2698    13.332201004
2705    13.3753581047
2703    13.4060411453
2702    13.4367420673
2694    13.4670760632
2818    13.4982819557
2707    13.52998209
2716    13.5606441498
2823    13.5920059681
2715    13.6233739853
2709    13.6639289856
2709    13.6966760159
2709    13.7248520851
2712    13.7575891018
2709    13.7857241631
2718    13.8240041733
2712    13.8674170971
2710    13.9277720451
2713    13.9655051231
2714    14.006747961
2725    14.0373580456
2723    14.0826060772
2716    14.1157770157
2725    14.1513061523
2716    14.1819000244
2719    14.2125070095
2724    14.2438089848
2725    14.2749371529
2725    14.3121500015
2716    14.3459210396
2715    14.3798110485
2725    14.4121961594
2712    14.4555780888
2715    14.4979550838
2725    14.5272159576
2713    14.5594489574
2714    14.6027140617
2713    14.6460361481
2832    14.6837570667
2723    14.7243731022
2724    14.7600741386
2720    14.7901871204
2723    14.8213429451
2725    14.8522350788
2714    14.8951649666
2712    14.937759161
2716    14.9658520222
2719    14.9969270229
2710    15.0330481529
2696    15.0730121136
2687    15.1134901047
2770    15.1554710865
2642    15.1911280155
2637    15.2219200134
2600    15.2630841732
2555    15.2964990139
2567    15.3232550621
2512    15.3607020378
2503    15.4075331688
2512    15.4406630993
2552    15.4815120697
2601    15.5101971626
2641    15.5525741577
2785    15.5950169563
2695    15.6369850636
2705    15.6750020981
2713    15.720927
2713    15.7589199543
2723    15.7860121727
2833    15.8190619946
2724    15.8627150059
2717    15.9058339596
2715    15.9386751652
2720    15.9672470093
2714    16.0000929832
2713    16.0320250988
2722    16.0657880306
2723    16.0944170952
2713    16.1281599998
2710    16.1654801369
2718    16.1980731487
2708    16.2410321236
2719    16.2806420326
2715    16.3156020641
2705    16.3479480743
2817    16.3870351315
2711    16.4211800098
2705    16.4554190636
2695    16.4895761013
2816    16.5138700008
2697    16.548030138
2684    16.5821390152
2677    16.6173369884
2677    16.6553120613
2682    16.6850421429
2687    16.7165360451
2683    16.7477171421
2663    16.7798581123
2665    16.8250620365
2653    16.8585231304
2774    16.8960900307
2662    16.9220509529
2771    16.9553091526
2656    16.9991850853
2656    17.0258910656
2638    17.0719211102
2653    17.1012921333
2747    17.1344530582
2643    17.1728081703
2647    17.2162530422
2640    17.2595641613
2644    17.2976000309
2746    17.3342931271
2653    17.3708779812
2651    17.4075269699
2633    17.4380590916
2664    17.4723451138
2665    17.506811142
