1445    0.0382940769196
1463    0.0816390514374
1447    0.11995100975
1464    0.163609981537
1442    0.202158927917
1575    0.240576028824
1556    0.285132884979
1461    0.323580026627
1447    0.357331037521
1450    0.390202999115
1501    0.420321941376
1492    0.453562021255
1579    0.497031927109
1476    0.535422086716
1476    0.578428030014
1494    0.616977930069
1477    0.660311937332
1485    0.702254056931
1477    0.740468978882
1486    0.770920038223
1495    0.814202070236
1479    0.857670068741
1482    0.895920991898
1493    0.938473939896
1477    0.982031106949
1596    1.01522803307
1492    1.05214190483
1501    1.07862401009
1492    1.12208199501
1513    1.15990209579
1516    1.19170808792
1505    1.22538089752
1500    1.26347303391
1516    1.29429507256
1514    1.32649111748
1509    1.357213974
1512    1.3896241188
1615    1.42000794411
1522    1.45731711388
1525    1.48555397987
1514    1.51894307137
1536    1.55619907379
1515    1.58254909515
1532    1.62620091438
1511    1.67904496193
1516    1.71154594421
1521    1.73894190788
1528    1.77692294121
1529    1.81034398079
1522    1.83807611465
1529    1.87384390831
1536    1.91957902908
1526    1.96549510956
1531    2.00021100044
1528    2.03598999977
1526    2.06968092918
1536    2.09760189056
1522    2.14113593102
1547    2.17961907387
1540    2.21285390854
1543    2.25341892242
1645    2.29636001587
1663    2.33958005905
1541    2.37789607048
1543    2.40995597839
1564    2.43958497047
1550    2.47415995598
1567    2.50368499756
1669    2.53817009926
1650    2.56280088425
1563    2.60241293907
1668    2.6272149086
1567    2.6622979641
1577    2.70562005043
1564    2.74378204346
1561    2.7705950737
1558    2.80418801308
1558    2.83667802811
1671    2.86778998375
1567    2.91192603111
1575    2.95038509369
1574    2.98381590843
1690    3.03571796417
1573    3.0737259388
1596    3.1102809906
1682    3.13692903519
1573    3.17494893074
1557    3.21185588837
1695    3.23824906349
1592    3.27116799355
1575    3.30481100082
1559    3.34770393372
1559    3.38607692719
1557    3.42591094971
1582    3.47361803055
1578    3.50630998611
1679    3.54209709167
1572    3.58562588692
1583    3.62431097031
1577    3.66750001907
1583    3.6932580471
1574    3.72652411461
1555    3.77029490471
1582    3.81374001503
1574    3.85192608833
1575    3.88448190689
1574    3.91320204735
1580    3.94701099396
1581    3.97579789162
1577    4.01950001717
1577    4.04826688766
1581    4.08190798759
1570    4.11055493355
1579    4.14933991432
1573    4.19364309311
1586    4.2311809063
1579    4.26261496544
1573    4.30614495277
1593    4.33366203308
1588    4.36739492416
1578    4.39596605301
1567    4.42891597748
1557    4.45892000198
1580    4.48914694786
1578    4.53263092041
1566    4.56826400757
1576    4.61121296883
1581    4.64656710625
1557    4.69024610519
1556    4.72881889343
1551    4.75692200661
1545    4.79268789291
1562    4.83611297607
1542    4.87452888489
1642    4.91775393486
1547    4.96117305756
1547    4.99946403503
1540    5.03733992577
1631    5.06910896301
1531    5.10125589371
1527    5.14481401443
1506    5.1829020977
1507    5.21297693253
1517    5.24824690819
1513    5.29668593407
1507    5.3299639225
1509    5.36715102196
1502    5.4031291008
1502    5.42990207672
1489    5.46173596382
1510    5.49779891968
1491    5.5360519886
1487    5.57884311676
1499    5.62076497078
1486    5.64910697937
1497    5.68246793747
1493    5.72094202042
1510    5.74935293198
1519    5.78312206268
1496    5.82146000862
1512    5.85479092598
1509    5.89789199829
1511    5.93590593338
1513    5.97211408615
1630    6.00831604004
1545    6.043872118
1654    6.08247089386
1663    6.11130189896
1545    6.14450502396
1558    6.18771910667
1541    6.21445298195
1564    6.24780797958
1561    6.27848696709
1553    6.31427311897
1558    6.34997200966
1558    6.38204503059
1554    6.41305708885
1559    6.45986008644
1562    6.49814295769
1660    6.5363509655
1543    6.57969999313
1646    6.62331008911
1531    6.66188406944
1652    6.69351291656
1540    6.73640489578
1508    6.76471710205
1529    6.80128502846
1508    6.83948993683
1598    6.88263893127
1513    6.91329908371
1500    6.94483709335
1499    6.97363400459
1492    7.00687408447
1494    7.03764104843
1493    7.07032203674
1476    7.11364388466
1578    7.15207600594
1476    7.1984629631
1482    7.23943090439
1481    7.29878211021
1580    7.33660197258
1465    7.36330103874
1572    7.40025091171
1459    7.43617296219
1479    7.47382307053
1467    7.51124191284
1463    7.555727005
1458    7.58798789978
1445    7.63039398193
1460    7.66266798973
1459    7.70536494255
1555    7.74369096756
1459    7.78192710876
1446    7.80967998505
1439    7.84807896614
1442    7.88170409203
1428    7.91492509842
1446    7.94680190086
1436    7.980645895
1433    8.02447199821
1436    8.06522107124
1448    8.09396290779
1444    8.12684798241
1439    8.17532801628
1431    8.20820403099
1425    8.24172210693
1426    8.28725910187
1413    8.32481193542
1416    8.35574007034
1425    8.39930891991
1414    8.44156908989
1409    8.46649098396
1515    8.50642704964
1416    8.55078196526
1401    8.60313200951
1401    8.64049005508
1394    8.64266109467
1398    8.67008709908
0    8.70257902145
1400    8.70964789391
1382    8.74890089035
1401    8.78265810013
1379    8.81249809265
1389    8.85569500923
1393    8.90214705467
1366    8.94297409058
1396    8.98083996773
1381    9.00893497467
1363    9.04543709755
1368    9.08104109764
1368    9.13933992386
1353    9.18271708488
1358    9.22084093094
1366    9.25568795204
1370    9.28566503525
1368    9.31593799591
1362    9.34960007668
1324    9.38883090019
1347    9.4309360981
1456    9.46164989471
1343    9.49239110947
1334    9.53313302994
1428    9.57882404327
1330    9.61451101303
1331    9.64013195038
1332    9.67619299889
1331    9.70680689812
1315    9.73743391037
1316    9.76819109917
1429    9.79899692535
1335    9.82961392403
1331    9.86018204689
1311    9.90054798126
1310    9.93875408173
1321    9.96682691574
1311    10.0039360523
1279    10.0457930565
1310    10.0792338848
1311    10.1177411079
1435    10.146132946
1314    10.1795880795
1310    10.2080690861
1332    10.2465190887
1306    10.2900850773
1400    10.3139240742
1297    10.3463819027
1279    10.3796670437
1299    10.416107893
1296    10.4647800922
1279    10.4982318878
1279    10.5370509624
1279    10.5750279427
1300    10.6057701111
1301    10.6425089836
1300    10.674751997
1277    10.7071950436
1279    10.7552790642
1279    10.7921469212
1277    10.8194439411
1297    10.8562450409
1279    10.9116649628
1279    10.9451971054
1279    10.9735229015
1293    11.0068509579
1404    11.0377030373
1275    11.0709249973
1279    11.1025729179
1279    11.1323549747
1279    11.1696100235
1381    11.2032010555
1259    11.2301819324
1279    11.2653450966
1279    11.2905580997
1279    11.330671072
1279    11.3657491207
1261    11.3962550163
1264    11.4281730652
1277    11.4715590477
1279    11.5097820759
1279    11.5468480587
1260    11.5844860077
1277    11.610366106
1279    11.6465198994
1279    11.6987791061
1278    11.7416911125
1279    11.7797999382
1272    11.8077099323
1277    11.8454799652
1383    11.88884902
1279    11.917098999
1279    11.9656848907
1260    11.9940779209
1264    12.0313498974
1272    12.087857008
1276    12.1310501099
1273    12.1591560841
1278    12.1945970058
1277    12.2245221138
1279    12.2543859482
1278    12.289552927
1275    12.3278141022
1279    12.3711500168
1279    12.4127149582
1279    12.4673709869
1279    12.5014190674
1293    12.5350849628
1279    12.5630850792
1279    12.6247079372
1388    12.6653261185
1278    12.7080988884
1400    12.7410490513
1260    12.7741971016
1294    12.8101029396
1278    12.8479609489
1279    12.8779900074
1296    12.9212501049
1279    12.9643230438
1279    12.9975988865
1318    13.0337219238
1296    13.0635359287
1298    13.0911209583
1272    13.123281002
1298    13.1532189846
1297    13.1880791187
1301    13.2179141045
1294    13.249327898
1279    13.2804880142
1279    13.3086490631
1420    13.3482730389
1298    13.3729400635
1396    13.4225931168
1301    13.4523379803
1279    13.4828751087
1293    13.5115990639
1412    13.5452880859
1279    13.588367939
1279    13.6191101074
1295    13.6497499943
1311    13.6866469383
1418    13.7336299419
1279    13.7770650387
1298    13.8202168941
1331    13.8614759445
1412    13.8872170448
1310    13.9229950905
1335    13.9489820004
1430    13.9860830307
1332    14.0236549377
1332    14.0549180508
1325    14.093075037
1327    14.1297729015
1346    14.1614398956
1343    14.1912920475
1350    14.2262179852
1355    14.267457962
1350    14.3112781048
1358    14.3496379852
1364    14.3779609203
1365    14.4143230915
1365    14.4425570965
1379    14.4807710648
1348    14.5090119839
1348    14.5406899452
1347    14.5864009857
1350    14.6145830154
1352    14.6481039524
1350    14.6862990856
1369    14.7297890186
1350    14.7679669857
1366    14.811467886
1348    14.8547070026
1341    14.8980779648
1341    14.9410009384
1359    14.9793689251
1362    15.0075089931
1369    15.047467947
1368    15.0834009647
1369    15.1113009453
1364    15.1443939209
1361    15.1769909859
1357    15.2094790936
1471    15.2526841164
1363    15.2907679081
1369    15.3208730221
1467    15.3518130779
1364    15.3839700222
1370    15.4197809696
1365    15.4675788879
1348    15.5057771206
1369    15.540776968
1366    15.5824859142
1347    15.6256189346
1364    15.658700943
1371    15.6885459423
1366    15.7189269066
1364    15.7515459061
1367    15.7831799984
1470    15.8130500317
1402    15.8477621078
1388    15.8768360615
1379    15.911096096
1363    15.9367508888
1373    15.9700300694
1383    16.0101718903
1393    16.0339019299
1400    16.0735969543
1387    16.1115450859
1374    16.1429069042
1384    16.1769781113
1383    16.2155139446
1379    16.258480072
1395    16.28946805
1382    16.3203539848
1377    16.3485820293
1383    16.3852670193
1399    16.4234580994
1506    16.4552710056
1378    16.4991769791
1382    16.5425419807
1402    16.5906529427
1406    16.6182351112
1420    16.6511359215
1415    16.6817131042
1410    16.715364933
1489    16.7531900406
1408    16.7865490913
1413    16.829130888
1408    16.8771469593
1394    16.9104959965
1412    16.9538071156
1411    16.9818809032
1415    17.0185739994
1401    17.0606760979
1394    17.101639986
1390    17.1549830437
1419    17.1919291019
1520    17.2232680321
1411    17.2656888962
1429    17.2966399193
1411    17.3396880627
1411    17.36835289
1422    17.4013240337
1423    17.4343600273
1429    17.4825410843
1432    17.5254878998
