1464    0.0432801246643
1382    0.076416015625
1378    0.114701986313
1347    0.153202056885
1487    0.184504985809
1342    0.220858097076
1363    0.254745006561
1470    0.293203115463
1364    0.31992816925
1370    0.35263299942
1349    0.380887985229
1347    0.414073944092
1362    0.44232916832
1352    0.479238033295
1368    0.522562980652
1462    0.561017990112
1340    0.599056005478
1347    0.631283044815
1328    0.663305044174
1311    0.696652173996
1311    0.727849006653
1330    0.76962018013
1325    0.814249038696
1306    0.846534967422
1331    0.886095046997
1293    0.931331157684
1264    0.964760065079
1263    1.00835108757
1248    1.05103111267
1208    1.0894510746
1201    1.12159895897
1197    1.16508603096
1162    1.2126750946
1145    1.24885702133
1197    1.28115415573
1077    1.32463216782
1145    1.36821699142
997    1.40718698502
960    1.44547700882
924    1.47842407227
858    1.52172708511
771    1.56474494934
703    1.6018140316
684    1.63500714302
561    1.66749405861
548    1.71087813377
443    1.74889111519
319    1.78485202789
356    1.82327604294
304    1.85535812378
212    1.89872717857
156    1.93680214882
248    1.96659111977
244    2.00283312798
124    2.03592300415
157    2.07053899765
141    2.11414313316
191    2.16091108322
210    2.1933619976
246    2.22065711021
367    2.25829911232
319    2.29616308212
351    2.33440804482
284    2.38144516945
406    2.42491817474
407    2.46821308136
443    2.50569415092
441    2.53909111023
495    2.57753205299
492    2.61601901054
511    2.65452194214
560    2.67829608917
510    2.71686410904
548    2.74532198906
585    2.78408813477
664    2.83021998405
580    2.86518502235
579    2.90824604034
614    2.95208501816
631    2.99075102806
613    3.02875995636
650    3.06118416786
649    3.08999204636
636    3.12260007858
633    3.15140104294
649    3.1939561367
666    3.23750114441
704    3.27995610237
740    3.31711816788
733    3.34948015213
750    3.39263796806
735    3.4199450016
718    3.45823001862
738    3.49216413498
751    3.52573895454
789    3.57291007042
783    3.61611199379
924    3.65435814857
806    3.70842194557
806    3.73840904236
802    3.77827596664
845    3.81333303452
859    3.84354710579
859    3.89190506935
874    3.92518401146
877    3.96066999435
1013    4.00256896019
906    4.04084897041
942    4.07341217995
905    4.11691403389
955    4.15013694763
963    4.18604516983
963    4.21502709389
1094    4.2493121624
983    4.28005099297
981    4.30947995186
993    4.33773207664
1108    4.37477517128
1023    4.41841602325
1023    4.46203517914
1144    4.50680804253
1023    4.54484796524
1157    4.58227610588
1077    4.6136879921
1174    4.65710616112
1072    4.69888210297
1075    4.74202394485
1084    4.77559614182
1078    4.80929112434
1100    4.84108901024
1081    4.88223314285
1082    4.91949105263
1094    4.94741201401
1095    4.98101902008
1128    5.00928711891
1127    5.04335308075
1111    5.07212495804
1146    5.11017799377
1132    5.14126896858
1228    5.17949795723
1144    5.22065901756
1246    5.26915097237
1247    5.29944396019
1242    5.34281015396
1158    5.40558314323
1158    5.43799114227
1182    5.44015598297
1179    5.46717810631
0    5.5044169426
1179    5.5065331459
1174    5.54419612885
0    5.57639908791
1175    5.58348298073
1295    5.63755512238
0    5.66438508034
1214    5.66972517967
1215    5.69906711578
0    5.73017907143
1195    5.7386071682
1211    5.77204108238
0    5.79719901085
1195    5.80233311653
1216    5.83305001259
1228    5.87655210495
1211    5.91836810112
1244    5.95698404312
1232    6.01050400734
1231    6.04835510254
1244    6.07618808746
1245    6.10941004753
1249    6.14572906494
1255    6.18384003639
1238    6.22738003731
1259    6.26562595367
1258    6.29900813103
1261    6.32742595673
1263    6.36086797714
1262    6.41654801369
1277    6.45977807045
1381    6.48650813103
1274    6.51827812195
1295    6.55128312111
1396    6.58777213097
1314    6.62537503242
1297    6.67386698723
1297    6.7119910717
1301    6.73709106445
1327    6.77049016953
1308    6.79922699928
1311    6.83752703667
1317    6.87170696259
1431    6.90193915367
1311    6.94491314888
1335    6.97652602196
1325    7.00513601303
1330    7.03974699974
1353    7.07441496849
1364    7.11724901199
1351    7.15336203575
1346    7.20176506042
1444    7.24373817444
1348    7.27111411095
1363    7.30612611771
1349    7.33232808113
1361    7.36094117165
1361    7.39420199394
1461    7.44010210037
1363    7.47434997559
1374    7.51149201393
1395    7.55470395088
1380    7.59797906876
1415    7.63147306442
1411    7.66425609589
1400    7.70324206352
1400    7.73765301704
1528    7.76942896843
1406    7.81281113625
1409    7.85611701012
1520    7.88115715981
1497    7.91395902634
1427    7.98874402046
1434    8.02106714249
1429    8.05348801613
1427    8.08592915535
1442    8.11337614059
1430    8.14573502541
1429    8.17811512947
1430    8.20589709282
1426    8.23432803154
1432    8.27234816551
1414    8.31007504463
1430    8.35283398628
1413    8.38064694405
1416    8.40840005875
1417    8.44117617607
1411    8.47386217117
1417    8.50661015511
1493    8.53436613083
1399    8.56706309319
1398    8.59481215477
1398    8.62753009796
1411    8.6652431488
1428    8.69306707382
1395    8.72585511208
1395    8.76862001419
1411    8.79666209221
1383    8.82441902161
1380    8.8614821434
1380    8.90006017685
1413    8.92987704277
1379    8.97964406013
1454    9.02087306976
1311    9.06424403191
1329    9.10181713104
1311    9.14673495293
1245    9.18510103226
1212    9.22865104675
1183    9.25345015526
1178    9.2881629467
1233    9.32152700424
1082    9.34909296036
1093    9.39091300964
912    9.42923498154
786    9.47266411781
738    9.51511001587
765    9.55611801147
598    9.59498906136
595    9.63876104355
567    9.67720913887
531    9.72057509422
604    9.75971698761
688    9.79411506653
686    9.84193897247
853    9.875426054
757    9.89910912514
747    9.93318009377
789    9.96527910233
939    10.008177042
824    10.0344750881
892    10.0677521229
944    10.0995881557
1023    10.1448071003
1010    10.1833250523
1084    10.2250699997
1196    10.2629721165
1067    10.2911350727
1060    10.3247580528
1060    10.3681869507
1023    10.4115660191
996    10.4492690563
1023    10.4864211082
1047    10.5229611397
984    10.5663030148
961    10.6046299934
948    10.6322340965
941    10.6649661064
960    10.6975600719
944    10.7408220768
943    10.7789421082
937    10.8120801449
946    10.8431220055
926    10.8729391098
926    10.907763958
992    10.9391191006
927    10.9859621525
946    11.0245530605
927    11.0623240471
1023    11.1009221077
947    11.1339480877
927    11.1729781628
959    11.2095010281
978    11.2477710247
962    11.2843160629
938    11.3223121166
959    11.3557100296
959    11.3951971531
1073    11.4335160255
993    11.4660820961
975    11.4943261147
983    11.5366971493
977    11.5703220367
996    11.6093549728
995    11.6627249718
994    11.6990849972
1013    11.7457129955
1023    11.7854039669
1009    11.809898138
1023    11.8447990417
1010    11.8883090019
1109    11.9321410656
1023    11.9653611183
1023    11.9988451004
1051    12.0344030857
1023    12.0872149467
1060    12.1300330162
1065    12.1565151215
1081    12.1883611679
1068    12.221227169
1061    12.2592461109
1061    12.2921950817
1081    12.3226561546
1063    12.3559131622
1078    12.3886179924
1059    12.4317409992
1072    12.4688630104
1077    12.5070769787
1076    12.550866127
1080    12.5768671036
1086    12.6128561497
1096    12.6570341587
1111    12.6950449944
1096    12.7265720367
1119    12.7549951077
1111    12.787238121
1231    12.830532074
1128    12.8691520691
1161    12.9126620293
1150    12.9513571262
1162    12.9944300652
1180    13.0376420021
1179    13.0760979652
1196    13.1183741093
1213    13.1463701725
1214    13.1898920536
1214    13.2332689762
1230    13.2733249664
1228    13.3132650852
1230    13.343296051
1251    13.3742899895
1244    13.4176399708
1247    13.4612669945
1264    13.4985151291
1267    13.5297410488
1249    13.5781710148
1382    13.6113729477
1279    13.6545331478
1263    13.6818399429
1259    13.7151970863
1275    13.7434980869
1279    13.7767300606
1277    13.8097939491
1278    13.8531999588
1271    13.9015371799
1279    13.9297399521
1278    13.9667201042
1262    14.0150020123
1266    14.0509819984
1245    14.1000840664
1249    14.1406950951
1257    14.1788861752
1244    14.2074010372
1265    14.244040966
1222    14.287348032
1241    14.3256671429
1217    14.3576660156
1227    14.4052009583
1231    14.4384260178
1243    14.4716739655
1210    14.5050210953
1212    14.5434710979
1230    14.5776290894
1219    14.6074099541
1308    14.642398119
1209    14.6774170399
1209    14.7103440762
1232    14.7438111305
1227    14.7704870701
1230    14.8025779724
1227    14.8375101089
1226    14.8725149632
1221    14.9244229794
1331    14.9525020123
1222    14.989356041
1231    15.0162191391
1313    15.0501129627
1230    15.0862801075
1215    15.1247229576
1212    15.1628050804
1319    15.1944031715
1201    15.2259440422
1200    15.266988039
1216    15.292137146
1329    15.3305180073
1193    15.3824520111
1334    15.4288270473
1211    15.4612901211
1214    15.4996380806
1214    15.5326430798
1205    15.5608799458
1375    15.5932850838
1266    15.6367609501
1330    15.680382967
1273    15.7237319946
1277    15.7514619827
1279    15.7892560959
1279    15.8219809532
1328    15.8497340679
1329    15.8824300766
1327    15.9101231098
1383    15.9482359886
1367    16.0016701221
1415    16.0449900627
1417    16.0883569717
1428    16.1216650009
1444    16.1504850388
1542    16.183191061
1424    16.2121210098
1455    16.2455611229
1493    16.2872850895
1508    16.325772047
1495    16.3628351688
1528    16.4007980824
1525    16.4339261055
1536    16.4670929909
1528    16.5002920628
1523    16.5287921429
1547    16.56123209
1643    16.6046960354
1529    16.6432471275
1536    16.6865899563
1551    16.7299799919
1528    16.7772431374
1551    16.8132829666
1536    16.8449971676
1526    16.8768870831
1513    16.9073710442
1490    16.9407300949
1510    16.9830760956
1476    17.020966053
1477    17.0541670322
1449    17.0918631554
1460    17.1404099464
1551    17.1819140911
1433    17.2184290886
1433    17.2501721382
1411    17.2818031311
1418    17.3141820431
1399    17.3417761326
1501    17.3800599575
1396    17.4187240601
1395    17.4620010853
1396    17.5051670074
