1351    0.0483551025391
1364    0.0817110538483
1359    0.124974012375
1360    0.167283058167
1368    0.197585105896
1383    0.241360902786
1478    0.284555912018
1368    0.310678005219
1362    0.342668056488
1397    0.375564098358
1350    0.408384084702
1366    0.45183801651
1349    0.494738101959
1363    0.533087015152
1355    0.574470996857
1327    0.60649394989
1311    0.635997056961
1311    0.672633886337
1327    0.716280937195
1327    0.759629964828
1311    0.797601938248
1311    0.830874919891
1314    0.862618923187
1293    0.8931620121
1279    0.928927898407
1316    0.966531038284
1266    0.997107028961
1246    1.03229999542
1252    1.06902289391
1247    1.11250591278
1222    1.15608787537
1227    1.1933760643
1205    1.22160196304
1183    1.25873804092
1214    1.29444599152
1208    1.32943487167
1332    1.35934090614
1196    1.38935494423
1196    1.42933988571
1166    1.45445895195
1151    1.49456787109
1175    1.52771997452
1135    1.56594109535
1267    1.60655403137
1159    1.63455200195
1298    1.66743898392
1295    1.69543099403
1200    1.72839403152
1197    1.76147603989
1197    1.79452991486
1209    1.82762908936
1223    1.86077904701
1249    1.89391303062
1230    1.93185997009
1244    1.95874500275
1247    1.99568986893
1219    2.02239608765
1209    2.05900001526
1228    2.09717988968
1259    2.14061903954
1226    2.1828379631
1219    2.22636389732
1176    2.2624309063
1165    2.29471087456
1164    2.32645487785
1173    2.35836291313
1166    2.38883590698
1145    2.4217839241
1134    2.45468997955
1115    2.48257303238
1212    2.52557396889
1095    2.55351996422
1116    2.58680105209
1100    2.61677908897
1084    2.64942193031
1098    2.68208289146
1091    2.70968294144
1201    2.74234700203
1078    2.77540493011
1212    2.80291390419
1100    2.83597707748
1096    2.8739669323
1111    2.9069750309
1110    2.93540906906
1112    2.97906088829
1217    3.00898790359
1116    3.04009389877
1159    3.06776404381
1148    3.10188293457
1183    3.14836406708
1148    3.1857790947
1148    3.21753287315
1194    3.26103210449
1183    3.32577395439
1183    3.36405897141
1200    3.36700487137
1198    3.39989209175
0    3.43410992622
1194    3.44203805923
1215    3.4801030159
0    3.51733207703
1227    3.5193901062
1227    3.56140398979
1231    3.59376788139
1245    3.62617588043
1262    3.65446591377
1264    3.68777704239
1265    3.7160949707
1260    3.74930691719
1266    3.78192901611
1392    3.82688903809
1298    3.86424398422
1279    3.89650201797
1279    3.93393087387
1311    3.96625900269
1315    3.99847602844
1311    4.03187894821
1321    4.05916404724
1315    4.09653091431
1325    4.12385988235
1331    4.15108108521
1329    4.18342590332
1326    4.21576499939
1330    4.2430729866
1327    4.28049492836
1346    4.32287096977
1343    4.3552210331
1364    4.38254904747
1366    4.41986489296
1447    4.45723009109
1357    4.48961210251
1463    4.51696801186
1361    4.54938006401
1479    4.57671689987
1382    4.60477089882
1385    4.63553595543
1362    4.66552591324
1395    4.69850897789
1379    4.74703288078
1383    4.77962493896
1494    4.80723309517
1404    4.84264087677
1400    4.87356901169
1393    4.91717505455
1402    4.9555208683
1389    4.98179602623
1511    5.01368403435
1521    5.04870891571
1394    5.08849906921
1430    5.13322806358
1432    5.15792107582
1414    5.19302487373
1431    5.23163700104
1447    5.274766922
1436    5.30666208267
1446    5.35011291504
1537    5.39374303818
1423    5.43234491348
1428    5.46404409409
1453    5.4953520298
1449    5.52516007423
1443    5.56488490105
1444    5.59955096245
1447    5.63032507896
1466    5.66225409508
1445    5.70067095757
1443    5.74762701988
1442    5.79097008705
1466    5.82267904282
1465    5.85481190681
1468    5.88650202751
1464    5.91429805756
1465    5.9474799633
1460    5.97976708412
1567    6.01677203178
1472    6.04876708984
1460    6.08758401871
1490    6.12648487091
1499    6.1653239727
1474    6.1890540123
1483    6.22773694992
1498    6.25154995918
1491    6.28528690338
1493    6.31789088249
1513    6.35137891769
1515    6.39449000359
1617    6.43757987022
1509    6.46330499649
1528    6.49898004532
1528    6.52970004082
1521    6.57292699814
1523    6.61594700813
1548    6.64199590683
1545    6.67382001877
1542    6.71689891815
1651    6.7473180294
1527    6.79019188881
1542    6.81656694412
1523    6.86862397194
1511    6.90099596977
1492    6.9340839386
1476    6.97722506523
1483    7.006524086
1447    7.03954410553
1450    7.07123994827
1424    7.10296201706
1411    7.14630508423
1518    7.17690992355
1399    7.21358799934
1393    7.24544787407
1384    7.29156303406
1495    7.33360099792
1417    7.37130999565
1394    7.39932394028
1445    7.43310308456
1419    7.4679889679
1464    7.4961168766
1567    7.53044891357
1464    7.56116700172
1460    7.60770797729
1492    7.64990592003
1477    7.68613409996
1531    7.72221493721
1602    7.7508790493
1506    7.77988195419
1511    7.80840301514
1510    7.84169697762
1505    7.8848118782
1498    7.91540193558
1585    7.94743704796
1472    7.9907438755
1442    8.02914810181
1427    8.07281804085
1498    8.11647105217
1400    8.15333104134
1376    8.18668889999
1478    8.21510887146
1395    8.25356793404
1364    8.29200005531
1368    8.31579303741
1449    8.3591940403
1343    8.4023680687
1352    8.42885708809
1353    8.46865010262
1348    8.51236104965
1432    8.55457901955
1347    8.59235405922
1326    8.62327504158
1317    8.65336203575
1311    8.68422698975
1309    8.7276570797
1308    8.77076888084
1328    8.80910897255
1348    8.85217308998
1334    8.89794301987
1331    8.93443608284
1355    8.96408390999
1351    8.9958460331
1346    9.02420401573
1347    9.05771708488
1347    9.09574699402
1369    9.13556694984
1361    9.17784500122
1363    9.21537208557
1377    9.24791288376
1379    9.27616786957
1398    9.30983805656
1391    9.33895993233
1406    9.37224292755
1546    9.40043401718
1413    9.43559598923
1422    9.46376109123
1428    9.49820804596
1444    9.53546404839
1466    9.5736219883
1481    9.61138987541
1448    9.6513299942
1467    9.67622804642
1465    9.71335887909
1450    9.74129891396
1532    9.77473187447
1430    9.81839489937
1403    9.84422802925
1392    9.89008808136
1384    9.92089700699
1331    9.95187807083
1279    9.99296689034
1243    10.0313570499
1343    10.0610659122
1197    10.090777874
1169    10.1306540966
1150    10.1555070877
1150    10.1904110909
1112    10.2286839485
1180    10.2588849068
1023    10.3023319244
1180    10.3331871033
1076    10.3770389557
1060    10.4143989086
1076    10.4411189556
1101    10.4769020081
1077    10.5190398693
1108    10.5572590828
1183    10.5882198811
1084    10.6190509796
1082    10.6551969051
1100    10.6908938885
1101    10.7265710831
1099    10.7623319626
1078    10.7936298847
1100    10.8356649876
1074    10.866574049
1101    10.897384882
1080    10.9285349846
1075    10.9686388969
1114    11.0123019218
1064    11.0508730412
1082    11.0891709328
1164    11.137830019
1023    11.1811180115
1063    11.2195858955
1076    11.2627799511
1078    11.304625988
1183    11.3431298733
1177    11.3864150047
1078    11.4245998859
1175    11.4533030987
1059    11.48970294
1060    11.5231380463
1065    11.5600020885
1085    11.5918080807
1082    11.6251680851
1098    11.663599968
1084    11.7120940685
1114    11.7507860661
1196    11.7880179882
1195    11.8207089901
1081    11.8496160507
1078    11.8832728863
1128    11.9103798866
1116    11.9540860653
1215    11.9928629398
1229    12.034774065
1131    12.0704619884
1131    12.1160759926
1113    12.1460778713
1144    12.1790668964
1112    12.2222709656
1130    12.2523539066
1247    12.2958819866
1243    12.3395390511
1145    12.3779809475
1149    12.4249398708
1164    12.4630129337
1164    12.4926309586
1148    12.5272479057
1139    12.5667309761
1252    12.6018080711
1189    12.64457798
1178    12.6910440922
1188    12.7236208916
1261    12.7463440895
1200    12.7838799953
1201    12.814385891
1183    12.8450529575
1180    12.873003006
1212    12.9101350307
1217    12.9348320961
1208    12.9707438946
1194    13.0138421059
1214    13.0562698841
1214    13.0938999653
1218    13.1294469833
1213    13.1600270271
1311    13.1957240105
1231    13.2213089466
1215    13.2570838928
1212    13.3001129627
1243    13.3302340508
1228    13.3625349998
1233    13.4087400436
1232    13.4471359253
1222    13.4940469265
1239    13.535998106
1343    13.5791730881
1260    13.6177470684
1261    13.6611199379
1343    13.6988399029
1255    13.7423501015
1275    13.7854270935
1279    13.8110330105
1261    13.8569040298
1277    13.9049019814
1259    13.9384059906
1317    13.9716970921
1413    14.0032351017
1314    14.0332500935
1298    14.0640599728
1279    14.0958778858
1311    14.1277909279
1308    14.1604290009
1293    14.2037758827
1334    14.2521779537
1313    14.2844560146
1315    14.320964098
1311    14.3584740162
1414    14.3894529343
1320    14.4328958988
1323    14.4766819477
1311    14.5137729645
1331    14.5571699142
1333    14.600135088
1335    14.6243739128
1331    14.6857290268
1331    14.7230389118
1347    14.725219965
1309    14.7573440075
0    14.7997219563
1350    14.8018870354
1348    14.8289880753
0    14.8713018894
1308    14.8734240532
1333    14.90041399
1354    14.9429690838
1350    14.9928929806
1354    15.027780056
1329    15.0574979782
1326    15.090075016
1332    15.1199178696
1328    15.1496889591
1314    15.1796588898
1334    15.2144930363
1334    15.2445540428
1433    15.2745220661
1309    15.2995269299
1353    15.3347249031
1411    15.3695089817
1308    15.4046080112
1318    15.439663887
1330    15.4698250294
1323    15.4999148846
1315    15.534965992
1315    15.5756540298
1327    15.6083359718
1314    15.6384050846
1330    15.666451931
1320    15.7003688812
1352    15.7311940193
1361    15.7746670246
1349    15.8104519844
1359    15.8443238735
1364    15.8817870617
1346    15.918982029
1364    15.9604349136
1369    15.9988188744
1395    16.0265619755
1396    16.0748169422
1395    16.1100490093
1456    16.1432800293
1480    16.1768190861
1464    16.215282917
1480    16.2433350086
1483    16.2864599228
1509    16.3208658695
1510    16.3627240658
1499    16.4095680714
1528    16.4530060291
1531    16.4778320789
1528    16.5156750679
1629    16.5535299778
1492    16.5868089199
1499    16.6173870564
1490    16.6522550583
1497    16.6851639748
1461    16.7231938839
1445    16.7606639862
1408    16.7983510494
1408    16.8314359188
1414    16.859826088
1485    16.8991980553
1388    16.9317820072
1359    16.9645869732
1363    16.997811079
1331    17.0259809494
1350    17.0593669415
1348    17.0877149105
1327    17.1213240623
1331    17.1647799015
1331    17.2171959877
1334    17.2448339462
1331    17.276704073
1423    17.3086359501
1351    17.3404569626
1327    17.3703320026
1332    17.4050300121
1331    17.4358019829
1351    17.479006052
1347    17.5224540234
