2264    0.0255701541901
2367    0.0601000785828
2268    0.0906410217285
2272    0.152387142181
2268    0.181310176849
2280    0.213473081589
2290    0.243113040924
2291    0.281666994095
2284    0.325074195862
2303    0.359443187714
2297    0.392566204071
2312    0.435387134552
2335    0.468850135803
2334    0.505506038666
2352    0.538096189499
2365    0.570231199265
2482    0.601024150848
2375    0.644484996796
2504    0.68822312355
2396    0.726916074753
2411    0.770737171173
2410    0.809548139572
2533    0.855627059937
2540    0.891462087631
2445    0.927170991898
2449    0.958012104034
2449    0.989032030106
2463    1.02003502846
2465    1.05106115341
2468    1.08036518097
2480    1.11606097221
2480    1.14154314995
2496    1.18049502373
2494    1.21720004082
2482    1.2605919838
2480    1.31401205063
2467    1.34232401848
2440    1.37954306602
2516    1.4178249836
2374    1.46109700203
2328    1.50373506546
2317    1.53169107437
2411    1.56007814407
2312    1.59134316444
2287    1.6402220726
2268    1.67932009697
2362    1.72135400772
2244    1.76478409767
2223    1.80297803879
2211    1.84112215042
2189    1.8724770546
2200    1.90620517731
2206    1.93345999718
2180    1.96582913399
2166    1.99803805351
2268    2.02661418915
2154    2.0638051033
2137    2.11002898216
2251    2.14761710167
2236    2.18448805809
2114    2.21568012238
2115    2.24874901772
2104    2.27732920647
2102    2.30511617661
2098    2.33840703964
2089    2.37470507622
2098    2.41358208656
2075    2.44236397743
2175    2.48111605644
2184    2.51497507095
2061    2.54869818687
2054    2.57744503021
2059    2.61260509491
2048    2.65087008476
2149    2.67931413651
2050    2.71555018425
2028    2.75365304947
2026    2.79210710526
2023    2.82053208351
2019    2.85454106331
2022    2.89309811592
2020    2.92889308929
2013    2.97216105461
2003    3.01034498215
2111    3.04160618782
2007    3.07544612885
2116    3.1185631752
2008    3.14569711685
2016    3.1779961586
2008    3.21076798439
2004    3.25404906273
2013    3.29253101349
2008    3.32566905022
1999    3.3610200882
2004    3.40277099609
2003    3.43988013268
1998    3.46655201912
1999    3.49898004532
2113    3.52789497375
2011    3.56078219414
2002    3.59417319298
2005    3.63574504852
2006    3.67948698997
2010    3.71854400635
2006    3.76161003113
2000    3.80534005165
2014    3.84379911423
2116    3.88713407516
2024    3.93550205231
2023    3.96742105484
2020    4.01106119156
2022    4.04908800125
2028    4.08238816261
2140    4.12698698044
2133    4.15972709656
2027    4.19465517998
2044    4.22440910339
2048    4.25959920883
2139    4.31156301498
2037    4.34463500977
2127    4.38020014763
2057    4.4077911377
2165    4.44158601761
2060    4.46815800667
2061    4.50483012199
2078    4.53058600426
2082    4.57070302963
2073    4.60404014587
2088    4.63242316246
2085    4.67572903633
2089    4.71443605423
2083    4.75653600693
2105    4.79502415657
2104    4.83843898773
2109    4.87633109093
2115    4.90811920166
2106    4.93951797485
2127    4.97301316261
2118    4.99992203712
2240    5.04215216637
2247    5.08378911018
2128    5.12056803703
2159    5.15230202675
2159    5.18239212036
2169    5.21560311317
2269    5.25901818275
2167    5.30111002922
2183    5.33837604523
2183    5.37052202225
2180    5.40327715874
2194    5.44103717804
2194    5.47424507141
2211    5.5126721859
2210    5.54568314552
2235    5.57631611824
2229    5.6062271595
2237    5.64143919945
2242    5.68532705307
2260    5.7233850956
2275    5.76179814339
2296    5.81042504311
2286    5.85390305519
2293    5.89561605453
2325    5.92250800133
2328    5.95592808723
2360    5.99453306198
2367    6.02310204506
2359    6.05662202835
2366    6.09463119507
2381    6.13035011292
2394    6.1709651947
2517    6.20665216446
2422    6.25286698341
2433    6.29855012894
2449    6.32912397385
2455    6.36021900177
2463    6.39139819145
2570    6.42143702507
2452    6.45641899109
2442    6.50111508369
2443    6.52849507332
2445    6.55703020096
2538    6.59581708908
2423    6.62481999397
2432    6.66096305847
2424    6.68580818176
2424    6.71978211403
2535    6.75101113319
2423    6.78290200233
2418    6.8289911747
2417    6.85506510735
2397    6.88583397865
2400    6.91869902611
2405    6.95591711998
2393    6.99913811684
2372    7.04242300987
2386    7.08053803444
2365    7.11757111549
2364    7.15147805214
2354    7.18409800529
2353    7.21712207794
2357    7.25391316414
2329    7.28774118423
2448    7.31806397438
2317    7.36118006706
2326    7.39963817596
2315    7.44338798523
2309    7.46998620033
2297    7.50653910637
2416    7.53156018257
2303    7.56893920898
2303    7.61079216003
2289    7.64951205254
2275    7.69285011292
2274    7.73133301735
2381    7.77531909943
2374    7.80287599564
2259    7.83526110649
2257    7.86665916443
2264    7.89681100845
2249    7.94211912155
2264    7.96709918976
2258    8.00245809555
2269    8.02934718132
2257    8.0633161068
2350    8.09226107597
2248    8.12624001503
2247    8.16507911682
2233    8.19395017624
2347    8.24288606644
2240    8.28205299377
2238    8.31888699532
2243    8.37525200844
2243    8.41317915916
2237    8.41640114784
2248    8.4494740963
0    8.47788119316
2245    8.4809961319
2246    8.51448202133
2256    8.55252718925
2263    8.58245897293
2267    8.61252403259
2260    8.64584302902
2263    8.69397807121
2258    8.73264908791
2268    8.76234102249
2254    8.79653906822
2262    8.82063603401
2279    8.86322903633
2275    8.89640307426
2271    8.92754411697
2297    8.95853114128
2293    8.98951101303
2283    9.01533412933
2284    9.04844498634
2295    9.09150004387
2296    9.12657499313
2299    9.16412711143
2301    9.19600200653
2320    9.23207712173
2321    9.26530098915
2317    9.30203008652
2331    9.34408998489
2341    9.37089800835
2335    9.40678811073
2352    9.44009900093
2460    9.48184800148
2363    9.52883815765
2367    9.55372619629
2388    9.58741497993
2377    9.61600112915
2387    9.64944815636
2396    9.69446516037
2412    9.73154902458
2421    9.7637360096
2409    9.8069190979
2442    9.84764313698
2441    9.88963103294
2449    9.93290901184
2586    9.97147297859
2576    10.0147221088
2483    10.0580551624
2497    10.0954301357
2505    10.1274399757
2499    10.1696691513
2498    10.2129430771
2485    10.2511839867
2462    10.2821819782
2436    10.3128700256
2398    10.3436009884
2403    10.3790280819
2379    10.4069349766
2358    10.4503970146
2335    10.4872751236
2327    10.521023035
2312    10.5496621132
2311    10.59542799
2300    10.6428990364
2294    10.6698989868
2395    10.7138750553
2272    10.751760006
2254    10.7928361893
2359    10.8281700611
2234    10.8616700172
2235    10.8850800991
2230    10.9238610268
2212    10.9526150227
2194    10.9957420826
2193    11.0390400887
2184    11.0771160126
2185    11.1244761944
2165    11.1578969955
2153    11.1907610893
2156    11.2213640213
2148    11.2518920898
2140    11.283010006
2145    11.3130221367
2147    11.3542900085
2121    11.3924820423
2106    11.4359941483
2102    11.4779400826
2209    11.5161471367
2098    11.547096014
2105    11.5955731869
2101    11.6329879761
2105    11.6760790348
2094    11.7130169868
2095    11.7437021732
2082    11.7694461346
2094    11.8050451279
2202    11.8357160091
2086    11.8665959835
2094    11.8976411819
2087    11.9412519932
2194    11.9845600128
2085    12.0229730606
2191    12.0656480789
2078    12.1040890217
2087    12.1470119953
2079    12.1897780895
2086    12.21778512
2095    12.2527890205
2087    12.2952780724
2086    12.3330230713
2086    12.3757061958
2079    12.409126997
2093    12.4431951046
2085    12.4809370041
2079    12.5236539841
2091    12.5668711662
2086    12.5953299999
2101    12.6388561726
2087    12.6688871384
2104    12.7022361755
2105    12.7292451859
2103    12.7618591785
2099    12.8021230698
2097    12.834059
2179    12.8673110008
2099    12.8955011368
2105    12.9236860275
2110    12.9519350529
2102    12.9850940704
2215    13.0133590698
2113    13.0466840267
2107    13.0753791332
2105    13.1039600372
2105    13.1409599781
2108    13.1826469898
2126    13.2093741894
2231    13.2423150539
2124    13.2861881256
2121    13.3134629726
2123    13.3570539951
2147    13.3834271431
2141    13.4188580513
2135    13.4482610226
2133    13.4898622036
2135    13.521517992
2264    13.5566470623
2155    13.5949959755
2160    13.6308140755
2168    13.6627590656
2175    13.6968901157
2163    13.726028204
2161    13.7700572014
2189    13.7991530895
2296    13.8383800983
2187    13.8775310516
2205    13.9017000198
2204    13.9410231113
2213    13.9801809788
2317    14.0191941261
2211    14.0509061813
2234    14.083796978
2228    14.1270852089
2224    14.1655211449
2246    14.1938810349
2241    14.2259981632
2345    14.2867321968
2345    14.3205471039
2265    14.3284511566
2261    14.3539969921
2280    14.3983139992
2290    14.4262120724
2296    14.4640660286
2393    14.506855011
2300    14.5396151543
2303    14.5723969936
2323    14.6051681042
2419    14.6430010796
2329    14.6708660126
2360    14.703687191
2353    14.7364170551
2359    14.7642190456
2360    14.7971041203
2381    14.8298871517
2381    14.8577511311
2376    14.8906049728
2388    14.9183630943
2395    14.9561741352
2419    14.9939620495
2424    15.0217871666
2444    15.0546340942
2456    15.0875051022
2454    15.1153430939
2460    15.147452116
2482    15.1907391548
2492    15.2264230251
2497    15.2613470554
2493    15.3029429913
2498    15.3411071301
2491    15.3804001808
2588    15.4066460133
2448    15.4399750233
2428    15.4683561325
2540    15.500041008
2416    15.5355930328
2395    15.5738852024
2388    15.6068952084
2395    15.6388239861
2509    15.6712729931
2407    15.7086331844
2398    15.7409601212
2392    15.768280983
2396    15.8006350994
2376    15.833012104
2383    15.8703911304
2360    15.9033482075
2367    15.9365680218
2354    15.9800391197
2353    16.0220520496
2342    16.0488860607
2334    16.0920891762
2335    16.1347351074
2319    16.1729671955
2319    16.2110481262
2313    16.2487721443
2301    16.2916471958
2400    16.333564043
2296    16.3690330982
2288    16.4001021385
2274    16.4433259964
2275    16.4726421833
2377    16.5125169754
2266    16.555822134
2260    16.5940899849
2258    16.6219861507
2256    16.6552731991
2236    16.6877720356
2244    16.7311210632
2234    16.7691771984
2334    16.8041841984
2234    16.8332810402
2235    16.8723680973
2230    16.9116370678
2229    16.9449081421
2207    16.9724531174
2218    17.0080711842
2220    17.0348191261
2217    17.0663831234
2219    17.098541975
2213    17.1266100407
2218    17.163736105
2207    17.2058210373
2212    17.2507340908
2211    17.2968862057
2220    17.3341281414
2211    17.3666651249
2223    17.3968451023
2210    17.424446106
2219    17.4595551491
2207    17.4913680553
2219    17.5397109985
