1278    0.0380651950836
1276    0.0763170719147
1276    0.108045101166
1301    0.158493995667
1309    0.200896024704
1279    0.233297109604
1311    0.265686035156
1311    0.298071146011
1311    0.330451011658
1325    0.35412812233
1385    0.392178058624
1310    0.419022083282
1353    0.454883098602
1347    0.492997169495
1334    0.528784990311
1366    0.560714006424
1465    0.596981048584
1496    0.631942987442
1412    0.664735078812
1377    0.711953163147
1498    0.750197172165
1379    0.787718057632
1410    0.820890188217
1396    0.857698202133
1363    0.895591974258
1449    0.938791036606
1343    0.982133150101
1350    1.02541899681
1329    1.06312513351
1327    1.09059000015
1309    1.12398409843
1279    1.15021800995
1279    1.18412303925
1247    1.2177131176
1244    1.24853420258
1227    1.28028702736
1279    1.3211710453
1182    1.34521913528
1093    1.37866616249
1115    1.41195416451
1111    1.43936800957
1074    1.48545312881
1023    1.52402019501
1060    1.56729006767
1023    1.61043810844
1012    1.64794301987
1012    1.67623305321
1010    1.71177601814
1112    1.73937797546
1023    1.77204108238
1060    1.80021309853
1023    1.83370804787
1023    1.8673760891
1139    1.91024303436
1023    1.95331716537
1080    1.99177908897
1023    2.03647398949
1081    2.06888914108
1179    2.09207010269
1163    2.13070106506
1077    2.17280507088
1082    2.21103811264
1074    2.24919700623
1077    2.28170800209
1059    2.31572318077
1078    2.35418200493
1064    2.40259814262
1083    2.44136619568
1055    2.48975014687
1160    2.53277802467
1086    2.57095813751
1055    2.63471102715
1082    2.66059613228
1082    2.6960401535
1064    2.73022007942
1084    2.76631402969
1067    2.79711198807
1059    2.82776212692
1061    2.85809111595
1062    2.89151000977
1080    2.91992497444
1064    2.94791197777
1060    2.97905516624
1186    3.01487207413
1077    3.05582118034
1099    3.08182311058
1081    3.11604619026
1086    3.14723205566
1082    3.19012904167
1084    3.22104120255
1076    3.25289297104
1078    3.28534317017
1135    3.3413040638
1115    3.36918616295
1111    3.40290403366
1131    3.43501019478
1111    3.47421598434
1129    3.52097010612
1132    3.54951310158
1145    3.58146810532
1148    3.61347413063
1149    3.64564800262
1247    3.67459416389
1141    3.70792102814
1166    3.74039506912
1161    3.78632616997
1162    3.82470202446
1178    3.85771799088
1193    3.90291714668
1177    3.94536519051
1195    3.98365712166
1190    4.01692008972
1193    4.06474018097
1196    4.0984389782
1215    4.13581418991
1188    4.17282509804
1194    4.21570897102
1311    4.26456403732
1195    4.29615497589
1231    4.32632017136
1240    4.35959219933
1244    4.3979780674
1247    4.43375611305
1329    4.47972297668
1260    4.51810002327
1243    4.56148099899
1258    4.59962201118
1271    4.63212704659
1400    4.6754360199
1275    4.70640611649
1298    4.73790216446
1279    4.76734209061
1300    4.79976511002
1279    4.82853913307
1274    4.87166619301
1296    4.89735817909
1416    4.93296504021
1309    4.96376800537
1317    4.9951570034
1311    5.0483341217
1333    5.07901000977
1317    5.11075997353
1317    5.15344214439
1350    5.18141317368
1347    5.21502113342
1326    5.2583220005
1321    5.28513216972
1347    5.32184720039
1343    5.35898303986
1455    5.39581203461
1343    5.43165206909
1464    5.46524405479
1375    5.50385713577
1388    5.53635120392
1382    5.57965111732
1383    5.62292003632
1371    5.6495411396
1363    5.68296408653
1470    5.71643018723
1382    5.74480319023
1394    5.77825808525
1403    5.80879020691
1404    5.8407189846
1384    5.87153911591
1401    5.90293598175
1398    5.93465709686
1396    5.96040320396
1400    5.99530911446
1406    6.02884817123
1396    6.05744814873
1413    6.10083317757
1401    6.13252401352
1414    6.17921805382
1520    6.20525813103
1379    6.23702311516
1415    6.27393507957
1382    6.30754303932
1413    6.35606002808
1407    6.38303804398
1417    6.41642618179
1410    6.46005606651
1396    6.49861001968
1412    6.53240513802
1392    6.56618905067
1417    6.58999419212
1450    6.62386012077
1425    6.65704011917
1415    6.68432712555
1415    6.71742320061
1427    6.74883008003
1433    6.78050398827
1433    6.82755708694
1411    6.86495304108
1397    6.89478516579
1430    6.92461514473
1432    6.95942902565
1433    6.98629999161
1428    7.01932406425
1468    7.05842900276
1443    7.10151815414
1494    7.12956404686
1464    7.16262412071
1500    7.19070410728
1492    7.22370409966
1520    7.25673913956
1543    7.28477597237
1526    7.31785202026
1561    7.34589219093
1559    7.38388514519
1561    7.4219121933
1657    7.44982814789
1573    7.4827849865
1591    7.51572203636
1557    7.5436501503
1562    7.58993005753
1567    7.63690900803
1575    7.68024516106
1575    7.71842503548
1526    7.74914908409
1521    7.7798140049
1536    7.81061697006
1530    7.84633207321
1494    7.88197207451
1461    7.92298316956
1438    7.96130299568
1433    8.00452303886
1536    8.03528499603
1406    8.078384161
1383    8.10993814468
1326    8.13761806488
1343    8.17127299309
1323    8.1997191906
1311    8.23234200478
1310    8.26630616188
1306    8.29356408119
1298    8.32550811768
1296    8.36640810966
1271    8.40738797188
1400    8.43432807922
1278    8.46774601936
1278    8.49986004829
1384    8.53204202652
1272    8.57067704201
1277    8.60892701149
1279    8.65147614479
1310    8.68995714188
1279    8.73251318932
1417    8.76853919029
1413    8.8012201786
1304    8.84437799454
1412    8.88776707649
1329    8.92115211487
1310    8.95465803146
1310    8.98288702965
1321    9.02025604248
1308    9.06088113785
1307    9.08893704414
1318    9.12746620178
1355    9.15467405319
1449    9.18797206879
1326    9.22062015533
1428    9.26407003403
1305    9.30741810799
1308    9.34852099419
1279    9.38221001625
1298    9.41832613945
1277    9.45656919479
1279    9.49960303307
1265    9.54030513763
1267    9.57816815376
1260    9.61034107208
1244    9.6432890892
1249    9.67894411087
1229    9.71920204163
1226    9.75831198692
1211    9.7867641449
1211    9.81947517395
1179    9.88177919388
1199    9.91280817986
1177    9.95621800423
1234    9.98753714561
1264    10.0158371925
1136    10.0482420921
1099    10.0917711258
1199    10.1350591183
1074    10.1712059975
1077    10.2147881985
1078    10.248057127
1067    10.2843790054
1063    10.3183090687
1080    10.3617601395
1074    10.4045331478
1118    10.4304201603
1114    10.4638221264
1095    10.507392168
1095    10.5423471928
1112    10.5873990059
1099    10.6306531429
1118    10.6788570881
1093    10.7142820358
1132    10.7459321022
1147    10.7746970654
1150    10.807308197
1116    10.8390321732
1213    10.8686311245
1107    10.9037041664
1112    10.9420900345
1078    10.9752089977
1085    11.0175671577
1023    11.0611109734
1059    11.0911371708
1049    11.1249141693
1023    11.1490039825
1130    11.1878311634
1004    11.2186021805
1010    11.2569169998
993    11.2901101112
1011    11.3278751373
1006    11.3603951931
1013    11.3912069798
1007    11.4245321751
993    11.4733111858
1013    11.5014131069
1015    11.53672719
1023    11.5800001621
1125    11.6234312057
1023    11.662209034
1060    11.7047410011
1023    11.7303330898
1047    11.762556076
1078    11.7957971096
1166    11.8394560814
1074    11.8777730465
1079    11.9094111919
1078    11.937361002
1084    11.9736161232
1078    11.9993150234
1073    12.0355200768
1080    12.0737140179
1202    12.1029100418
1127    12.1374599934
1196    12.1810240746
1116    12.2249171734
1142    12.2681770325
1148    12.3034191132
1161    12.3367621899
1149    12.3678531647
1163    12.4039092064
1148    12.4325361252
1146    12.4755420685
1132    12.5092051029
1186    12.5575401783
1279    12.6005079746
1279    12.6377370358
1193    12.6806471348
1177    12.707157135
1279    12.7413051128
1196    12.7797579765
1193    12.8085250854
1212    12.8455600739
1191    12.8835530281
1199    12.9265470505
1210    12.9728250504
1215    12.9997680187
1221    13.0320291519
1209    13.0756220818
1209    13.1109449863
1311    13.1488621235
1216    13.175825119
1235    13.2227799892
1244    13.2659730911
1242    13.2924041748
1363    13.3250501156
1235    13.3572700024
1227    13.3997600079
1246    13.4268140793
1249    13.4602150917
1265    13.4910349846
1262    13.5245649815
1247    13.5628931522
1263    13.5996901989
1278    13.6335082054
1247    13.6723799706
1279    13.7058870792
1278    13.748857975
1246    13.786411047
1250    13.8179450035
1260    13.8508780003
1266    13.8812081814
1266    13.9120001793
1260    13.9451580048
1268    13.986836195
1392    14.0334181786
1277    14.0674090385
1276    14.1013841629
1301    14.1305170059
1395    14.1599800587
1279    14.2030520439
1294    14.2339839935
1298    14.265707016
1277    14.2979741096
1310    14.3302969933
1279    14.3676121235
1279    14.3951179981
1276    14.433008194
1311    14.4709219933
1310    14.5011270046
1311    14.5358631611
1299    14.5610711575
1279    14.5992591381
1300    14.6258411407
1297    14.6611499786
1395    14.7047610283
1279    14.7464270592
1311    14.7832901478
1307    14.8150060177
1277    14.8466989994
1315    14.8790860176
1279    14.9126040936
1311    14.9404501915
1315    14.9736390114
1311    15.0017840862
1430    15.0350100994
1299    15.0731492043
1307    15.11115098
1323    15.1447770596
1279    15.1831440926
1377    15.217249155
1311    15.2482140064
1315    15.2889821529
1306    15.3231260777
1297    15.3716480732
1296    15.4038209915
1298    15.4355561733
1279    15.4791901112
1278    15.5270061493
1295    15.5610480309
1299    15.5915842056
1277    15.6239690781
1279    15.6537652016
1395    15.6870319843
1246    15.7239551544
1244    15.7573251724
1229    15.7905130386
1316    15.8379089832
1208    15.8807721138
1228    15.9192750454
1176    15.9624190331
1215    15.9911930561
1178    16.0251960754
1148    16.0627980232
1168    16.0948112011
1164    16.1264941692
1144    16.1574540138
1127    16.1891341209
1180    16.227380991
1215    16.2656471729
1177    16.2929811478
1179    16.3307731152
1230    16.3615150452
1221    16.4049639702
1247    16.4434640408
1263    16.4821109772
1262    16.509953022
1261    16.5436031818
1264    16.5908200741
1279    16.6369280815
1311    16.6751730442
1311    16.7168941498
1349    16.7546629906
1330    16.798623085
1309    16.8369760513
1346    16.8804500103
1402    16.9060690403
1295    16.9309051037
1304    16.9714651108
1277    17.0098149776
1305    17.057723999
1308    17.1152031422
1277    17.1531190872
1277    17.2075841427
1311    17.2419791222
1261    17.278594017
1246    17.314218998
1279    17.3464980125
1279    17.3780920506
1279    17.4088470936
1279    17.4407911301
1276    17.4726960659
1244    17.5161252022
