1300    0.0379738807678
1279    0.071268081665
1377    0.10428404808
1262    0.135676860809
1298    0.164808034897
1279    0.204006910324
1261    0.233380079269
1311    0.270155906677
1299    0.307765960693
1295    0.34591293335
1311    0.374193906784
1308    0.410306930542
1279    0.444390058517
1322    0.488400936127
1308    0.51261806488
1321    0.547138929367
1323    0.585423946381
1335    0.625518083572
1366    0.65118098259
1368    0.6876039505
1362    0.712550878525
1365    0.747375965118
1395    0.792286872864
1484    0.817581892014
1411    0.850198984146
1383    0.883615016937
1381    0.927056074142
1366    0.953108072281
1363    0.996736049652
1367    1.02013707161
1326    1.04370594025
1334    1.07712602615
1325    1.11061000824
1275    1.13407897949
1279    1.17756605148
1261    1.21112799644
1240    1.24458193779
1297    1.27306604385
1200    1.31149792671
1195    1.33988404274
1161    1.37331008911
1129    1.40673804283
1113    1.43515992165
1048    1.4685819149
1062    1.49707198143
1061    1.53056502342
1023    1.5645198822
1022    1.60282206535
1023    1.64612698555
1011    1.68461608887
993    1.72301697731
1061    1.7664039135
1023    1.79236197472
1023    1.82605004311
1065    1.85275006294
1066    1.88779091835
1023    1.91776108742
1023    1.95278692245
1159    1.99569392204
1161    2.03420996666
1023    2.08781409264
1061    2.11990308762
1080    2.15371608734
1080    2.1850039959
1080    2.22776889801
1060    2.27114391327
1073    2.30634188652
1078    2.35635089874
1050    2.39124798775
1080    2.42114090919
1073    2.45619106293
1082    2.48676109314
1065    2.51822686195
1074    2.56161808968
1055    2.60509109497
1023    2.64853692055
1055    2.68195104599
1078    2.71029901505
1162    2.75364398956
1060    2.78181886673
1078    2.82785105705
1060    2.87119197845
1058    2.91372704506
1072    2.95208692551
1078    2.9946000576
1077    3.03255486488
1076    3.06574606895
1093    3.09754300117
1080    3.13916492462
1078    3.17788100243
1195    3.21141695976
1078    3.24881386757
1095    3.28678607941
1229    3.32093596458
1094    3.35396099091
1101    3.3883459568
1112    3.41496300697
1117    3.44673991203
1111    3.47798991203
1110    3.52128887177
1144    3.56400299072
1142    3.60214996338
1144    3.64459586143
1162    3.68818593025
1140    3.72648286819
1148    3.75739407539
1245    3.78923392296
1150    3.84287190437
1181    3.87520003319
1159    3.90898799896
1193    3.94276404381
1179    3.9664618969
1177    4.01032400131
1181    4.04937696457
1182    4.08234596252
1179    4.11547708511
1194    4.14699101448
1183    4.17858195305
1300    4.21514296532
1302    4.24599289894
1214    4.27825593948
1217    4.30865597725
1211    4.33662390709
1325    4.36959290504
1228    4.40131688118
1216    4.43512701988
1249    4.48199987411
1262    4.51855802536
1244    4.56515598297
1263    4.59815788269
1278    4.63236689568
1268    4.66661596298
1267    4.69347786903
1264    4.72528600693
1262    4.7640850544
1376    4.79776906967
1297    4.83653998375
1275    4.87545204163
1279    4.91449189186
1310    4.94136786461
1279    4.98498797417
1310    5.02800989151
1279    5.06577396393
1313    5.09473586082
1332    5.12878990173
1317    5.16282892227
1311    5.18870902061
1311    5.22222089767
1324    5.26111507416
1348    5.29458904266
1348    5.33704686165
1352    5.36245393753
1355    5.3960518837
1348    5.42715907097
1347    5.45775794983
1350    5.48999190331
1384    5.53380703926
1448    5.57705402374
1368    5.61457490921
1377    5.64295291901
1394    5.67656898499
1395    5.70415496826
1394    5.74019503593
1402    5.78352093697
1404    5.82127094269
1398    5.85850691795
1382    5.89201188087
1480    5.92527008057
1369    5.95730900764
1396    6.0003528595
1496    6.03003406525
1405    6.0759999752
1405    6.11655402184
1518    6.15832304955
1411    6.19569706917
1379    6.22440505028
1417    6.25808000565
1426    6.29150485992
1380    6.33513903618
1373    6.36257004738
1398    6.39625287056
1430    6.43386387825
1428    6.46018409729
1417    6.49620008469
1419    6.56407308578
1428    6.60179805756
1428    6.62971186638
1435    6.66231989861
1412    6.6936109066
1499    6.72456097603
1432    6.75536799431
1422    6.7882270813
1420    6.81984806061
1412    6.85044908524
1397    6.88413190842
1416    6.92104387283
1529    6.96443605423
1427    7.00259494781
1409    7.03654098511
1433    7.0634598732
1439    7.10014891624
1555    7.12665700912
1553    7.16088294983
1439    7.19761300087
1477    7.22960305214
1498    7.26632189751
1513    7.29709386826
1531    7.3340959549
1543    7.37154889107
1539    7.40231895447
1548    7.4341480732
1546    7.47504591942
1575    7.5028860569
1580    7.53849005699
1574    7.58629202843
1676    7.62400698662
1589    7.66769790649
1567    7.69584703445
1609    7.72926998138
1560    7.77651786804
1570    7.81413197517
1548    7.84406900406
1542    7.88749909401
1525    7.93102407455
1528    7.97423386574
1502    8.01167106628
1476    8.05518507957
1445    8.0856590271
1429    8.12386107445
1408    8.16212892532
1495    8.19045090675
1347    8.21879196167
1351    8.25215101242
1329    8.28049206734
1325    8.31378698349
1279    8.34211993217
1327    8.38039088249
1297    8.41866493225
1294    8.44691300392
1278    8.47535300255
1377    8.51154494286
1279    8.53836798668
1276    8.57072401047
1298    8.60164308548
1279    8.63348293304
1295    8.67646503448
1311    8.71363401413
1295    8.75542902946
1305    8.7984380722
1299    8.82580494881
1298    8.8577940464
1432    8.9008140564
1307    8.93332099915
1416    8.97156500816
1309    9.01489400864
1429    9.05072307587
1314    9.09187197685
1332    9.12674307823
1332    9.16676497459
1330    9.19215488434
1325    9.22424387932
1308    9.26007008553
1316    9.29584789276
1318    9.3265440464
1313    9.36199808121
1307    9.39856290817
1273    9.4347178936
1276    9.47785592079
1298    9.5164039135
1271    9.55906105042
1263    9.59728288651
1247    9.6310210228
1248    9.66170501709
1243    9.69247603416
1244    9.72399306297
1233    9.75489091873
1247    9.78310394287
1249    9.81954693794
1210    9.86084294319
1231    9.88822007179
1231    9.93121504784
1195    9.96951293945
1161    9.99776506424
1178    10.034870863
1166    10.060749054
1135    10.0930149555
1127    10.1266679764
1128    10.1647889614
1127    10.1976840496
1127    10.2409639359
1091    10.2945699692
1082    10.3280940056
1080    10.356621027
1082    10.3942620754
1140    10.4333310127
1075    10.4624490738
1082    10.4964768887
1079    10.5306370258
1119    10.554792881
1114    10.5888600349
1194    10.619946003
1113    10.6465339661
1113    10.6796019077
1133    10.7229590416
1117    10.761013031
1136    10.7975840569
1169    10.8242239952
1151    10.8561248779
1112    10.887912035
1112    10.9191100597
1096    10.9558129311
1095    10.9873669147
1131    11.0280320644
1119    11.0587179661
1115    11.0952839851
1117    11.1330909729
1100    11.1643240452
1023    11.1961810589
1023    11.2392280102
1023    11.2730600834
1010    11.3019778728
1127    11.3458490372
1108    11.3745548725
1016    11.4032618999
1110    11.4370450974
1005    11.4808390141
997    11.504472971
1011    11.539329052
1023    11.5699679852
1023    11.5978629589
1023    11.6339309216
992    11.6651060581
1008    11.7086338997
1023    11.7518548965
1023    11.7792720795
1023    11.8152968884
1023    11.8587739468
1023    11.8954920769
1023    11.927136898
1063    11.9587249756
1061    11.9865150452
1082    12.0197210312
1078    12.0485229492
1078    12.0808169842
1076    12.1195409298
1195    12.1630690098
1094    12.2014319897
1195    12.2448840141
1107    12.2833549976
1108    12.3266198635
1144    12.3678369522
1145    12.4060540199
1143    12.4379000664
1143    12.4846348763
1166    12.5265460014
1197    12.5646429062
1164    12.6181988716
1146    12.6575598717
1162    12.6957800388
1145    12.7390599251
1199    12.7776699066
1191    12.8262410164
1198    12.8643839359
1177    12.9052948952
1207    12.9487168789
1213    12.9875330925
1180    13.0266990662
1180    13.066783905
1198    13.1052670479
1214    13.1480748653
1325    13.1873300076
1210    13.2356059551
1228    13.2689769268
1228    13.3023738861
1246    13.3461499214
1248    13.3785760403
1252    13.4043550491
1242    13.4350459576
1231    13.4710700512
1243    13.5045609474
1244    13.5481469631
1261    13.5913770199
1244    13.6249248981
1266    13.6603739262
1260    13.6869649887
1263    13.7204990387
1264    13.7512140274
1260    13.7804119587
1278    13.8149330616
1260    13.8584868908
1279    13.8969070911
1261    13.9321370125
1275    13.9698638916
1294    14.0150308609
1259    14.0533108711
1276    14.0796670914
1279    14.1178619862
1273    14.141092062
1277    14.1792750359
1279    14.2179269791
1279    14.2487239838
1400    14.2806608677
1279    14.3183588982
1299    14.3565559387
1277    14.3842000961
1277    14.4172079563
1295    14.4485590458
1279    14.4800519943
1277    14.5146989822
1295    14.5533530712
1392    14.6017329693
1276    14.6449790001
1417    14.6737380028
1377    14.712471962
1311    14.7453420162
1279    14.7784850597
1277    14.821434021
1390    14.8532679081
1299    14.8820159435
1311    14.9142320156
1311    14.9577310085
1294    15.0008010864
1279    15.0357270241
1316    15.0606629848
1311    15.0925700665
1279    15.1257939339
1412    15.1589200497
1298    15.1896700859
1311    15.2312500477
1317    15.2669839859
1279    15.3029370308
1279    15.3442690372
1294    15.3824360371
1268    15.4143619537
1262    15.4572598934
1278    15.499655962
1263    15.5429859161
1267    15.5813219547
1275    15.6245288849
1305    15.6613938808
1276    15.6947879791
1273    15.7232100964
1279    15.7690839767
1249    15.8066029549
1268    15.8331949711
1366    15.8651509285
1214    15.897051096
1216    15.9281470776
1207    15.9690499306
1227    16.0123050213
1311    16.0553200245
1182    16.0810098648
1211    16.134073019
1173    16.1674599648
1144    16.2005720139
1144    16.2259950638
1250    16.2640190125
1160    16.3013439178
1149    16.3339519501
1111    16.3713269234
1210    16.3993148804
1295    16.4372029305
1209    16.4751639366
1191    16.5131058693
1228    16.5460720062
1213    16.5790250301
1264    16.6068608761
1261    16.6398150921
1279    16.6777908802
1272    16.7007670403
1368    16.7387080193
1294    16.766587019
1279    16.7945249081
1393    16.837542057
1408    16.8709950447
1279    16.9191038609
1334    16.9773728848
1352    17.019452095
1310    17.0575399399
1414    17.0892698765
1297    17.1199519634
1318    17.1506209373
1311    17.1865348816
1295    17.2247929573
1279    17.2555198669
1360    17.2905089855
1261    17.3253409863
1278    17.3653180599
1264    17.3889019489
1268    17.4238910675
1295    17.4564750195
1279    17.490062952
1279    17.5211999416
