1068    0.0481340885162
1158    0.0898830890656
1065    0.125947952271
1059    0.158964157104
1063    0.1869161129
1061    0.22026515007
1064    0.263411998749
1073    0.301179170609
1077    0.344820022583
1081    0.383315086365
1081    0.415038108826
1173    0.447829008102
1058    0.480690956116
1159    0.523836135864
1055    0.560070037842
1078    0.601087093353
1048    0.631919145584
1139    0.673320055008
1081    0.71192407608
1061    0.755373001099
1058    0.793817043304
1077    0.822220087051
1081    0.855133056641
1059    0.882897138596
1055    0.917402982712
1076    0.95937204361
1076    0.992359161377
1076    1.02066993713
1055    1.06448316574
1023    1.10300707817
1076    1.13092708588
1023    1.16477203369
1083    1.1998269558
1061    1.23825502396
1084    1.27008008957
1081    1.3020939827
1151    1.34450697899
1062    1.3744969368
1063    1.41454601288
1139    1.44465613365
1063    1.46957802773
1068    1.50457000732
1083    1.53451013565
1080    1.56950807571
1065    1.59939813614
1138    1.62935614586
1058    1.66448807716
1079    1.69451713562
1081    1.72442793846
1076    1.7592561245
1060    1.81425309181
1067    1.85413813591
1023    1.89400100708
1068    1.92379808426
1058    1.95378398895
1059    1.98872494698
1023    2.01845693588
1064    2.05809211731
1151    2.10470700264
1058    2.14830303192
1080    2.19175505638
1074    2.22965717316
1060    2.27312207222
1080    2.31598114967
1173    2.36461496353
1080    2.408244133
1078    2.44467616081
1176    2.48153305054
1078    2.5149230957
1078    2.55191397667
1066    2.58265304565
1080    2.61086916924
1082    2.64852499962
1067    2.69138598442
1055    2.72942209244
1078    2.7726919651
1079    2.81580305099
1067    2.84196400642
1064    2.87264609337
1082    2.90448498726
1072    2.94743013382
1063    2.98015809059
1023    3.00786304474
1023    3.05100107193
1023    3.08917212486
1061    3.13183116913
1151    3.17502212524
1078    3.21156001091
1099    3.24309706688
1130    3.28629803658
1113    3.32960295677
1143    3.3677110672
1238    3.39585709572
1131    3.43108201027
1168    3.47215795517
1165    3.51007294655
1151    3.54103016853
1143    3.5791349411
1146    3.61206698418
1143    3.66069197655
1130    3.68444395065
1143    3.72342610359
1219    3.76187515259
1131    3.79208612442
1124    3.8357360363
1113    3.87671208382
1145    3.91500806808
1205    3.94317102432
1113    3.98071408272
1208    4.02053713799
1112    4.06409215927
1108    4.09721398354
1117    4.13220405579
1116    4.16241312027
1114    4.19578194618
1109    4.23871517181
1100    4.27284812927
1100    4.29752016068
1099    4.33269500732
1146    4.36339616776
1150    4.3943669796
1151    4.42308211327
1113    4.46006703377
1112    4.49801111221
1131    4.52915096283
1204    4.56127405167
1175    4.60000395775
1125    4.62879514694
1136    4.66335606575
1134    4.71434402466
1133    4.74802899361
1112    4.78652596474
1131    4.81790494919
1115    4.86119794846
1145    4.90472102165
1129    4.94232010841
1145    4.98534297943
1142    5.02864408493
1142    5.06723308563
1129    5.11569595337
1141    5.15410995483
1223    5.1923160553
1124    5.22550916672
1145    5.26824998856
1144    5.30665397644
1144    5.35003995895
1127    5.3880200386
1223    5.4309990406
1143    5.47252202034
1131    5.50590109825
1207    5.54376196861
1142    5.57579708099
1132    5.6075630188
1144    5.63588809967
1236    5.66837406158
1147    5.69652509689
1147    5.72953510284
1205    5.76149606705
1123    5.7897670269
1129    5.83824396133
1240    5.87138700485
1145    5.90966796875
1126    5.95272397995
1164    5.98829197884
1134    6.01886916161
1151    6.04963517189
1147    6.08042311668
1128    6.1160800457
1239    6.15679216385
1117    6.19254994392
1226    6.22578406334
1132    6.26928806305
1143    6.30770897865
1166    6.3382601738
1229    6.36954116821
1157    6.40050601959
1115    6.44321203232
1125    6.47089099884
1221    6.50406098366
1127    6.53461098671
1150    6.57512998581
1132    6.60076093674
1129    6.63638210297
1130    6.66356706619
1114    6.69219112396
1112    6.71499109268
1133    6.75773000717
1150    6.79592299461
1112    6.82905912399
1112    6.86227893829
1132    6.90047907829
1151    6.93225097656
1146    6.96789002419
1133    7.00300097466
1129    7.0315310955
1095    7.07467103004
1116    7.12297511101
1109    7.15625596046
1139    7.19973611832
1126    7.23773312569
1142    7.26867794991
1129    7.29689097404
1129    7.32988500595
1229    7.36271595955
1135    7.40118002892
1134    7.4373550415
1113    7.47379612923
945    7.51713514328
722    7.5472111702
719    7.57859015465
649    7.62159800529
696    7.65171408653
511    7.68446803093
570    7.72723507881
551    7.77061605453
511    7.81055808067
582    7.84291911125
648    7.8807091713
848    7.91333198547
842    7.95163202286
927    7.9823679924
1050    8.01404500008
1080    8.05711913109
1082    8.09907412529
1096    8.13727402687
1095    8.18091416359
1099    8.20826911926
1176    8.25112700462
879    8.28980016708
568    8.32148504257
563    8.3543741703
370    8.39787507057
462    8.44122099876
426    8.47854304314
424    8.5071041584
387    8.54092907906
355    8.57188010216
391    8.61988997459
441    8.65930199623
536    8.69768309593
458    8.7306330204
459    8.77926301956
461    8.81619310379
442    8.85766911507
425    8.88421702385
420    8.91707205772
459    8.94509911537
497    8.98397612572
552    9.00778198242
547    9.0366499424
632    9.08055615425
893    9.1143579483
1148    9.14365315437
1372    9.18654704094
1279    9.22934794426
1307    9.27250814438
1279    9.3109331131
1309    9.3490459919
1276    9.37917709351
1263    9.41000413895
1279    9.44606995583
1272    9.47943997383
1300    9.51777601242
1297    9.55560517311
1279    9.59882998466
1263    9.63698101044
1247    9.67535209656
1246    9.71875500679
1248    9.76186394691
1263    9.78687500954
1260    9.8145430088
1244    9.85729193687
1249    9.88275909424
1244    9.91607904434
1248    9.94949507713
1262    9.99521398544
1226    10.0282700062
1245    10.0617890358
1246    10.0941181183
1245    10.1213340759
1322    10.1535990238
1334    10.19592309
1223    10.2333209515
1227    10.2706980705
1227    10.303123951
1211    10.330463171
1212    10.3679361343
1226    10.3953239918
1229    10.4277310371
1216    10.4601271152
1212    10.4875431061
1230    10.5197660923
1321    10.5618519783
1196    10.5941700935
1228    10.6215009689
1209    10.6639060974
1199    10.6964130402
1190    10.7247850895
1213    10.7585430145
1196    10.8019161224
1211    10.8403201103
1195    10.8720879555
1183    10.9087531567
1217    10.9502470493
1181    10.9834959507
1180    11.0151460171
1182    11.0458459854
1177    11.0764579773
1195    11.1071200371
1162    11.1352040768
1151    11.173306942
1150    11.2162370682
1181    11.2542450428
1183    11.2898099422
1183    11.3202290535
1176    11.365128994
1196    11.4039490223
1160    11.4471640587
1180    11.4855000973
1164    11.5134711266
1165    11.5483281612
1177    11.5917711258
1161    11.6245980263
1176    11.66101408
1162    11.6933209896
1142    11.7365641594
1167    11.7790541649
1159    11.8171141148
1161    11.8453979492
1162    11.8781530857
1163    11.9108309746
1132    11.9532260895
1165    11.9836740494
1161    12.0139110088
1150    12.0438539982
1274    12.0794270039
1147    12.1055631638
1178    12.144135952
1161    12.1875319481
1157    12.2337450981
1179    12.2770941257
1164    12.3104860783
1159    12.3533451557
1178    12.3856980801
1181    12.4186830521
1180    12.4452040195
1179    12.4774980545
1179    12.5091049671
1166    12.5409400463
1182    12.5843000412
1196    12.6227121353
1209    12.6562800407
1176    12.6846499443
1196    12.7177050114
1213    12.7503149509
1211    12.7939310074
1193    12.8206689358
1199    12.8532040119
1198    12.8884580135
1182    12.9364020824
1279    12.9664421082
1194    13.002325058
1308    13.0391030312
1177    13.0728089809
1168    13.0965540409
1164    13.12038517
1260    13.1591100693
1162    13.197961092
1259    13.22174716
1197    13.2655000687
1145    13.3059430122
1179    13.3416690826
1168    13.3664340973
1160    13.3999290466
1159    13.4302871227
1146    13.4619920254
1160    13.4919350147
1180    13.5201239586
1178    13.5585589409
1159    13.5970489979
1164    13.6375551224
1177    13.663367033
1161    13.7016501427
1182    13.7399749756
1166    13.7834720612
1160    13.8216781616
1160    13.8648300171
1181    13.9026579857
1151    13.9341890812
1149    13.9733691216
1128    14.0188169479
1161    14.0619020462
1150    14.088050127
1149    14.1195371151
1165    14.1502950191
1136    14.1814990044
1129    14.2139670849
1222    14.2463350296
1219    14.2743091583
1160    14.3073041439
1158    14.3372769356
1167    14.3750641346
1163    14.4185070992
1161    14.4617409706
1130    14.5005700588
1123    14.543282032
1145    14.586327076
1165    14.6231451035
1163    14.6619269848
1126    14.6858029366
1183    14.7194881439
1272    14.7483019829
1151    14.7820601463
1145    14.8208050728
1236    14.8495640755
1166    14.8832299709
1165    14.9168829918
1165    14.9504621029
1161    14.9841821194
1160    15.0179719925
1182    15.0417850018
1167    15.0755929947
1164    15.1093540192
1162    15.1480879784
1183    15.1819040775
1148    15.2206499577
1149    15.2493121624
1253    15.2830531597
1158    15.311920166
1178    15.340857029
1169    15.3769381046
1167    15.415115118
1163    15.448043108
1189    15.48843503
1194    15.5202970505
1268    15.5531260967
1279    15.5961821079
1199    15.620620966
1160    15.654665947
1191    15.6828391552
1192    15.7178070545
1160    15.7529630661
1197    15.7911031246
1216    15.8341140747
1178    15.877120018
1179    15.9154510498
1183    15.9536271095
1178    15.9802861214
1194    16.0133190155
1177    16.0562829971
1267    16.0825769901
1161    16.1179831028
1178    16.1615281105
1190    16.1997611523
1162    16.2280991077
1167    16.274889946
1195    16.3131079674
1279    16.3565630913
1151    16.3991820812
1144    16.4372680187
1235    16.4802701473
1128    16.5231180191
1161    16.5463540554
1133    16.5824830532
1142    16.6173689365
1167    16.6573381424
1132    16.6821379662
1128    16.7170231342
1145    16.7518930435
1123    16.7971470356
1091    16.831099987
1128    16.8629209995
1206    16.9061670303
1099    16.9359929562
1077    16.9658479691
1114    17.0006120205
1114    17.042937994
1082    17.0703570843
1082    17.0978519917
1112    17.1304280758
1091    17.1632909775
1091    17.1908590794
1093    17.2232670784
1079    17.2570309639
1192    17.281484127
1148    17.3159489632
1112    17.3482489586
1132    17.3805639744
1129    17.4178869724
1128    17.445453167
1094    17.4928369522
1077    17.5307011604
