2240    0.0485639572144
2243    0.0767428874969
2250    0.112720966339
2242    0.156194925308
2242    0.21511888504
2250    0.244253873825
2244    0.275373935699
2242    0.309767007828
2236    0.348299026489
2352    0.376657009125
2253    0.408395051956
2256    0.446733951569
2264    0.484242916107
2363    0.523885965347
2256    0.564908027649
2257    0.603390932083
2257    0.633900880814
2263    0.679343938828
2255    0.717751026154
2353    0.760886907578
2248    0.803926944733
2265    0.827415943146
2268    0.865980863571
2260    0.894407987595
2260    0.932862043381
2257    0.961349964142
2257    0.994781970978
2253    1.02374005318
2265    1.05642795563
2273    1.10039901733
2280    1.13846206665
2264    1.16950798035
2284    1.20099496841
2268    1.25086092949
2276    1.28991103172
2275    1.32331204414
2274    1.36630702019
2283    1.39187097549
2270    1.42750501633
2269    1.47011590004
2267    1.50735187531
2373    1.53923106194
2272    1.5823340416
2288    1.62073898315
2287    1.65411901474
2286    1.69084787369
2286    1.73273396492
2293    1.75960803032
2288    1.7914018631
2288    1.82370090485
2289    1.85607290268
2277    1.88846302032
2286    1.92118597031
2279    1.94973087311
2294    1.98220801353
2286    2.01544594765
2291    2.0637049675
2287    2.10145688057
2379    2.13459205627
2303    2.17818307877
2297    2.21647000313
2301    2.24374699593
2400    2.27518296242
2296    2.30388092995
2293    2.33889603615
2300    2.3836710453
2302    2.41172790527
2303    2.44198894501
2313    2.47800803185
2395    2.53703904152
2303    2.56980609894
2292    2.61330604553
2403    2.64013791084
2326    2.67193698883
2320    2.71564102173
2325    2.75808787346
2316    2.78552699089
2317    2.81805205345
2316    2.85091090202
2320    2.89420700073
2327    2.9251730442
2318    2.95626306534
2325    2.9997780323
2323    3.05344510078
2318    3.09648489952
2320    3.14001703262
2324    3.17315196991
2342    3.20835089684
2334    3.26758408546
2422    3.30154705048
2425    3.3346529007
2340    3.37052702904
2331    3.40629291534
2342    3.43709802628
2341    3.467897892
2429    3.49838709831
2435    3.53158307076
2445    3.57431197166
2350    3.61764597893
2453    3.65779304504
2352    3.69598507881
2357    3.7268409729
2451    3.77024197578
2355    3.83471393585
2355    3.86317491531
2356    3.90168309212
2352    3.94011902809
2355    3.97399687767
2350    4.01183009148
2363    4.05386400223
2366    4.09687900543
2375    4.1228621006
2374    4.17129397392
2373    4.20851898193
2371    4.2423350811
2360    4.28048706055
2358    4.31501698494
2363    4.35313606262
2462    4.38654494286
2356    4.41483402252
2369    4.45127296448
2377    4.47811698914
2363    4.51013588905
2389    4.54467701912
2384    4.58455109596
2379    4.64258098602
2389    4.67991900444
2384    4.710490942
2387    4.74608206749
2382    4.78685688972
2380    4.82890295982
2388    4.85467410088
2376    4.89313387871
2389    4.92966294289
2379    4.9729809761
2380    5.01076102257
2380    5.04396486282
2380    5.08170795441
2485    5.12258005142
2359    5.15064907074
2361    5.18362998962
2367    5.21683001518
2374    5.24504494667
2359    5.27828502655
2358    5.30643701553
2462    5.34632706642
2371    5.38105297089
2362    5.40854501724
2383    5.45258998871
2388    5.47732186317
2486    5.51602697372
2380    5.54935097694
2382    5.5733859539
2382    5.62061786652
2382    5.64770793915
2377    5.69165205956
2387    5.73429989815
2378    5.77708601952
2381    5.81416893005
2379    5.84254193306
2486    5.87892007828
2388    5.91756892204
2392    5.96087694168
2392    6.00501489639
2395    6.03249192238
2401    6.0595510006
2396    6.10793709755
2393    6.17105793953
2393    6.20691394806
2380    6.21243405342
2384    6.24173092842
0    6.27239203453
2388    6.27778100967
2485    6.30795288086
0    6.33976006508
2382    6.34594798088
2377    6.37448096275
2382    6.42130088806
2381    6.44927787781
2390    6.49716901779
2397    6.52573299408
2397    6.55881500244
2394    6.60218191147
2398    6.6450240612
2407    6.66833901405
2398    6.70394396782
2393    6.73583102226
2486    6.77936697006
2398    6.81817793846
2395    6.85144686699
2396    6.90503001213
2390    6.9387280941
2403    6.97184586525
2409    7.01507496834
2419    7.04576992989
2433    7.07635593414
2425    7.10700201988
2420    7.13766598701
2525    7.16843008995
2423    7.2041618824
2416    7.24465799332
2400    7.28246808052
2411    7.32269001007
2394    7.35304093361
2388    7.38613200188
2486    7.41862988472
2389    7.48180294037
2389    7.53470802307
2406    7.54274606705
2392    7.5829410553
0    7.61646294594
2403    7.62290406227
2392    7.65907692909
0    7.6965200901
2393    7.70328187943
2500    7.73289895058
2491    7.77784204483
2396    7.80262899399
2407    7.83888697624
2486    7.88164901733
2396    7.9259929657
2394    7.98216891289
2394    8.01487207413
2395    8.01694107056
2393    8.04426908493
2393    8.08581590652
2402    8.11337900162
2402    8.14521598816
2398    8.17318105698
2403    8.21083498001
2405    8.2377409935
2402    8.27032804489
2492    8.31362605095
2488    8.34828805923
2392    8.37779188156
2408    8.41234493256
2406    8.45002007484
2397    8.48298501968
2403    8.51680493355
2394    8.55713796616
2387    8.59523391724
2409    8.62592387199
2502    8.66050100327
2419    8.7020778656
2503    8.73568606377
2408    8.77389788628
2408    8.81930208206
2417    8.85283493996
2401    8.88710999489
2409    8.92998290062
2407    8.96562600136
2507    8.99894094467
2505    9.02698993683
2418    9.05933308601
2504    9.09825491905
2404    9.13655900955
2392    9.16491603851
2391    9.19700288773
2402    9.2332201004
2479    9.2704949379
2390    9.30370092392
2399    9.33639502525
2403    9.38486003876
2396    9.41837692261
2406    9.45401906967
2397    9.48467707634
2404    9.5152618885
2384    9.55066108704
2482    9.58873009682
2389    9.6193549633
2390    9.65517306328
2379    9.69703793526
2376    9.73539090157
2380    9.77780008316
2381    9.81020498276
2378    9.84773302078
2384    9.87522006035
2377    9.90755987167
2365    9.94044804573
2363    9.97076892853
2372    10.0124249458
2365    10.0457880497
2365    10.0887920856
2458    10.1328039169
2374    10.1651129723
2363    10.1988310814
2359    10.2420799732
2465    10.2688319683
2366    10.3020429611
2367    10.3346700668
2359    10.366617918
2341    10.4101419449
2446    10.4484889507
2350    10.5048539639
2458    10.5384719372
2349    10.5712120533
2454    10.6102969646
2352    10.6495099068
2361    10.6836590767
2360    10.7079200745
2338    10.7419879436
2332    10.7761230469
2331    10.8103978634
2428    10.8544778824
2339    10.8937189579
2341    10.9178800583
2329    10.9522249699
2341    10.9915060997
2335    11.0157809258
2338    11.0548400879
2331    11.0990099907
2341    11.1381509304
2437    11.1622769833
2314    11.2014000416
2317    11.240653038
2419    11.2698380947
2320    11.3039240837
2414    11.3328359127
2323    11.3721139431
2303    11.4012920856
2311    11.4354259968
2313    11.4696350098
2323    11.5087530613
2326    11.5331289768
2324    11.5691659451
2316    11.601074934
2406    11.633658886
2313    11.6772010326
2315    11.7104079723
2316    11.748265028
2316    11.7795269489
2324    11.8112709522
2313    11.8430008888
2303    11.8947589397
2310    11.931524992
2309    11.9580430984
2303    11.9896728992
2303    12.0212130547
2292    12.0541858673
2293    12.0973398685
2406    12.1304960251
2300    12.161397934
2302    12.1966300011
2303    12.2235360146
2301    12.258056879
2301    12.3017570972
2399    12.3398709297
2309    12.369811058
2295    12.40158391
2286    12.432049036
2284    12.4724800587
2388    12.498390913
2289    12.530919075
2286    12.5760080814
2290    12.6193959713
2288    12.6604850292
2284    12.6937558651
2289    12.736905098
2286    12.7807149887
2278    12.8139259815
2298    12.8509888649
2283    12.8767678738
2266    12.9084150791
2277    12.9465398788
2369    12.9885809422
2272    13.0270619392
2375    13.0590670109
2272    13.0917990208
2271    13.1350910664
2275    13.1605110168
2275    13.1966559887
2270    13.2426319122
2272    13.2680680752
2276    13.299587965
2280    13.3313519955
2263    13.3544900417
2275    13.3928411007
2268    13.4309549332
2274    13.4614520073
2259    13.4895629883
2256    13.5231568813
2255    13.5667040348
2255    13.5936880112
2362    13.6266300678
2265    13.656799078
2258    13.6949970722
2264    13.7369818687
2261    13.7686998844
2250    13.8001730442
2265    13.8315970898
2256    13.8739080429
2258    13.9168488979
2257    13.9459269047
2252    13.9846220016
2261    14.0217139721
2248    14.0592210293
2348    14.1026990414
2255    14.1408350468
2265    14.1728289127
2251    14.2211070061
2258    14.2577109337
2263    14.2835249901
2360    14.3213880062
2253    14.3590810299
2250    14.3899800777
2250    14.425000906
2247    14.4549260139
2263    14.496309042
2235    14.5342788696
2260    14.5631890297
2255    14.5961780548
2241    14.6393818855
2347    14.682749033
2236    14.7253880501
2251    14.7638270855
2248    14.8069779873
2240    14.8501739502
2244    14.8833379745
2241    14.9203500748
2247    14.9521920681
2249    14.9842340946
2240    15.0148739815
2249    15.0458219051
2244    15.0891180038
2243    15.1323699951
2249    15.15802598
2250    15.1936430931
2241    15.2294499874
2245    15.2673099041
2243    15.3106660843
2244    15.3442230225
2242    15.3798449039
2247    15.4059438705
2264    15.4423220158
2248    15.4810628891
2255    15.5243709087
2248    15.5656440258
2251    15.6090750694
2254    15.6426920891
2265    15.6813080311
2255    15.7195079327
2260    15.7501759529
2252    15.7828600407
2240    15.8202629089
2244    15.8534040451
2244    15.8966338634
2232    15.9397618771
2240    15.9780619144
2251    16.0326230526
2240    16.0653319359
2320    16.0936219692
2241    16.1275720596
2227    16.1558990479
2227    16.1889379025
2329    16.2212259769
2234    16.2521898746
2234    16.2850739956
2236    16.3219869137
2225    16.3552029133
2234    16.3921980858
2316    16.4391140938
2227    16.4825890064
2235    16.5097289085
2236    16.5453970432
2235    16.570086956
2232    16.6048140526
2217    16.634376049
2235    16.6689169407
2226    16.7136418819
2227    16.7521190643
2222    16.7803320885
2230    16.812319994
2227    16.8441479206
2225    16.8759288788
2224    16.9087240696
2231    16.9368929863
2237    16.9733560085
2232    17.0162909031
2240    17.0547440052
2254    17.0865430832
2244    17.1291019917
2252    17.169426918
2242    17.2080979347
2250    17.2411990166
2251    17.268132925
2240    17.3004999161
2240    17.3289110661
2241    17.3581309319
2245    17.3914110661
2249    17.4270238876
2244    17.4525949955
2237    17.4837548733
2233    17.5214428902
