440    0.0323328971863
443    0.0647070407867
459    0.0976600646973
460    0.128936052322
473    0.16640496254
479    0.200027942657
473    0.245485067368
472    0.277848958969
477    0.306133985519
479    0.338614940643
475    0.371432065964
459    0.401887893677
461    0.434900045395
561    0.462476015091
461    0.495079994202
461    0.527523040771
468    0.554868936539
460    0.597887992859
458    0.645459890366
459    0.683881044388
441    0.727349042892
441    0.769155025482
478    0.793711900711
476    0.828180074692
476    0.863138914108
474    0.902440071106
474    0.945910930634
478    0.971754074097
476    1.01534199715
477    1.05272388458
476    1.094217062
476    1.13768792152
575    1.18106603622
474    1.21932506561
476    1.2612888813
581    1.29507994652
579    1.32388091087
475    1.36590409279
476    1.40107798576
475    1.43624091148
477    1.47022604942
474    1.50994992256
479    1.54484987259
491    1.59307789803
495    1.63857698441
495    1.67082190514
492    1.69811987877
497    1.73040890694
494    1.75773596764
491    1.78518891335
495    1.81259393692
497    1.84997797012
495    1.87731790543
494    1.90959405899
490    1.94200897217
476    1.9693570137
479    2.00168395042
478    2.04394292831
478    2.08137202263
495    2.11880302429
494    2.15622186661
493    2.18357396126
475    2.21588206291
474    2.24825000763
493    2.28068900108
493    2.31304597855
495    2.35032200813
511    2.3876888752
511    2.42011094093
548    2.44751691818
583    2.48486685753
599    2.5172560215
618    2.54472494125
634    2.58252000809
633    2.615680933
650    2.65346693993
649    2.67748999596
649    2.71065998077
634    2.74850606918
629    2.78675699234
634    2.8210849762
733    2.85994005203
618    2.8955450058
611    2.93123888969
603    2.96179509163
601    2.99364304543
580    3.03694105148
547    3.07537603378
511    3.10699295998
492    3.13784098625
461    3.16875195503
492    3.20442891121
511    3.24629092216
511    3.28396487236
511    3.31532692909
511    3.34689903259
511    3.39088892937
511    3.41734409332
510    3.4521150589
511    3.47951388359
610    3.5118970871
496    3.54422402382
495    3.58158397675
493    3.60894989967
493    3.6412858963
575    3.67867994308
475    3.72605991364
560    3.75368905067
459    3.79116106033
457    3.82854795456
559    3.86170291901
456    3.90498805046
461    3.9369790554
456    3.97067689896
459    4.01451706886
460    4.04706192017
462    4.08056306839
461    4.10884308815
457    4.14170503616
456    4.17671895027
455    4.21983885765
458    4.2632060051
460    4.30151891708
458    4.32897400856
459    4.36474990845
460    4.3996899128
456    4.42962098122
480    4.46461486816
477    4.49973201752
474    4.53325104713
493    4.56142902374
510    4.59650301933
561    4.62669801712
531    4.65939092636
532    4.70290088654
550    4.73627400398
549    4.77276086807
649    4.8085808754
511    4.84212589264
511    4.87561106682
530    4.89912796021
531    4.93433094025
531    4.96667098999
511    5.00906085968
511    5.03631496429
511    5.07918190956
511    5.11253786087
511    5.1460750103
511    5.18492698669
511    5.22830104828
508    5.27675104141
511    5.31318187714
494    5.34733605385
497    5.38410806656
489    5.41735100746
493    5.44501900673
495    5.48081803322
495    5.51341605186
496    5.54183793068
493    5.57531094551
510    5.60918188095
511    5.65002894402
511    5.68068885803
511    5.71124601364
511    5.74668002129
511    5.78244400024
511    5.82430696487
511    5.86111402512
497    5.89282798767
494    5.92483091354
489    5.95716905594
494    5.98985099792
493    6.0167798996
493    6.05495095253
493    6.09750199318
495    6.13328289986
496    6.17915296555
494    6.22158908844
490    6.25967502594
489    6.29112696648
496    6.32273101807
495    6.35361003876
495    6.38517189026
494    6.41759896278
511    6.46437096596
509    6.49680685997
510    6.52911901474
511    6.56169390678
615    6.59835195541
511    6.62994408607
511    6.66153287888
511    6.69437408447
511    6.72602796555
627    6.7714650631
511    6.80400586128
629    6.83135390282
511    6.86082386971
511    6.89627099037
511    6.92862486839
511    6.95613002777
511    6.9901330471
511    7.02841901779
511    7.05667805672
511    7.09005403519
511    7.12267994881
509    7.15998196602
494    7.1971719265
495    7.23799586296
492    7.26622009277
490    7.30706191063
596    7.33838295937
490    7.38180208206
492    7.41982889175
492    7.45397901535
491    7.48322892189
594    7.51733398438
493    7.55645298958
498    7.59043288231
493    7.62333106995
498    7.66711497307
495    7.70064997673
494    7.73636102676
493    7.76407003403
575    7.79571890831
494    7.82404303551
479    7.86249709129
478    7.90307092667
498    7.92793393135
495    7.96236801147
476    8.00510191917
575    8.04013705254
476    8.08022093773
475    8.11531090736
477    8.14038205147
476    8.17556786537
472    8.2191388607
474    8.24600601196
477    8.30196905136
575    8.32925891876
478    8.36168503761
473    8.39910507202
475    8.42714595795
474    8.46112895012
474    8.48651409149
476    8.52363395691
477    8.55030298233
574    8.58429098129
478    8.61094689369
593    8.66225194931
597    8.70031094551
494    8.73814988136
491    8.76895499229
494    8.80161786079
612    8.84814691544
509    8.89057803154
511    8.92833089828
511    8.95937395096
509    9.00198793411
509    9.0293109417
508    9.07165908813
507    9.09606289864
511    9.1292090416
511    9.16037797928
507    9.20333790779
511    9.2321100235
511    9.26540589333
510    9.31390190125
511    9.35761904716
508    9.3965420723
511    9.43407392502
611    9.4613199234
509    9.48877191544
511    9.52634096146
511    9.55885100365
511    9.59638690948
511    9.63404393196
507    9.66653203964
611    9.69939398766
508    9.73266291618
511    9.75849986076
511    9.79130101204
508    9.8344168663
510    9.87670207024
511    9.90462708473
511    9.9370610714
511    9.98116397858
511    10.0270960331
511    10.0646419525
511    10.0996248722
511    10.139605999
511    10.174683094
511    10.201736927
511    10.2403190136
510    10.2837998867
511    10.3371589184
511    10.3704109192
511    10.4028918743
511    10.4348530769
507    10.477670908
612    10.5054268837
511    10.5373718739
511    10.5690209866
511    10.5946500301
511    10.6263980865
510    10.6628808975
511    10.6960670948
511    10.7342998981
511    10.7675988674
510    10.8081719875
511    10.8345439434
511    10.8695058823
511    10.9132089615
511    10.9516260624
511    10.9925038815
511    11.0309920311
511    11.0591669083
511    11.0958440304
511    11.1215760708
495    11.1577620506
511    11.1839530468
511    11.2172179222
511    11.2477829456
511    11.285189867
511    11.3283009529
510    11.3523359299
494    11.3914289474
509    11.4256548882
508    11.4604699612
508    11.4934718609
511    11.524034977
496    11.5574278831
511    11.5958340168
511    11.6242849827
511    11.6574149132
511    11.6974329948
510    11.7232658863
497    11.7609939575
495    11.8196060658
595    11.8580510616
609    11.9013819695
496    11.9268028736
592    11.9599559307
496    11.9913599491
495    12.0243930817
495    12.0526120663
593    12.0985980034
496    12.1369540691
495    12.1649270058
493    12.1975269318
597    12.2293179035
495    12.2608249187
496    12.2919549942
494    12.3253490925
495    12.3534779549
492    12.4017310143
594    12.4449388981
496    12.4868519306
495    12.5251948833
497    12.5607299805
495    12.5984580517
494    12.6303038597
495    12.6623580456
491    12.7060289383
493    12.744811058
494    12.7833969593
591    12.8269000053
495    12.8536720276
494    12.8856139183
493    12.9188830853
496    12.9491178989
494    12.9923019409
497    13.0202388763
590    13.0537319183
593    13.0874869823
492    13.1299700737
495    13.1555600166
496    13.1963210106
594    13.2345778942
493    13.2812869549
491    13.3062648773
595    13.3436639309
492    13.3817980289
495    13.4127528667
497    13.443625927
494    13.4869339466
493    13.5143289566
493    13.5621840954
494    13.6021409035
497    13.6272878647
492    13.6593198776
492    13.693543911
493    13.7370150089
495    13.7677080631
596    13.7989990711
497    13.8311970234
492    13.8631739616
492    13.9064540863
493    13.943475008
590    13.9657819271
492    13.9981410503
591    14.0355989933
494    14.0805358887
495    14.1134209633
494    14.1479918957
495    14.1859209538
495    14.2213790417
496    14.2478330135
495    14.2811069489
591    14.3171069622
494    14.3505609035
491    14.3937129974
589    14.4414589405
492    14.4741699696
493    14.5069820881
494    14.5397830009
495    14.5676660538
493    14.6004939079
493    14.6283369064
494    14.666189909
494    14.6989879608
494    14.731801033
494    14.769630909
491    14.812443018
494    14.8502650261
494    14.8779809475
495    14.9106800556
494    14.9434249401
494    14.9711959362
493    15.0040168762
495    15.0467669964
493    15.0895810127
492    15.122396946
494    15.1556119919
490    15.1989469528
490    15.2348358631
496    15.2696728706
615    15.2998099327
495    15.3381860256
495    15.3716990948
591    15.405766964
508    15.4355108738
493    15.4747059345
494    15.5096609592
591    15.5496768951
494    15.5797948837
496    15.6097369194
495    15.6447210312
491    15.6697280407
495    15.7045109272
494    15.7333390713
491    15.7666049004
497    15.8096830845
493    15.8529949188
493    15.8914649487
493    15.9347610474
492    15.9726409912
493    16.0061118603
492    16.0538768768
495    16.0897650719
494    16.1154909134
496    16.1483399868
495    16.1764678955
590    16.2156400681
493    16.2488400936
494    16.280796051
495    16.3093459606
493    16.3580629826
493    16.3917109966
493    16.4290449619
490    16.4673540592
493    16.5004138947
497    16.52541399
493    16.5641560555
489    16.6072249413
496    16.6338000298
495    16.6772449017
495    16.707679987
494    16.7393519878
492    16.7877380848
490    16.8206989765
493    16.8554210663
495    16.8851060867
496    16.9200069904
493    16.95845294
496    16.9830489159
493    17.0176279545
491    17.0523400307
494    17.0770480633
495    17.125246048
496    17.1636819839
493    17.2071299553
495    17.2330329418
511    17.2691140175
511    17.2974090576
511    17.3341810703
490    17.361027956
511    17.3964838982
609    17.4396419525
492    17.4782118797
511    17.5098180771
