1966    0.0483319759369
1956    0.0854299068451
1958    0.123505830765
2055    0.160977840424
1962    0.188217878342
1961    0.215505838394
1959    0.253167867661
1958    0.281256914139
1958    0.314465045929
1951    0.353119850159
1942    0.413408041
2046    0.451050043106
1943    0.479907035828
1943    0.519043922424
1938    0.552667856216
1935    0.586040973663
1936    0.629309892654
1949    0.672477960587
2048    0.709645032883
1937    0.737769842148
1947    0.770915031433
2043    0.799260854721
1937    0.83224606514
1941    0.865584850311
1950    0.898249864578
1939    0.941695928574
1940    0.97984290123
2042    1.01219105721
1950    1.04141688347
1944    1.07715702057
1946    1.10814404488
1945    1.15121603012
1946    1.19428992271
1953    1.2250649929
1946    1.25325393677
1942    1.28564786911
2039    1.31897306442
2037    1.36183905602
1942    1.41326999664
1940    1.45714402199
1945    1.49512887001
2045    1.52646684647
1940    1.57491183281
1946    1.6132068634
1930    1.64618706703
2033    1.67703986168
1928    1.70965695381
1929    1.74048185349
1935    1.77251887321
1928    1.81579995155
2019    1.85360383987
1921    1.88454389572
1931    1.91597604752
1925    1.94343400002
1922    1.97657394409
1920    2.00732398033
1931    2.03971791267
1934    2.06719183922
1927    2.10463786125
1923    2.13206100464
1924    2.16453504562
1925    2.19201898575
1931    2.22483205795
1923    2.26803994179
1934    2.30717587471
1934    2.36074399948
1926    2.3976829052
1933    2.42924284935
1938    2.46138906479
1931    2.50481891632
1931    2.53087806702
1936    2.56668186188
1920    2.59244704247
1928    2.62858986855
1933    2.66461586952
1927    2.70812296867
1931    2.73508191109
1932    2.78232884407
1927    2.81736898422
1932    2.85170483589
1931    2.87868285179
1927    2.91184592247
1926    2.94346904755
1928    2.97524404526
1924    3.01794600487
1929    3.05029582977
1928    3.08768486977
1931    3.10996198654
2025    3.14218997955
1931    3.173568964
2020    3.21057796478
1935    3.24758887291
1927    3.27984404564
1928    3.32323789597
1928    3.36610794067
1929    3.40298891068
1927    3.43693900108
1924    3.48001885414
1926    3.52250385284
1927    3.54895806313
1929    3.58468389511
1931    3.61220002174
1934    3.64544487
1935    3.67229700089
2027    3.70567202568
1936    3.73750185966
1942    3.78077483177
1938    3.80935788155
1951    3.84597086906
2039    3.87472200394
1942    3.92743206024
1942    3.97593688965
1945    3.98402500153
1944    4.02002286911
1942    4.03178787231
1948    4.06116104126
0    4.10352683067
1944    4.10783791542
1949    4.1444170475
0    4.18248105049
1943    4.19057202339
1943    4.2251830101
0    4.25859689713
1950    4.26484584808
1936    4.30545186996
0    4.34375405312
1947    4.35711693764
1944    4.38276696205
0    4.41122889519
1942    4.42310094833
1939    4.45142698288
0    4.48500299454
1945    4.48841691017
1942    4.51680588722
1953    4.56056189537
2055    4.59425187111
1964    4.6179959774
1962    4.64244294167
1951    4.67084884644
1954    4.71381592751
1958    4.75971198082
1964    4.80699396133
1966    4.83928894997
1951    4.88252997398
1959    4.90941286087
1958    4.94752192497
1951    4.98436784744
1960    5.01726293564
1955    5.04578399658
1960    5.07947897911
1970    5.11781287193
1960    5.16014289856
1961    5.20298194885
1959    5.24278998375
1962    5.26960206032
1951    5.30293393135
2053    5.33122587204
1961    5.3639550209
1958    5.39221191406
1963    5.42525291443
2049    5.45800495148
1961    5.49579501152
1960    5.53363704681
1958    5.56139588356
1962    5.59421396255
1959    5.62704896927
1967    5.65495705605
1960    5.68929290771
1961    5.72006893158
1969    5.7634499073
1970    5.80693101883
1982    5.83264398575
1969    5.87669587135
1984    5.92463588715
1978    5.95679187775
1974    6.00046992302
1973    6.02777791023
1980    6.06013989449
1980    6.08700895309
1984    6.12454605103
1982    6.16156005859
1980    6.19312405586
2073    6.22585105896
1974    6.26137304306
1976    6.30354690552
1981    6.34209084511
1974    6.38001298904
1974    6.42294502258
2070    6.46650385857
1976    6.50493383408
1977    6.53258800507
2070    6.56558203697
1981    6.59865093231
2079    6.62964105606
1979    6.65621304512
2078    6.69104886055
1969    6.73383688927
2068    6.77220201492
1970    6.81594896317
1997    6.84206700325
1990    6.87343001366
1996    6.90515685081
1989    6.94753885269
1990    6.99035692215
1994    7.0152900219
2001    7.05049204826
1996    7.09799289703
1991    7.12493395805
1995    7.15711092949
1989    7.2006008625
2001    7.24392795563
1993    7.28197598457
1993    7.3255109787
1990    7.36363101006
2001    7.39935183525
1996    7.43575191498
1992    7.4735519886
1991    7.51136684418
1991    7.53920793533
1990    7.57198095322
1991    7.60487699509
1991    7.63259601593
2001    7.67046999931
2008    7.69860386848
2013    7.73654198647
2013    7.76849389076
1994    7.81412887573
2005    7.84027004242
2100    7.87221503258
2003    7.91610097885
2003    7.96295905113
2006    8.00040888786
2006    8.03670191765
2004    8.08035802841
2010    8.12364792824
1998    8.16165184975
2005    8.18975806236
2005    8.22292089462
2005    8.26624488831
2006    8.30906891823
2098    8.34732604027
2004    8.39425086975
2008    8.43691802025
2010    8.47499585152
2009    8.51800894737
2025    8.55794501305
2032    8.58539390564
2015    8.62363505363
2028    8.66679096222
2022    8.69994497299
2024    8.74332690239
2024    8.78666305542
2025    8.82511591911
2029    8.8624458313
2031    8.89767694473
2023    8.94054102898
2024    8.98278284073
2019    9.01969194412
2025    9.06397891045
2029    9.10318589211
2025    9.1273329258
2020    9.16166496277
2029    9.19580006599
2021    9.22494387627
2034    9.2589468956
2019    9.29306101799
2143    9.31719183922
2046    9.35154294968
2037    9.38566589355
2140    9.41965389252
2039    9.45727992058
2036    9.48474097252
2042    9.51717591286
2036    9.54953193665
2036    9.58235001564
2036    9.6203558445
2033    9.66305398941
2037    9.69107484818
2044    9.72583293915
2139    9.77113890648
2039    9.8190870285
2044    9.84408283234
2029    9.87745404243
2035    9.92098999023
2032    9.96171593666
2035    9.98997783661
2032    10.0231759548
2048    10.0537228584
2042    10.0965030193
2040    10.1398580074
2054    10.1827559471
2058    10.2214870453
2055    10.2648069859
2040    10.3031170368
2060    10.3456008434
2055    10.3938288689
2049    10.4269919395
2057    10.458963871
2063    10.4908640385
2057    10.5386810303
2055    10.5772559643
2054    10.6202340126
2054    10.658233881
2151    10.7014808655
2147    10.7447018623
2048    10.7697038651
2049    10.8026878834
2054    10.850730896
2056    10.889261961
2063    10.9182229042
2056    10.9487109184
2059    10.9780869484
2056    11.0090839863
2062    11.0386528969
2062    11.0750699043
2050    11.1162600517
2055    11.1471810341
2058    11.1736049652
2057    11.2122118473
2057    11.2589738369
2059    11.2927658558
2057    11.3213279247
2145    11.3550188541
2047    11.3840839863
2053    11.4170229435
2048    11.4464018345
2066    11.4785358906
2146    11.5209980011
2063    11.5590310097
2056    11.5906789303
2052    11.6383998394
2060    11.6766338348
2058    11.7149610519
2058    11.7579488754
2063    11.7861158848
2053    11.8197219372
2055    11.8625600338
2049    11.8897769451
2152    11.9232139587
2062    11.9563429356
2061    11.9997160435
2063    12.0264890194
2059    12.0598020554
2058    12.09821105
2056    12.1307680607
2048    12.163285017
2063    12.1954300404
2060    12.226129055
2055    12.2580809593
2058    12.2967729568
2066    12.3279709816
2062    12.3762278557
2148    12.4129209518
2055    12.4560599327
2161    12.4860758781
2065    12.5222508907
2063    12.5563919544
2153    12.595664978
2054    12.6331789494
2056    12.6690020561
2062    12.7047669888
2156    12.7456450462
2053    12.7743220329
2151    12.8072178364
2047    12.8504760265
2049    12.9042458534
2054    12.9526469707
2057    12.9857509136
2063    13.021561861
2054    13.0599398613
2056    13.1032650471
2058    13.1466970444
2054    13.1895868778
2156    13.2320058346
2062    13.2694690228
2148    13.3128499985
2047    13.3459670544
2049    13.3842198849
2055    13.4172818661
2151    13.4605548382
2044    13.4955568314
2050    13.5283100605
2043    13.5614929199
2037    13.5948288441
2032    13.6387219429
2037    13.6763730049
2034    13.7062859535
2038    13.7427928448
2037    13.7810778618
2043    13.8145120144
2036    13.8478548527
2034    13.8909358978
2038    13.9287090302
2045    13.9601409435
2129    13.9945399761
2050    14.0185630322
2139    14.0565738678
2038    14.0845079422
2037    14.124106884
2040    14.153646946
2043    14.1883189678
2035    14.2278690338
2048    14.2625038624
2051    14.2871398926
2134    14.3269908428
2132    14.3717639446
2047    14.4013469219
2045    14.4517679214
2024    14.4950740337
2025    14.531981945
2032    14.5636940002
2022    14.6058568954
2024    14.6493048668
2028    14.6772098541
2115    14.7101459503
2120    14.738188982
2032    14.7713978291
2124    14.8020050526
2034    14.8452899456
2031    14.8737409115
2024    14.9169719219
2024    14.9604609013
2022    14.9983279705
2025    15.0364840031
2006    15.0700500011
2008    15.1017160416
2010    15.1320748329
2001    15.1607210636
2000    15.1941030025
2008    15.2351200581
2008    15.2770779133
2005    15.3154189587
2005    15.3588209152
2005    15.3970379829
2100    15.4255828857
2016    15.4630029202
2009    15.4948019981
2008    15.5312900543
2008    15.5594308376
2105    15.5966379642
2008    15.6337208748
2003    15.6756420135
2009    15.7190048695
2000    15.7570748329
2005    15.7905039787
2099    15.8273940086
1986    15.8559010029
1984    15.8843200207
1994    15.9181599617
1993    15.946269989
2089    15.9884278774
1993    16.0269598961
1985    16.054227829
1984    16.0879938602
1994    16.1217939854
1996    16.1554758549
1989    16.1892950535
2000    16.2280550003
2002    16.2518348694
1988    16.2856860161
1997    16.3193688393
1984    16.3580949306
1988    16.3918159008
1998    16.4205670357
1991    16.4643239975
1994    16.5080800056
1996    16.5318439007
2093    16.5706939697
1981    16.5944550037
1999    16.6332299709
2073    16.6568830013
1988    16.695581913
1986    16.7292530537
1974    16.7628979683
1984    16.8016979694
1976    16.8454358578
1985    16.8847088814
1984    16.9211938381
1978    16.959758997
1977    17.0030930042
1977    17.0322408676
1976    17.0755250454
1984    17.1113529205
1977    17.1447899342
1968    17.1879708767
1974    17.2147839069
1979    17.2469508648
1982    17.2832839489
1970    17.3240449429
1960    17.3507330418
2054    17.3824210167
1964    17.4146020412
1951    17.4454059601
2063    17.4853470325
1967    17.5102138519
