2104    0.048052072525
2111    0.0728650093079
2108    0.105262041092
2105    0.143172979355
2104    0.176427125931
2110    0.214527130127
2103    0.251927137375
2105    0.289904117584
2102    0.338327169418
2107    0.376559972763
2106    0.41962313652
2107    0.462665081024
2107    0.502996206284
2116    0.530266046524
2106    0.563598155975
2100    0.599604129791
2117    0.654291152954
2117    0.701900005341
2122    0.705784082413
2124    0.739562034607
0    0.778975009918
2116    0.787060976028
2128    0.818476200104
2132    0.861379146576
2135    0.899958133698
2134    0.943338155746
2141    0.969465017319
2148    1.01062917709
2151    1.03829097748
2153    1.07489800453
2162    1.11583900452
2153    1.15923309326
2172    1.19764518738
2164    1.2409260273
2270    1.28175711632
2264    1.31939506531
2180    1.36282205582
2173    1.3896241188
2192    1.42591404915
2192    1.46334314346
2191    1.48789620399
2189    1.52272319794
2175    1.56778812408
2175    1.60273504257
2180    1.63610100746
2179    1.6649711132
2180    1.70357203484
2181    1.74194598198
2181    1.78571605682
2179    1.82911920547
2196    1.87087798119
2202    1.89683318138
2204    1.93256020546
2204    1.96324706078
2206    1.9939661026
2196    2.02920198441
2205    2.06741905212
2201    2.10540008545
2195    2.1436150074
2300    2.18560314178
2217    2.2125210762
2318    2.24840402603
2205    2.27525401115
2214    2.30735898018
2214    2.33593797684
2207    2.37298297882
2210    2.41449213028
2219    2.44965410233
2211    2.48792409897
2219    2.52354001999
2206    2.56640005112
2210    2.5990960598
2219    2.63491606712
2313    2.67242503166
2205    2.70463705063
2209    2.7474770546
2233    2.79071998596
2229    2.81758499146
2237    2.84814810753
2235    2.87827205658
2340    2.91454911232
2225    2.95663714409
2324    2.99935913086
2234    3.02488517761
2217    3.05729603767
2218    3.09008097649
2227    3.11851501465
2227    3.15165519714
2226    3.18288516998
2235    3.21395516396
2235    3.24406909943
2340    3.28416419029
2220    3.32387304306
2338    3.35411310196
2224    3.39772319794
2245    3.44059610367
2249    3.46673607826
2240    3.5000371933
2235    3.53108906746
2354    3.56461620331
2243    3.60188007355
2240    3.64526700974
2241    3.67849802971
2249    3.72053909302
2342    3.75898098946
2246    3.80262804031
2238    3.83998417854
2232    3.87306308746
2241    3.92240405083
2237    3.95555210114
2250    3.98646497726
2232    4.01651120186
2247    4.05245900154
2242    4.09072399139
2352    4.13439106941
2245    4.16637897491
2346    4.1997551918
2245    4.24038505554
2250    4.27603816986
2243    4.30888199806
2251    4.34288406372
2235    4.38102602959
2249    4.42489719391
2241    4.45786714554
2244    4.48849320412
2234    4.52940797806
2236    4.56210517883
2240    4.60040998459
2272    4.63362216949
2353    4.67078900337
2244    4.70959210396
2250    4.74031615257
2245    4.77794313431
2249    4.81644320488
2230    4.84451413155
2231    4.87621498108
2220    4.91171717644
2240    4.93913197517
2229    4.97347807884
2224    5.01160502434
2238    5.04229307175
2235    5.07292199135
2218    5.1051530838
2219    5.13320016861
2219    5.1636531353
2235    5.20685720444
2227    5.24510502815
2238    5.27716803551
2228    5.30780100822
2226    5.33851003647
2232    5.37078118324
2235    5.40768313408
2224    5.44518303871
2234    5.47755503654
2224    5.50707101822
2234    5.54700803757
2230    5.58553910255
2230    5.61813306808
2227    5.65071606636
2226    5.68277597427
2217    5.71244502068
2214    5.74745512009
2203    5.79097318649
2210    5.82774806023
2219    5.86346912384
2223    5.88942098618
2216    5.93007802963
2220    5.95604801178
2210    5.99197006226
2211    6.03497719765
2310    6.06262397766
2209    6.09513711929
2222    6.12766218185
2213    6.15516901016
2312    6.18772506714
2209    6.22520208359
2204    6.26307320595
2195    6.30009317398
2193    6.34341812134
2204    6.37883210182
2197    6.40218305588
2196    6.43604707718
2199    6.4790160656
2195    6.52184700966
2202    6.54804205894
2189    6.58124113083
2188    6.62159514427
2188    6.64953517914
2189    6.68188714981
2189    6.71701097488
2179    6.75566315651
2179    6.79870200157
2180    6.82456707954
2182    6.85753011703
2175    6.91270399094
2175    6.94512915611
2175    6.97756314278
2184    7.0048930645
2175    7.03727698326
2180    7.08512115479
2175    7.11800503731
2179    7.16146016121
2166    7.20482301712
2168    7.24256014824
2165    7.29029917717
2163    7.33190011978
2173    7.36546301842
2169    7.40959310532
2152    7.45216202736
2157    7.48702907562
2156    7.52133607864
2158    7.54550504684
2147    7.57852697372
2145    7.61064004898
2150    7.65396618843
2144    7.68081307411
2135    7.71277117729
2147    7.74494600296
2122    7.78723311424
2120    7.83038902283
2124    7.8560321331
2119    7.89177703857
2123    7.92144107819
2206    7.95403504372
2106    7.98169803619
2116    8.01919698715
2107    8.05666613579
2108    8.09961414337
2104    8.13769698143
2104    8.16614818573
2107    8.19986319542
2097    8.23294711113
2104    8.27616214752
2119    8.31972098351
2128    8.35793709755
2125    8.38976716995
2127    8.43071913719
2120    8.46856212616
2115    8.51257801056
2125    8.5523211956
2120    8.60065507889
2120    8.62896299362
2125    8.66569209099
2125    8.69630503654
2114    8.72688913345
2106    8.75778603554
2200    8.80184102058
2097    8.83366703987
2094    8.87991309166
2068    8.91682004929
2069    8.958507061
2174    8.98537397385
2174    9.01800203323
2072    9.04936718941
2078    9.08529615402
2088    9.12837719917
2088    9.16197514534
2213    9.20989918709
2115    9.26173615456
2105    9.2952029705
2097    9.32822918892
2115    9.36101412773
2106    9.40426802635
2108    9.44798207283
2103    9.48111319542
2105    9.51455807686
2103    9.55768609047
2105    9.60003113747
2104    9.62692904472
2103    9.66002202034
2094    9.69193100929
2079    9.74407911301
2085    9.77921915054
2093    9.82251501083
2094    9.86045908928
2087    9.89157915115
2084    9.92294216156
2182    9.95677399635
2179    9.99053311348
2072    10.0166251659
2074    10.0563840866
2078    10.1008770466
2082    10.1321439743
2072    10.1754140854
2082    10.2132780552
2081    10.24852705
2073    10.2868831158
2058    10.3302659988
2058    10.3570699692
2060    10.3892271519
2064    10.4264400005
2063    10.4578909874
2166    10.4892320633
2065    10.5206820965
2063    10.5539281368
2064    10.5881390572
2056    10.6223170757
2051    10.6574351788
2052    10.7010760307
2054    10.7402961254
2055    10.7829630375
2053    10.8105499744
2061    10.8459770679
2160    10.889384985
2062    10.9317920208
2054    10.9646670818
2056    10.9984090328
2055    11.0307719707
2059    11.058453083
2057    11.1008551121
2059    11.1342689991
2057    11.1777160168
2061    11.2300779819
2040    11.2733500004
2045    11.2991480827
2042    11.3314352036
2040    11.3644571304
2037    11.3985199928
2041    11.4240720272
2035    11.4553360939
2036    11.4882760048
2049    11.5191001892
2147    11.5604000092
2042    11.5860261917
2038    11.6188941002
2037    11.6623671055
2044    11.7063651085
2039    11.7396681309
2044    11.7753081322
2038    11.8137850761
2030    11.8456070423
2035    11.8763260841
2048    11.9076290131
2038    11.9504601955
2037    11.9838609695
2043    12.0155141354
2032    12.0486440659
2033    12.0767931938
2045    12.1082901955
2038    12.1369001865
2041    12.179723978
2047    12.2178971767
2044    12.2438261509
2140    12.28946805
2047    12.3301010132
2045    12.3557450771
2035    12.3912119865
2045    12.4294381142
2134    12.4778571129
2018    12.5148360729
2015    12.552781105
2026    12.5848360062
2025    12.6172540188
2021    12.6601121426
2021    12.7002210617
2029    12.725012064
2025    12.7599329948
2027    12.8048241138
2029    12.8447751999
2130    12.8696429729
2023    12.8946261406
2133    12.9246630669
2133    12.9595730305
2025    12.9900290966
2032    13.0223691463
2024    13.0623800755
2020    13.0911049843
2025    13.1203041077
2016    13.1549620628
2014    13.1845171452
2017    13.2244391441
2009    13.2596080303
2008    13.2983350754
2009    13.3365809917
2017    13.3716671467
2008    13.3990311623
2026    13.434828043
2009    13.474088192
2014    13.5066380501
2111    13.5424330235
2023    13.5846500397
2020    13.6229240894
2020    13.6645510197
2006    13.6995999813
2030    13.7247819901
2008    13.7730360031
2022    13.8164579868
2018    13.8550360203
2019    13.8981411457
2021    13.9415721893
2025    13.9798381329
2014    14.0173881054
2022    14.0458631516
2115    14.0844380856
2026    14.1226780415
2028    14.1543190479
2015    14.1852900982
2030    14.2272670269
2010    14.2651200294
2023    14.3083240986
2029    14.3363010883
2028    14.3779680729
2023    14.4111990929
2021    14.4395639896
2126    14.4677231312
2027    14.5000231266
2121    14.5357091427
2020    14.5764670372
2025    14.6123449802
2033    14.6480460167
2032    14.673787117
2022    14.7098691463
2022    14.7502100468
2027    14.7871720791
2124    14.8204410076
2130    14.852145195
2022    14.8992061615
2023    14.9558479786
2032    14.9903521538
2022    15.0286140442
2013    15.0660681725
2122    15.0949451923
2022    15.1364161968
2021    15.1689941883
2124    15.2077260017
2032    15.2456099987
2043    15.2715320587
2030    15.3081381321
2049    15.3481640816
2047    15.3750610352
2039    15.4183821678
2040    15.4463729858
2035    15.4790430069
2044    15.5100049973
2030    15.5425209999
2038    15.5754671097
2038    15.6140270233
2035    15.6469299793
2037    15.6794509888
2038    15.7223870754
2036    15.7555220127
2035    15.7860281467
2045    15.8174881935
2039    15.8502039909
2030    15.8930840492
2033    15.9222111702
2036    15.9653031826
2035    16.007543087
2054    16.0356140137
2059    16.0630199909
2060    16.0955140591
2054    16.1284501553
2039    16.1611940861
2058    16.1946070194
2056    16.2475590706
2055    16.2806041241
2064    16.312374115
2057    16.3553931713
2061    16.3891811371
2054    16.4324121475
2054    16.475041151
2056    16.5006940365
2059    16.5379920006
2058    16.565844059
2057    16.6091752052
2057    16.6425440311
2048    16.6907660961
2072    16.7366940975
2081    16.7675960064
2081    16.7981951237
2071    16.8297669888
2066    16.8615469933
2055    16.9051151276
2073    16.931812048
2070    16.9770860672
2069    17.0234491825
2071    17.049708128
2064    17.0820200443
2075    17.109555006
2076    17.1447021961
2070    17.1876680851
2111    17.2202730179
2078    17.2569441795
2071    17.2893140316
2084    17.3344299793
2190    17.376748085
2083    17.4039611816
2085    17.4399039745
2087    17.4785721302
2101    17.5201950073
