2171    0.0384449958801
2179    0.0818469524384
2181    0.119297981262
2209    0.157520055771
2237    0.196166992188
2254    0.234633922577
2270    0.268701076508
2263    0.306915998459
2276    0.339305877686
2279    0.36963391304
2276    0.41299700737
2270    0.44055390358
2269    0.474009990692
2275    0.512640953064
2274    0.545798063278
2386    0.580486059189
2272    0.610118865967
2388    0.650052070618
2278    0.675976037979
2272    0.716304063797
2273    0.749733924866
2272    0.788150072098
2381    0.822134017944
2274    0.850605964661
2272    0.883723020554
2272    0.916100025177
2278    0.951066970825
2280    0.98169708252
2281    1.02485203743
2272    1.06356787682
2265    1.10730004311
2278    1.15579390526
2271    1.19803595543
2270    1.24097108841
2271    1.2791390419
2279    1.3210849762
2278    1.35147404671
2280    1.38292789459
2277    1.41512489319
2270    1.44602394104
2275    1.47882890701
2274    1.5174870491
2288    1.55487990379
2292    1.58833408356
2284    1.61522507668
2290    1.6494538784
2294    1.68016886711
2392    1.71228504181
2298    1.74407100677
2288    1.77568793297
2386    1.82084488869
2289    1.86425995827
2291    1.90697789192
2291    1.93513393402
2395    1.97380685806
2284    2.00733304024
2281    2.03557300568
2278    2.07476496696
2295    2.09898805618
2288    2.13859891891
2292    2.17702889442
2299    2.20875096321
2290    2.24435186386
2297    2.28629493713
2289    2.3249130249
2289    2.36280989647
2303    2.39448189735
2300    2.43365502357
2301    2.46682500839
2302    2.49994397163
2411    2.54351902008
2413    2.58524608612
2299    2.62960600853
2299    2.66712403297
2303    2.69877386093
2303    2.75674700737
2303    2.78982400894
2303    2.81801199913
2299    2.85116291046
2302    2.88429307938
2303    2.91245508194
2301    2.94568300247
2303    2.97384405136
2302    3.00738787651
2300    3.0362739563
2418    3.0737850666
2311    3.10611987114
2316    3.14002203941
2314    3.17871999741
2311    3.20731306076
2315    3.24103808403
2316    3.26971387863
2310    3.30344796181
2313    3.33719706535
2323    3.37074494362
2328    3.41446900368
2327    3.45354604721
2319    3.48155593872
2320    3.52441596985
2317    3.56745290756
2317    3.6054558754
2310    3.63642597198
2319    3.66411304474
2303    3.70224285126
2303    3.74552488327
2297    3.7788438797
2295    3.80577301979
2302    3.84101986885
2392    3.88298988342
2286    3.92099690437
2281    3.95337200165
2283    3.9862780571
2290    4.03476285934
2285    4.07800197601
2300    4.12083601952
2297    4.15922403336
2299    4.19732904434
2303    4.23827290535
2303    4.27391505241
2303    4.30446100235
2421    4.34003090858
2302    4.38086605072
2295    4.41627502441
2424    4.45273208618
2318    4.48871207237
2320    4.5218629837
2322    4.551831007
2323    4.58664894104
2429    4.62660694122
2315    4.67176198959
2316    4.70397686958
2326    4.74141597748
2316    4.77881288528
2310    4.8225479126
2303    4.86135792732
2316    4.90435600281
2318    4.9393389225
2303    4.97667598724
2323    5.0182800293
2326    5.05545091629
2332    5.10285687447
2343    5.13931894302
2333    5.18323302269
2342    5.21023607254
2439    5.23941588402
2332    5.27323198318
2332    5.30250597
2345    5.33801007271
2445    5.38108205795
2332    5.42390608788
2439    5.45683288574
2329    5.50031089783
2333    5.52410292625
2343    5.55785608292
2438    5.58639192581
2332    5.62342905998
2325    5.66208004951
2337    5.69283008575
2337    5.73682689667
2332    5.7672970295
2337    5.80877995491
2448    5.83427906036
2332    5.86890888214
2333    5.90708708763
2340    5.94127488136
2359    5.96677088737
2349    5.99545001984
2348    6.02898788452
2350    6.06563591957
2353    6.10721898079
2363    6.14738798141
2347    6.18632602692
2349    6.2197599411
2353    6.26056194305
2354    6.30299496651
2341    6.34759402275
2345    6.38985204697
2357    6.4370200634
2355    6.4688770771
2467    6.50018405914
2359    6.53191900253
2360    6.5746178627
2359    6.61292004585
2370    6.64337301254
2365    6.67762708664
2352    6.71898698807
2371    6.74562096596
2358    6.77858996391
2358    6.81143498421
2478    6.844383955
2359    6.88245391846
2377    6.92053389549
2370    6.95389485359
2367    6.981965065
2478    7.01413202286
2371    7.04390001297
2374    7.07614803314
2366    7.11900091171
2373    7.14967989922
2375    7.18122196198
2367    7.22476005554
2389    7.26810598373
2494    7.3063158989
2377    7.33400797844
2377    7.37127590179
2380    7.41454601288
2387    7.44364285469
2378    7.48773908615
2389    7.52026891708
2373    7.54767489433
2379    7.59015393257
2378    7.62265205383
2384    7.65013599396
2392    7.68763303757
2383    7.72009801865
2380    7.75259304047
2385    7.78506493568
2483    7.81758785248
2379    7.85013794899
2370    7.87805390358
2367    7.91156888008
2367    7.94178986549
2364    7.97182297707
2364    8.00680589676
2366    8.03171992302
2367    8.07442688942
2367    8.11719799042
2360    8.15575695038
2361    8.19394397736
2366    8.22719192505
2367    8.27081799507
2366    8.30894804001
2484    8.34380793571
2360    8.37890100479
2370    8.41361093521
2469    8.44650387764
2357    8.48980307579
2466    8.51694488525
2358    8.55696797371
2356    8.5925090313
2350    8.62035107613
2350    8.65891194344
2360    8.71243906021
2349    8.74970698357
2345    8.78151798248
2348    8.80915403366
2353    8.83291697502
2465    8.86717200279
2347    8.89433002472
2347    8.93183803558
2351    8.97074007988
2349    9.01421403885
2458    9.05776691437
2335    9.09577393532
2328    9.14337396622
2332    9.18183207512
2333    9.21180701256
2435    9.24519491196
2335    9.27353692055
2335    9.30700302124
2334    9.33670592308
2323    9.36951088905
2328    9.41727590561
2433    9.44406890869
2438    9.48218798637
2328    9.52076601982
2339    9.55255007744
2336    9.582903862
2340    9.61674690247
2329    9.65509486198
2340    9.68862891197
2334    9.72689008713
2339    9.76203608513
2337    9.8037610054
2320    9.85062599182
2324    9.88821291924
2317    9.93556499481
2309    9.96781992912
2310    10.0001819134
2320    10.0425050259
2309    10.0853619576
2317    10.1237568855
2326    10.1505630016
2320    10.1823010445
2313    10.2222909927
2310    10.2781209946
2313    10.3210020065
2418    10.3503439426
2320    10.383439064
2319    10.4152779579
2316    10.4461488724
2318    10.4734709263
2309    10.510766983
2325    10.5442860126
2311    10.5827579498
2302    10.6251809597
2301    10.6525890827
2303    10.6843428612
2296    10.7167818546
2310    10.7471439838
2310    10.785599947
2303    10.8187608719
2310    10.8572540283
2409    10.8941819668
2303    10.9263410568
2303    10.9640450478
2303    11.0021879673
2303    11.0453798771
2301    11.0836908817
2303    11.1274380684
2302    11.1580290794
2313    11.1900620461
2302    11.2212438583
2303    11.2518999577
2301    11.2847530842
2293    11.3280980587
2295    11.3706979752
2302    11.4090330601
2286    11.4462459087
2280    11.4735789299
2286    11.5258879662
2388    11.5632898808
2278    11.5956399441
2287    11.6235358715
2287    11.6671478748
2286    11.7054078579
2294    11.7438528538
2281    11.7773280144
2298    11.8181638718
2283    11.8556668758
2287    11.9003400803
2288    11.928319931
2289    11.9805278778
2285    12.0134589672
2295    12.0503020287
2281    12.0836498737
2396    12.1166059971
2289    12.144671917
2283    12.1679990292
2287    12.2062289715
2273    12.2344770432
2280    12.2677130699
2268    12.2958610058
2268    12.3433740139
2282    12.3814909458
2279    12.4164659977
2386    12.4416379929
2272    12.4742228985
2275    12.5066709518
2274    12.5343899727
2277    12.5766949654
2276    12.6127488613
2281    12.6433050632
2275    12.679404974
2268    12.7143650055
2269    12.7460050583
2277    12.78166008
2390    12.8122060299
2282    12.8421440125
2279    12.8730380535
2279    12.9142410755
2272    12.9421448708
2278    12.9757819176
2278    13.0022010803
2280    13.0342850685
2281    13.0659930706
2261    13.0975530148
2364    13.129306078
2252    13.1700589657
2362    13.2117249966
2370    13.2434198856
2269    13.280050993
2268    13.3116769791
2265    13.3431630135
2258    13.3748130798
2253    13.4029209614
2258    13.4400830269
2264    13.4655609131
2372    13.5122590065
2259    13.5389769077
2263    13.5751450062
2255    13.6133670807
2357    13.6568520069
2262    13.6874680519
2362    13.7218699455
2259    13.7459619045
2269    13.7801389694
2268    13.8143188953
2257    13.8432939053
2270    13.8874108791
2265    13.9165349007
2274    13.9490849972
2281    13.9884488583
2267    14.0271089077
2272    14.0540230274
2284    14.0890300274
2282    14.1238629818
2277    14.1488120556
2277    14.1839389801
2384    14.2088370323
2273    14.2439649105
2283    14.2740838528
2273    14.3172190189
2282    14.3591439724
2272    14.402340889
2257    14.4366929531
2260    14.4734799862
2268    14.5040819645
2266    14.5474150181
2266    14.5881550312
2275    14.6317689419
2272    14.6690170765
2272    14.701611042
2274    14.7424409389
2274    14.7859370708
2257    14.8249650002
2272    14.8534429073
2273    14.8868160248
2255    14.9302759171
2266    14.9629459381
2248    14.9968678951
2256    15.0301189423
2249    15.078305006
2265    15.1218960285
2259    15.1655750275
2260    15.2039349079
2259    15.2370140553
2257    15.2679150105
2249    15.3112390041
2260    15.3542439938
2274    15.3976860046
2260    15.4314858913
2249    15.4682650566
2261    15.505302906
2255    15.5482158661
2254    15.5910849571
2259    15.6243960857
2257    15.6555540562
2356    15.6991779804
2250    15.7427120209
2264    15.7907528877
2256    15.8336489201
2364    15.8717899323
2264    15.9033689499
2269    15.9384410381
2268    15.9634039402
2264    15.9984419346
2266    16.0251638889
2361    16.0577690601
2361    16.0854740143
2248    16.1284680367
2257    16.1540908813
2254    16.1870188713
2256    16.2192559242
2256    16.2525479794
2260    16.2897160053
2258    16.329529047
2259    16.369590044
2266    16.3962249756
2262    16.427533865
2247    16.4604730606
2257    16.4947459698
2362    16.5267419815
2250    16.5586678982
2253    16.5913538933
2265    16.6348400116
2252    16.6782360077
2255    16.715512991
2371    16.7412500381
2367    16.7792909145
2256    16.8123450279
2265    16.8353939056
2255    16.876529932
2256    16.9141590595
2260    16.9481890202
2261    16.9738230705
2264    17.0055339336
2357    17.0431878567
2255    17.0815629959
2266    17.1196789742
2264    17.1555819511
2264    17.1814548969
2254    17.2239639759
2253    17.2670400143
2372    17.2935490608
2260    17.3266079426
2259    17.3539628983
2263    17.3915698528
2361    17.4290390015
2256    17.461619854
2257    17.5008299351
