546    0.0331690311432
548    0.0617110729218
549    0.0950520038605
548    0.128617048264
654    0.17005610466
548    0.210828065872
549    0.246878147125
543    0.277694940567
565    0.311393022537
667    0.339564085007
565    0.372187137604
567    0.401773929596
565    0.433808088303
567    0.462104082108
666    0.500499010086
563    0.543691158295
564    0.581712961197
566    0.623779058456
565    0.662307977676
564    0.705748081207
563    0.749211072922
566    0.786899089813
565    0.817270994186
667    0.849589109421
671    0.881948947906
562    0.909358024597
565    0.953015089035
543    0.994629144669
547    1.03044605255
549    1.06612014771
552    1.0966501236
531    1.14236903191
533    1.17946910858
531    1.21056294441
511    1.24345898628
530    1.27399802208
511    1.31688499451
509    1.3477640152
600    1.38448810577
492    1.43607401848
495    1.47498893738
490    1.5121281147
476    1.53886508942
475    1.5723631382
477    1.61579012871
476    1.65789413452
475    1.68504095078
476    1.72165608406
473    1.76587700844
476    1.80139994621
474    1.84015607834
477    1.87832593918
479    1.90985894203
481    1.9405901432
478    1.97252011299
472    2.00514698029
598    2.05729794502
475    2.08998894691
476    2.13319897652
476    2.17653012276
478    2.22092103958
477    2.2639131546
478    2.29850506783
480    2.33367300034
479    2.3612639904
478    2.3983271122
474    2.44251394272
478    2.47950005531
475    2.5179131031
477    2.56130313873
479    2.59951114655
478    2.63301897049
476    2.67159795761
476    2.69944500923
475    2.73766708374
478    2.76627016068
596    2.79926300049
497    2.83233809471
494    2.85648393631
503    2.89224410057
492    2.93586301804
494    2.96554613113
494    3.00357103348
491    3.0595870018
492    3.09776115417
494    3.12564110756
493    3.15743207932
495    3.1910970211
490    3.23488116264
493    3.26357603073
496    3.29219198227
495    3.32592010498
489    3.35409092903
597    3.38660097122
493    3.42433810234
493    3.45717310905
496    3.48496603966
494    3.51820206642
493    3.56144309044
496    3.59930205345
596    3.63706707954
492    3.68015098572
496    3.72392201424
496    3.75751614571
492    3.78765416145
492    3.81509709358
509    3.84745597839
509    3.87477302551
510    3.91212415695
511    3.93954396248
511    3.97692799568
511    4.00492501259
613    4.04824399948
509    4.08601093292
511    4.11425805092
511    4.14762210846
511    4.19091105461
511    4.2338719368
508    4.27364015579
511    4.30333995819
511    4.3429441452
511    4.37205195427
509    4.40615105629
614    4.44531297684
511    4.48135209084
510    4.5130469799
510    4.5564930439
493    4.58364915848
495    4.61595797539
493    4.64804005623
495    4.67978096008
494    4.71144914627
493    4.75411915779
489    4.78061199188
491    4.81804394722
493    4.84550404549
511    4.87799715996
511    4.90540194511
511    4.94252514839
510    4.97504115105
511    5.00791215897
511    5.0410759449
631    5.08949804306
511    5.14839816093
530    5.1861269474
533    5.21680092812
511    5.24737095833
630    5.29126811028
636    5.31927800179
511    5.35017204285
546    5.39829993248
511    5.43314504623
511    5.46787500381
511    5.49211907387
511    5.52745509148
511    5.55785107613
511    5.59755706787
493    5.6444311142
494    5.67707514763
494    5.70858311653
495    5.73920798302
490    5.77083015442
493    5.80314898491
494    5.83550095558
494    5.86785912514
492    5.89519309998
511    5.92749214172
511    5.96982502937
614    6.00277495384
511    6.03127193451
531    6.06463098526
511    6.09769415855
633    6.14112114906
511    6.18640494347
531    6.22373700142
511    6.25090909004
530    6.28265810013
511    6.31823897362
531    6.35408711433
511    6.38512897491
511    6.41337203979
511    6.44736599922
511    6.49048614502
511    6.52137994766
511    6.56946611404
531    6.60365414619
511    6.6316139698
634    6.66649699211
511    6.69836211205
511    6.74641299248
511    6.77932500839
511    6.80997514725
509    6.83803510666
511    6.8718380928
511    6.9006459713
554    6.93940901756
508    6.98816609383
511    7.01693797112
511    7.05144715309
511    7.09180307388
631    7.11997103691
511    7.15315198898
531    7.18130993843
531    7.2195930481
511    7.25269794464
511    7.28665113449
511    7.31541204453
511    7.34953093529
531    7.37627506256
511    7.41012310982
511    7.44899296761
511    7.48283910751
631    7.51164913177
511    7.54553413391
543    7.57205104828
654    7.6089451313
531    7.63602995872
547    7.6681470871
511    7.70641493797
629    7.74579310417
548    7.78152298927
548    7.81647014618
551    7.84635305405
531    7.88143897057
530    7.91168093681
511    7.94493699074
546    7.97703099251
511    8.01065802574
543    8.05858612061
543    8.09182810783
651    8.12531709671
547    8.16224098206
548    8.20094895363
551    8.23512101173
549    8.26329803467
653    8.29886507988
547    8.32483315468
543    8.35798406601
637    8.38602614403
552    8.42481708527
552    8.46322107315
551    8.49599194527
549    8.53915810585
551    8.56648206711
549    8.59952902794
548    8.6319270134
548    8.66002607346
549    8.69358706474
550    8.73704504967
651    8.78458213806
550    8.81609511375
549    8.8477871418
549    8.87940406799
543    8.92102098465
547    8.96237397194
548    8.99530100822
654    9.02672505379
564    9.08513998985
566    9.12654614449
568    9.16056609154
566    9.19473695755
568    9.21914696693
567    9.25511598587
565    9.28503298759
547    9.31613302231
551    9.3521399498
550    9.39976406097
649    9.43237709999
546    9.46565103531
549    9.49524903297
543    9.52294111252
548    9.56040501595
651    9.59270596504
543    9.620002985
550    9.65268301964
543    9.70400309563
549    9.74943900108
532    9.77799701691
532    9.81074905396
511    9.84387207031
511    9.88238716125
510    9.91402006149
511    9.9570710659
511    9.98373007774
492    10.0183341503
490    10.0505671501
475    10.0883021355
476    10.1154620647
476    10.1492080688
457    10.1772141457
441    10.2247419357
423    10.2680621147
408    10.3030900955
409    10.3329670429
391    10.3679151535
388    10.3978879452
390    10.4298241138
393    10.4683420658
393    10.5093569756
373    10.5478820801
392    10.5844681263
392    10.6152839661
493    10.6406109333
391    10.6744339466
390    10.7082021236
496    10.7420101166
391    10.778247118
393    10.8055510521
391    10.8432869911
391    10.8730180264
511    10.9036860466
389    10.9395329952
405    10.9759221077
408    11.0039870739
405    11.0377559662
407    11.0709581375
510    11.1014299393
403    11.1318881512
406    11.1571509838
407    11.1937720776
427    11.2368171215
427    11.277616024
427    11.3207399845
428    11.3578021526
427    11.3903329372
422    11.4229559898
423    11.4505181313
440    11.4830131531
441    11.5105659962
427    11.5530891418
426    11.585588932
409    11.6181681156
405    11.6496801376
405    11.6927540302
405    11.7305209637
407    11.7638690472
409    11.8018579483
408    11.8346300125
511    11.8676469326
424    11.9005949497
426    11.9386179447
426    11.9665150642
511    11.9990699291
426    12.0418140888
426    12.0725550652
441    12.1159291267
442    12.1595110893
460    12.1952280998
460    12.2265760899
459    12.2581591606
477    12.2951719761
475    12.3315601349
474    12.3593170643
480    12.3923411369
478    12.439068079
478    12.4754920006
480    12.5023360252
478    12.535544157
472    12.5792319775
478    12.6110639572
578    12.6493179798
578    12.6824891567
475    12.7125320435
474    12.7477619648
478    12.791203022
495    12.8244709969
498    12.8621280193
494    12.8955249786
498    12.9287509918
495    12.9604041576
495    12.9925489426
492    13.035941124
494    13.0841920376
494    13.1267940998
495    13.1649241447
495    13.2080211639
497    13.2386620045
495    13.2674031258
587    13.3030290604
493    13.3377659321
493    13.3769841194
496    13.4066939354
596    13.4315760136
495    13.4648990631
496    13.4969110489
494    13.5299520493
495    13.5605721474
495    13.5903179646
495    13.6250209808
511    13.667869091
511    13.7113921642
509    13.747795105
511    13.7808289528
511    13.8182749748
511    13.8511731625
510    13.8946781158
511    13.9382030964
511    13.9759931564
511    14.0021920204
511    14.0342559814
511    14.066231966
511    14.09821105
509    14.1325740814
511    14.1616370678
509    14.2008719444
511    14.2453560829
511    14.2834150791
511    14.3117640018
511    14.3442511559
511    14.3895330429
511    14.4196131229
509    14.4614100456
511    14.5034589767
511    14.5416560173
510    14.5790910721
510    14.61708498
511    14.6593430042
511    14.6948361397
511    14.7275400162
511    14.7616291046
510    14.8050510883
511    14.843526125
614    14.8866021633
511    14.9135160446
511    14.9464280605
614    14.9982509613
509    15.0350599289
511    15.0718109608
507    15.1050810814
510    15.1483640671
511    15.1909911633
613    15.229170084
511    15.272536993
511    15.3037729263
511    15.3389639854
617    15.3771729469
511    15.4139699936
511    15.4467470646
619    15.4786839485
495    15.5093710423
496    15.5399610996
511    15.5707380772
495    15.6006720066
495    15.6342351437
511    15.6663410664
495    15.7095589638
496    15.7456319332
496    15.78895998
498    15.8181340694
495    15.8608951569
495    15.9031460285
495    15.9421379566
495    15.9827311039
495    16.0158281326
511    16.0541050434
495    16.0830509663
493    16.1163051128
508    16.1388790607
511    16.1740980148
511    16.1981389523
511    16.2371959686
507    16.2652871609
614    16.3078529835
615    16.3480579853
611    16.378319025
511    16.4084970951
511    16.440310955
511    16.4721040726
509    16.5151050091
511    16.5442259312
508    16.5832870007
511    16.6273419857
511    16.6567499638
511    16.6958589554
511    16.7199161053
511    16.7541739941
531    16.7839391232
531    16.8181259632
531    16.8574221134
511    16.8891971111
630    16.916934967
511    16.9536170959
511    16.9938759804
531    17.0442481041
632    17.09227705
531    17.1255731583
511    17.1688740253
511    17.2123169899
530    17.25532794
531    17.2917129993
511    17.3350920677
532    17.3627669811
511    17.3982410431
548    17.4410541058
549    17.4836339951
533    17.5114860535
