2225    0.0331311225891
2231    0.0642881393433
2235    0.107697963715
2230    0.138349056244
2234    0.175044059753
2219    0.211827039719
2244    0.239922046661
2241    0.273466110229
2240    0.309039115906
2256    0.346849918365
2280    0.378500938416
2272    0.410988092422
2272    0.439696073532
2274    0.476545095444
2282    0.51544713974
2294    0.553517103195
2396    0.587321996689
2303    0.628163099289
2312    0.666353940964
2310    0.707122087479
2318    0.735547065735
2311    0.768872022629
2331    0.802055120468
2350    0.845179080963
2366    0.875854969025
2362    0.919081926346
2378    0.962794065475
2388    1.01115894318
2376    1.05422115326
2382    1.09649014473
2407    1.12189912796
2393    1.15507102013
2496    1.19115209579
2390    1.22950410843
2408    1.27279210091
2433    1.29974007607
2432    1.33183002472
2445    1.37511491776
2456    1.41286993027
2456    1.44558811188
2468    1.48892593384
2482    1.53207707405
2499    1.56444311142
2501    1.5918340683
2505    1.62966609001
2514    1.66318702698
2523    1.69124507904
2547    1.72416710854
2553    1.76117396355
2676    1.80217695236
2669    1.83531904221
2610    1.86948013306
2617    1.89346003532
2612    1.93223214149
2636    1.95649600029
2635    1.99280905724
2662    2.03066706657
2745    2.07803201675
2663    2.11553692818
2762    2.1473441124
2642    2.18973112106
2636    2.22964000702
2617    2.25460600853
2600    2.29463100433
2575    2.32965898514
2583    2.35972714424
2660    2.39480495453
2553    2.42501401901
2547    2.4682700634
2555    2.51062607765
2533    2.53791999817
2541    2.56522107124
2536    2.59750103951
2525    2.62991809845
2513    2.65732002258
2591    2.69010996819
2478    2.71827197075
2472    2.75622415543
2570    2.7944381237
2456    2.83729100227
2448    2.87042808533
2451    2.91224002838
2435    2.95011591911
2412    2.9839990139
2410    3.01144504547
2387    3.04379796982
2395    3.07613396645
2382    3.11345696449
2385    3.1456849575
2362    3.18305397034
2367    3.21048808098
2364    3.24288702011
2344    3.28032803535
2343    3.30761313438
2351    3.33990812302
2332    3.39386606216
2332    3.42647099495
2347    3.42857408524
2332    3.4618999958
2325    3.50505805016
2314    3.54572606087
2317    3.57308912277
2323    3.60583400726
2315    3.64279413223
2320    3.67574596405
2412    3.70869708061
2325    3.75060296059
2300    3.77897810936
2309    3.82201194763
2406    3.8601629734
2400    3.88798999786
2301    3.91130113602
2303    3.94995808601
2313    3.98689293861
2303    4.01780700684
2296    4.05089092255
2295    4.08215093613
2388    4.12125611305
2284    4.15003299713
2290    4.19569802284
2282    4.23800206184
2288    4.26409196854
2288    4.29737710953
2290    4.33187198639
2290    4.37000608444
2288    4.40202713013
2283    4.4450969696
2288    4.47589206696
2294    4.51891994476
2309    4.56156897545
2303    4.5947239399
2303    4.62614107132
2415    4.66952300072
2310    4.7127161026
2309    4.74974799156
2325    4.78161096573
2336    4.8135471344
2331    4.85694503784
2366    4.88776898384
2367    4.92681097984
2389    4.9749789238
2401    5.01257801056
2528    5.04249811172
2439    5.07766294479
2447    5.10364198685
2450    5.13577699661
2445    5.1690120697
2475    5.20385313034
2490    5.2286901474
2493    5.26347494125
2511    5.29822707176
2510    5.32236504555
2486    5.36663413048
2496    5.40112614632
2501    5.44467115402
2607    5.47637009621
2509    5.52359700203
2507    5.55904793739
2636    5.59051704407
2540    5.62282896042
2539    5.65522909164
2555    5.68317699432
2575    5.72647404671
2574    5.75374102592
2580    5.78971505165
2589    5.83162498474
2602    5.86988210678
2623    5.90173602104
2620    5.94476103783
2636    5.9786260128
2623    6.00271105766
2588    6.03696203232
2548    6.0802321434
2626    6.10838794708
2493    6.14068698883
2481    6.17239904404
2461    6.20344400406
2423    6.2470369339
2394    6.29015111923
2377    6.32588791847
2370    6.38139605522
2362    6.41574811935
2361    6.44738292694
2359    6.47867298126
2329    6.51550197601
2331    6.55334591866
2333    6.58619809151
2311    6.61400604248
2300    6.64683699608
2303    6.67954897881
2302    6.71241903305
2283    6.75028300285
2289    6.78864192963
2268    6.82600307465
2272    6.85842895508
2249    6.90112996101
2265    6.93144011497
2347    6.96207594872
2226    6.991284132
2327    7.02704000473
2324    7.0549530983
2310    7.09123706818
2203    7.1230609417
2206    7.14991307259
2199    7.18349194527
2196    7.21484208107
2202    7.24532294273
2196    7.28138494492
2191    7.3185710907
2188    7.34734606743
2180    7.38107395172
2175    7.40904092789
2160    7.4458129406
2158    7.49343800545
2161    7.53185009956
2156    7.56357192993
2240    7.59223413467
2135    7.62874412537
2131    7.67070102692
2133    7.70852994919
2127    7.74233412743
2134    7.7711789608
2139    7.80020713806
2136    7.84348607063
2161    7.87026596069
2257    7.9016289711
2165    7.93511795998
2172    7.97278308868
2161    8.01579403877
2171    8.04572892189
2169    8.07367110252
2165    8.0961420536
2151    8.12850594521
2149    8.16087198257
2152    8.20323896408
2139    8.24101495743
2144    8.2665719986
2145    8.30433392525
2140    8.32751107216
2133    8.35965704918
2119    8.39315295219
2218    8.43496108055
2120    8.47827315331
2113    8.51631307602
2135    8.54446601868
2136    8.58535599709
2133    8.62767410278
2144    8.65167498589
2136    8.68422698975
2135    8.71678709984
2133    8.74972605705
2135    8.78162693977
2151    8.8089621067
2152    8.84269809723
2158    8.87136793137
2151    8.91381406784
2245    8.94614100456
2148    8.98347806931
2150    9.01112294197
2261    9.03841400146
2168    9.08079195023
2184    9.11326313019
2183    9.15582895279
2183    9.1833050251
2172    9.22061610222
2196    9.24785709381
2186    9.30026912689
2211    9.32756495476
2216    9.36135601997
2230    9.40921807289
2325    9.44723415375
2238    9.48046207428
2248    9.51360797882
2264    9.54814100266
2274    9.5727751255
2277    9.61080503464
2273    9.64422607422
2272    9.69610905647
2301    9.7294011116
2303    9.76475214958
2301    9.79347801208
2316    9.82836699486
2424    9.85824012756
2332    9.90316295624
2340    9.92976999283
2358    9.96177196503
2353    9.99762511253
2354    10.040719986
2377    10.0672299862
2359    10.0994720459
2378    10.1320691109
2372    10.1836221218
2400    10.218845129
2391    10.2568440437
2408    10.2900619507
2443    10.3525691032
2457    10.3798539639
2452    10.4121580124
2549    10.4444229603
2454    10.4771039486
2454    10.5151929855
2454    10.5579969883
2437    10.5905151367
2418    10.6287620068
2505    10.6653621197
2388    10.7011320591
2351    10.7343161106
2320    10.7774689198
2323    10.8210561275
2302    10.8625159264
2397    10.9007561207
2300    10.9391560555
2285    10.9831550121
2283    11.0216269493
2275    11.0535359383
2256    11.0818531513
2244    11.1247839928
2252    11.1585531235
2229    11.1968719959
2237    11.2303321362
2222    11.2587110996
2223    11.2927091122
2207    11.3314011097
2204    11.3632280827
2195    11.3960750103
2295    11.439289093
2172    11.482542038
2188    11.5259530544
2268    11.5690059662
2165    11.5967700481
2149    11.6324391365
2143    11.6581470966
2153    11.6896760464
2148    11.7234010696
2241    11.7568609715
2238    11.7831101418
2244    11.8282160759
2128    11.8671021461
2119    11.8963959217
2120    11.9250581264
2127    11.9604001045
2120    11.9889910221
2127    12.0371530056
2125    12.0806879997
2127    12.1175069809
2127    12.1435410976
2104    12.1977541447
2201    12.2511320114
2201    12.2946770191
2104    12.3018250465
2108    12.3254721165
0    12.358946085
2209    12.3670480251
2104    12.4043779373
2111    12.4113221169
2098    12.4418730736
2113    12.4831321239
2103    12.5266361237
2111    12.5700321198
2103    12.6078660488
2110    12.6402521133
2097    12.6726379395
2098    12.7001330853
2110    12.7329781055
2106    12.7710540295
2200    12.8028299809
2104    12.8344969749
2098    12.866943121
2103    12.8960161209
2103    12.9296431541
2105    12.9620139599
2101    12.998196125
2110    13.0350599289
2096    13.0783669949
2104    13.1095790863
2093    13.1477220058
2098    13.1961290836
2104    13.2345290184
2104    13.2726891041
2105    13.3160059452
2111    13.3528809547
2107    13.3890330791
2111    13.4201641083
2104    13.4633700848
2111    13.4908730984
2107    13.5240700245
2128    13.5559129715
2124    13.588091135
2123    13.6316590309
2117    13.6754770279
2128    13.7020101547
2139    13.7357001305
2134    13.7683129311
2143    13.7997231483
2157    13.8354640007
2150    13.8727180958
2166    13.9058589935
2180    13.9366300106
2181    13.9750869274
2207    14.0121240616
2198    14.0504879951
2229    14.0899281502
2247    14.1172890663
2241    14.1496760845
2263    14.1820790768
2256    14.2195711136
2371    14.251969099
2285    14.2893559933
2289    14.3166770935
2295    14.3490550518
2295    14.3864369392
2302    14.4237530231
2410    14.4526109695
2312    14.4884080887
2315    14.5251021385
2315    14.5580539703
2338    14.5915300846
2344    14.6253221035
2339    14.6629581451
2340    14.6946139336
2341    14.7254929543
2423    14.7522809505
2429    14.7854800224
2363    14.8171379566
2359    14.8598339558
2367    14.8917069435
2365    14.9242579937
2377    14.967703104
2473    15.0110759735
2399    15.0496189594
2412    15.0928089619
2424    15.1335420609
2441    15.1767580509
2450    15.2154009342
2477    15.2474110126
2484    15.2901041508
2483    15.333356142
2503    15.3768029213
2507    15.412856102
2480    15.4562671185
2475    15.4947600365
2552    15.5270819664
2445    15.5701100826
2503    15.6051299572
2398    15.6419639587
2363    15.6803569794
2365    15.7170219421
2349    15.7553060055
2360    15.787238121
2362    15.8190989494
2352    15.8472969532
2341    15.8801801205
2339    15.9119861126
2428    15.9534361362
2316    15.9915111065
2316    16.0357201099
2297    16.0720260143
2302    16.1052370071
2393    16.1370890141
2288    16.1690061092
2288    16.199846983
2276    16.2308001518
2279    16.2618470192
2272    16.3051970005
2254    16.3353631496
2264    16.3672089577
2243    16.4020700455
2244    16.4355680943
2247    16.4742040634
2224    16.497770071
2225    16.5362920761
2309    16.5648789406
2320    16.5933029652
2214    16.6255631447
2195    16.6530721188
2193    16.6916720867
2200    16.7152731419
2203    16.7388210297
2200    16.7723419666
2193    16.8059449196
2185    16.8295409679
2188    16.8728940487
2173    16.911481142
2181    16.9506149292
2175    16.9937300682
2160    17.022069931
2175    17.054929018
2161    17.0823509693
2160    17.119713068
2161    17.1470861435
2163    17.1793889999
2157    17.2075920105
2150    17.2395811081
2154    17.2710361481
2134    17.3140261173
2144    17.3517780304
2120    17.3784921169
2117    17.4101240635
2114    17.438352108
2127    17.4710540771
2111    17.4997971058
2135    17.5329730511
