478    0.0473639965057
476    0.0753901004791
476    0.1086769104
475    0.16100692749
474    0.209563016891
478    0.243808984756
476    0.271958112717
475    0.30621099472
476    0.339555978775
472    0.377852916718
475    0.411148071289
476    0.458091020584
475    0.485822916031
474    0.528980970383
477    0.570756912231
477    0.613974094391
476    0.641273021698
480    0.679094076157
475    0.717401981354
478    0.743576049805
472    0.776632070541
475    0.819978952408
475    0.86366891861
474    0.900438070297
475    0.931258916855
476    0.974277019501
476    1.01680803299
478    1.05519914627
478    1.08193302155
473    1.11369609833
478    1.14511013031
477    1.17791604996
479    1.20580005646
472    1.24373292923
478    1.28247404099
476    1.30708408356
493    1.34816503525
477    1.38677692413
475    1.43510293961
477    1.47339892387
472    1.512114048
478    1.53994011879
476    1.5736489296
474    1.60048007965
478    1.63677406311
479    1.67495393753
478    1.71810603142
480    1.7489259243
479    1.79236912727
478    1.83583402634
479    1.86313295364
474    1.89330005646
474    1.92553591728
475    1.95382595062
476    1.98679804802
480    2.02261209488
479    2.0677819252
476    2.10097694397
480    2.13663697243
478    2.16714191437
477    2.20681500435
475    2.24749398232
476    2.28988814354
478    2.32816791534
475    2.36007094383
459    2.39397501945
459    2.41759991646
462    2.45620012283
461    2.47985005379
460    2.51869606972
461    2.54253196716
455    2.58139801025
459    2.61020803452
457    2.64407801628
462    2.67313814163
556    2.70688509941
459    2.7506070137
458    2.77933812141
460    2.80808711052
458    2.84692811966
456    2.88078999519
461    2.91726493835
456    2.94954609871
444    2.98150897026
442    3.01240611076
442    3.04358792305
440    3.08252692223
441    3.1157450676
438    3.15916395187
457    3.20245504379
459    3.24094796181
444    3.29383611679
461    3.3273639679
458    3.36496591568
444    3.39635205269
458    3.42385792732
458    3.45640993118
445    3.48832607269
462    3.52048707008
443    3.56392812729
462    3.60720992088
444    3.63523411751
442    3.67851805687
444    3.72207808495
461    3.75234913826
461    3.78452396393
441    3.813601017
460    3.84979891777
558    3.88838410378
459    3.9222869873
458    3.95619106293
463    4.00011110306
460    4.0341501236
460    4.06804394722
463    4.09237599373
457    4.12476611137
458    4.15944314003
459    4.20186710358
461    4.22749304771
459    4.2623770237
461    4.30549097061
459    4.3485159874
456    4.38536095619
459    4.41334199905
461    4.45624613762
463    4.48710298538
461    4.53082513809
461    4.56883811951
461    4.59942793846
558    4.6343100071
558    4.67913103104
559    4.70349097252
459    4.73549294472
455    4.76875805855
455    4.80720305443
557    4.85055613518
455    4.89897608757
477    4.93071103096
455    4.96564006805
456    5.00395512581
458    5.03190398216
479    5.06526112556
461    5.10830497742
478    5.1358590126
476    5.16731500626
459    5.19264912605
460    5.22556400299
479    5.25853013992
574    5.30254793167
462    5.3299870491
457    5.36242794991
473    5.4002289772
572    5.43292808533
477    5.46570706367
477    5.4935541153
479    5.53130507469
476    5.55906009674
476    5.58672499657
476    5.61937499046
477    5.6520190239
479    5.67979097366
475    5.71759605408
574    5.76030802727
475    5.79804301262
475    5.83075904846
475    5.86850404739
572    5.90149402618
474    5.93924093246
474    5.96695208549
476    5.9997010231
480    6.03247404099
478    6.06527113914
476    6.0930390358
473    6.12509703636
475    6.16795992851
476    6.21062493324
475    6.23623394966
575    6.27790307999
477    6.30602097511
476    6.33936214447
477    6.37033104897
476    6.4141099453
477    6.45713806152
479    6.48208403587
475    6.52155995369
575    6.56053805351
476    6.59890508652
473    6.63416004181
473    6.67360401154
478    6.71984004974
479    6.75235700607
475    6.78573203087
572    6.81432700157
472    6.84275507927
478    6.87922906876
477    6.91464591026
478    6.95285701752
477    6.99621200562
479    7.03944396973
575    7.08275604248
477    7.12525892258
476    7.16825604439
478    7.19556307793
477    7.22745895386
497    7.25923204422
491    7.29078698158
492    7.31989407539
478    7.35901093483
478    7.39303708076
494    7.43223309517
477    7.45658993721
475    7.49596309662
478    7.53517794609
496    7.58446097374
478    7.61887598038
472    7.65706205368
493    7.68515205383
494    7.72423505783
495    7.75774812698
492    7.78601503372
494    7.82788610458
493    7.87010502815
494    7.90840911865
573    7.95187997818
473    7.99020910263
575    8.03359413147
575    8.06391692162
575    8.09686803818
477    8.13360595703
476    8.17104697227
476    8.19973993301
473    8.23875999451
575    8.26449513435
475    8.30030608177
476    8.33870005608
477    8.37180495262
474    8.41505694389
475    8.45712304115
480    8.50124907494
479    8.54959702492
559    8.58790397644
458    8.61623501778
463    8.65266895294
460    8.68359613419
558    8.71143007278
459    8.74450206757
459    8.77305006981
461    8.8128080368
463    8.83756995201
462    8.88143801689
559    8.91861104965
459    8.95126795769
459    8.97855496407
461    9.01230192184
444    9.04456210136
438    9.08794307709
438    9.13157606125
439    9.1668639183
440    9.19525408745
441    9.22865009308
441    9.26611614227
444    9.31165599823
444    9.35632610321
443    9.39166212082
446    9.42234110832
443    9.45305895805
441    9.48424696922
540    9.51657605171
441    9.54835700989
442    9.58256912231
445    9.60656404495
442    9.64899206161
439    9.68134593964
441    9.71399497986
441    9.76243901253
439    9.79924893379
442    9.82625198364
442    9.85942602158
441    9.88761997223
443    9.92024898529
442    9.95243310928
441    9.9936671257
442    10.0355129242
438    10.0726130009
443    10.1043570042
441    10.1346399784
438    10.1672890186
439    10.1959121227
445    10.2349131107
459    10.2676770687
461    10.3010470867
460    10.3343799114
458    10.3624589443
459    10.3993630409
461    10.4424259663
461    10.47813797
458    10.5097260475
556    10.5425620079
462    10.5721979141
454    10.6068379879
460    10.63677001
459    10.6687819958
457    10.7006340027
461    10.7426569462
560    10.7745521069
462    10.8122611046
461    10.8392090797
457    10.8725659847
461    10.9065511227
461    10.9334390163
463    10.9654710293
461    11.0138361454
555    11.0470209122
460    11.0752899647
558    11.1107780933
455    11.1385729313
459    11.1718459129
455    11.2043390274
460    11.2367191315
463    11.279720068
461    11.3081319332
459    11.3356420994
459    11.3714940548
459    11.4197061062
459    11.4682891369
461    11.5015449524
460    11.5383050442
459    11.5976979733
459    11.6361870766
574    11.6785209179
476    11.7058560848
480    11.738161087
478    11.7705440521
476    11.7984991074
477    11.8368809223
476    11.8757870197
475    11.9037511349
477    11.9382331371
476    11.9815149307
477    12.0121929646
480    12.0444629192
478    12.0813901424
479    12.1298389435
472    12.1580629349
475    12.1946871281
479    12.2334821224
476    12.2764880657
479    12.3066120148
472    12.334939003
476    12.3830361366
575    12.4262669086
473    12.4630470276
475    12.4949040413
476    12.5376250744
476    12.5758550167
476    12.6072621346
475    12.6396489143
572    12.6720759869
477    12.6994929314
473    12.7322130203
474    12.7654531002
475    12.7959029675
477    12.8383910656
476    12.8687899113
476    12.8988749981
474    12.931828022
479    12.9636161327
475    13.005959034
480    13.0446720123
478    13.0880570412
478    13.1259040833
478    13.1583149433
474    13.191106081
571    13.2193779945
478    13.2577009201
477    13.2996051311
460    13.3304240704
455    13.3628001213
461    13.3951909542
463    13.4271199703
459    13.4572761059
459    13.5006349087
458    13.5276949406
458    13.5597369671
461    13.6019120216
457    13.6402070522
460    13.6670930386
461    13.6998920441
461    13.7346489429
558    13.7766311169
461    13.814991951
463    13.8584461212
463    13.8850901127
456    13.918448925
459    13.9451501369
558    13.986841917
459    14.0253810883
457    14.0691311359
458    14.1075260639
558    14.1459879875
461    14.1806941032
458    14.2084760666
445    14.2399909496
441    14.2729160786
440    14.3043949604
442    14.3352489471
441    14.3785719872
439    14.4220950603
443    14.4606080055
442    14.4926300049
442    14.5362639427
440    14.5602929592
441    14.5989780426
443    14.6263070107
440    14.6590850353
437    14.7027161121
444    14.7458770275
440    14.7994060516
441    14.8277111053
441    14.8558030128
441    14.8928041458
440    14.9194059372
444    14.954572916
540    14.9847419262
441    15.0181469917
444    15.0531289577
444    15.0900449753
444    15.1297409534
445    15.1746170521
540    15.2120559216
442    15.2548320293
442    15.2971389294
443    15.3223359585
444    15.3575410843
443    15.3954229355
443    15.426486969
540    15.458327055
443    15.4886391163
542    15.5301830769
444    15.5671799183
437    15.6106979847
440    15.6486189365
444    15.6859920025
440    15.7233309746
540    15.75572896
539    15.7834339142
445    15.815210104
442    15.8472931385
442    15.8809530735
441    15.9193079472
443    15.9515030384
441    15.9944310188
444    16.0240221024
442    16.0673811436
444    16.1102700233
441    16.1479649544
443    16.1798610687
440    16.2118420601
443    16.2435491085
440    16.2852940559
461    16.3114230633
442    16.3452289104
460    16.3788840771
442    16.4032080173
444    16.4371800423
442    16.4712660313
540    16.5094070435
458    16.5401721001
458    16.57122612
457    16.6033871174
462    16.6456139088
459    16.681648016
461    16.713326931
461    16.7469530106
463    16.7954249382
461    16.8286569118
457    16.8722040653
457    16.903785944
461    16.9364891052
461    16.9677560329
459    16.995223999
459    17.0263330936
458    17.0587999821
461    17.0913770199
557    17.1235899925
460    17.1574039459
460    17.1874990463
459    17.2353310585
459    17.2764010429
461    17.3033161163
457    17.3358139992
561    17.3757250309
460    17.4031510353
461    17.4470961094
461    17.4736230373
459    17.5099580288
