443    0.0311870574951
439    0.0635070800781
461    0.0924580097198
446    0.123949050903
461    0.157407045364
563    0.19119811058
460    0.238989114761
462    0.272332906723
461    0.307976007462
459    0.338633060455
565    0.369324922562
460    0.399750947952
463    0.430979013443
461    0.478818893433
463    0.512510061264
462    0.547185897827
461    0.577125072479
461    0.617178916931
462    0.652256965637
459    0.685507059097
457    0.71403503418
456    0.749907970428
478    0.777230024338
460    0.810446977615
460    0.842296123505
580    0.879667043686
478    0.916198968887
476    0.942897081375
476    0.986197948456
476    1.03194904327
474    1.06976604462
479    1.10153007507
478    1.13850307465
478    1.17273402214
477    1.2057890892
481    1.23931407928
476    1.2681620121
479    1.31145501137
578    1.35490989685
478    1.39370989799
478    1.4219250679
476    1.4557158947
476    1.48836612701
575    1.53143405914
478    1.56007909775
476    1.60381889343
475    1.64718699455
477    1.68486595154
460    1.72220110893
459    1.76106309891
459    1.78972792625
463    1.81857991219
460    1.85242700577
459    1.88110399246
458    1.91969394684
460    1.95336699486
460    1.98746109009
459    2.02538204193
459    2.05819511414
457    2.10151004791
462    2.15548706055
459    2.18156409264
441    2.21479701996
442    2.25794005394
425    2.30074810982
425    2.32784605026
421    2.36100697517
409    2.41378307343
408    2.44603395462
391    2.47340393066
385    2.5113260746
390    2.55460691452
375    2.59303998947
356    2.63661694527
354    2.66345310211
351    2.70198702812
341    2.73953294754
335    2.77355909348
338    2.81213402748
319    2.85549497604
319    2.89887189865
319    2.94714999199
319    2.97889709473
319    3.01312994957
319    3.03725910187
319    3.07157206535
319    3.10584998131
322    3.13500189781
319    3.16915011406
319    3.1982049942
319    3.22739195824
319    3.2614710331
336    3.30112791061
337    3.34965705872
334    3.37782001495
319    3.41097903252
337    3.4427819252
340    3.47725892067
338    3.50378489494
339    3.53468108177
337    3.5733499527
339    3.60925793648
338    3.64611101151
338    3.67815709114
335    3.7105050087
339    3.74357295036
337    3.77715706825
340    3.82603907585
339    3.85623407364
338    3.89939808846
335    3.93525290489
338    3.96857404709
337    4.00187897682
337    4.04531502724
334    4.07209610939
339    4.10452508926
355    4.13385009766
351    4.18162798882
456    4.21035194397
356    4.24340891838
457    4.28692102432
354    4.3170940876
355    4.34755206108
354    4.37825894356
354    4.41019296646
354    4.43879103661
356    4.48266005516
354    4.5358440876
354    4.56828308105
356    4.60117411613
373    4.62923812866
369    4.6619040966
372    4.69370102882
474    4.73688292503
373    4.77505111694
372    4.82315897942
373    4.85587310791
372    4.89145803452
373    4.92708206177
373    4.95269703865
476    4.98767399788
375    5.0182299614
372    5.0489859581
371    5.08970499039
389    5.12048912048
391    5.1561870575
385    5.19007492065
387    5.22574806213
391    5.26144099236
391    5.29222393036
391    5.32501602173
391    5.36844301224
393    5.41541194916
389    5.44811797142
390    5.48129200935
409    5.52243089676
393    5.55217695236
391    5.58453297615
389    5.6170399189
406    5.65986204147
409    5.68988800049
408    5.73252010345
407    5.78540110588
407    5.82859897614
408    5.87035989761
410    5.89458012581
408    5.92915701866
406    5.97254800797
408    6.01530599594
508    6.0427339077
407    6.07552909851
404    6.11732292175
409    6.15597510338
408    6.19655895233
407    6.22754907608
407    6.25637793541
411    6.29276394844
411    6.33538103104
405    6.38897109032
422    6.42271208763
425    6.45617294312
425    6.48957896233
443    6.52733206749
443    6.56492090225
479    6.59250497818
473    6.62506699562
511    6.6581389904
506    6.69676494598
507    6.72988510132
494    6.76797890663
495    6.80508708954
495    6.85333704948
511    6.8812661171
511    6.92101192474
531    6.95590901375
651    6.98685312271
549    7.01936602592
566    7.06754302979
563    7.10066890717
566    7.13538789749
567    7.16231703758
562    7.20676398277
564    7.25000190735
563    7.29311490059
551    7.33240199089
532    7.36404490471
511    7.39455008507
507    7.43362808228
492    7.46703195572
494    7.49925899506
594    7.52981495857
498    7.56494903564
497    7.60594201088
494    7.64428091049
477    7.69628500938
579    7.7289249897
458    7.77205204964
458    7.81054997444
460    7.83899307251
461    7.87117099762
460    7.90501999855
455    7.93906402588
459    7.97769212723
562    8.03458404541
463    8.06748390198
461    8.10008597374
458    8.13628101349
463    8.1946439743
460    8.22318696976
565    8.25544810295
511    8.28752493858
459    8.32104706764
460    8.34705901146
473    8.38649106026
460    8.42139911652
478    8.45144796371
480    8.48644304276
478    8.52637195587
477    8.56141591072
479    8.5919110775
478    8.62742209435
458    8.66969203949
405    8.70282411575
372    8.7377679348
389    8.76579189301
376    8.80158805847
373    8.84634399414
492    8.87929606438
393    8.91797399521
374    8.94641304016
373    8.97976994514
372    9.01106095314
388    9.04083108902
391    9.07177305222
393    9.10369706154
391    9.14709210396
391    9.19431591034
390    9.22741389275
388    9.26586103439
390    9.30935502052
389    9.33784294128
390    9.37139201164
389    9.39843392372
391    9.43086910248
389    9.46180701256
389    9.50482392311
389    9.54722809792
389    9.57297205925
407    9.61641907692
387    9.65975093842
408    9.69804310799
386    9.74114012718
508    9.77974700928
404    9.81131792068
409    9.84226703644
409    9.87441396713
409    9.90418601036
406    9.94019007683
408    9.98341012001
408    10.021627903
511    10.0650160313
408    10.1082041264
410    10.1456420422
407    10.1773149967
409    10.2059979439
404    10.2397339344
408    10.2734980583
407    10.3122689724
511    10.3447179794
406    10.3881449699
408    10.4143960476
407    10.4584460258
410    10.4957079887
426    10.5297670364
411    10.56696105
407    10.5975699425
406    10.6482620239
409    10.6839270592
407    10.7099308968
426    10.7417271137
422    10.7769870758
424    10.8173089027
426    10.8430650234
426    10.8813259602
428    10.9183430672
426    10.9552299976
426    11.015871048
426    11.051484108
511    11.0597109795
422    11.0932300091
0    11.1290509701
426    11.1345119476
511    11.1650130749
0    11.2057819366
422    11.2111110687
511    11.2513689995
423    11.2842628956
424    11.3132269382
424    11.3468079567
424    11.3849880695
425    11.4188809395
426    11.45093894
422    11.4935429096
426    11.5244550705
420    11.556648016
424    11.5999500751
423    11.64406991
420    11.6820549965
424    11.7240400314
426    11.7623500824
446    11.8050489426
443    11.8336620331
423    11.8676929474
439    11.9111940861
541    11.9482800961
441    11.99157691
443    12.0172879696
440    12.0530691147
440    12.0931529999
441    12.1323049068
442    12.1854569912
441    12.2227919102
440    12.2605149746
441    12.2984409332
438    12.3254919052
438    12.371874094
441    12.4043381214
442    12.4417350292
444    12.4791820049
441    12.5170559883
443    12.5602040291
459    12.5867729187
456    12.6185610294
463    12.6545279026
460    12.6803569794
460    12.7153990269
457    12.7481710911
459    12.7792489529
461    12.8122370243
462    12.8646008968
458    12.9078609943
462    12.9387531281
476    12.9666728973
481    13.0035560131
463    13.0302109718
456    13.0619659424
460    13.0937170982
472    13.1257140636
459    13.1563711166
478    13.1872420311
476    13.2229530811
478    13.2529039383
477    13.288132906
477    13.324463129
476    13.3586521149
476    13.3928830624
459    13.4172019958
479    13.465362072
477    13.5069041252
477    13.5488359928
476    13.5748031139
478    13.6157059669
479    13.6419510841
478    13.6787369251
579    13.7163929939
457    13.7482259274
477    13.7965340614
459    13.8337841034
459    13.8587269783
459    13.8957059383
459    13.934484005
458    13.9782319069
459    14.0204150677
460    14.0484271049
460    14.0814020634
461    14.109290123
458    14.1472699642
460    14.1852810383
459    14.2182459831
460    14.2412729263
462    14.2796609402
460    14.3181910515
457    14.345621109
457    14.3788011074
459    14.4065139294
462    14.4421169758
460    14.487899065
441    14.5236399174
444    14.5548961163
543    14.5833380222
445    14.6193180084
444    14.6606020927
422    14.7032899857
425    14.7472600937
511    14.7955091
423    14.8339691162
426    14.8613059521
408    14.8930850029
409    14.9256589413
409    14.9540269375
404    14.9909420013
407    15.0180270672
407    15.0495691299
404    15.0815551281
409    15.14549613
409    15.1819899082
509    15.1873519421
408    15.2176909447
510    15.2594120502
407    15.2974250317
509    15.324256897
423    15.3563051224
424    15.3904321194
426    15.4342069626
424    15.470911026
426    15.5130310059
426    15.5474059582
423    15.5850930214
427    15.6126511097
426    15.6463029385
424    15.6899950504
424    15.723690033
425    15.7474179268
426    15.7811570168
427    15.8149650097
428    15.8449881077
423    15.8855988979
420    15.9237949848
427    15.9678869247
428    16.0010089874
421    16.0428628922
422    16.0696260929
426    16.102159977
421    16.1322910786
423    16.1645998955
426    16.1981790066
427    16.2366681099
427    16.2756199837
427    16.3182849884
425    16.3569788933
425    16.4004180431
425    16.4384329319
423    16.4819359779
546    16.5203111172
442    16.5528280735
426    16.5835430622
425    16.6217610836
441    16.6450889111
440    16.6787619591
442    16.707062006
441    16.7394180298
446    16.7724211216
442    16.8001389503
441    16.8352849483
444    16.8721570969
443    16.9053530693
441    16.9526309967
442    16.9957621098
443    17.0206429958
439    17.0549640656
440    17.098277092
441    17.1416358948
442    17.1797189713
443    17.2255039215
441    17.2781720161
444    17.3165650368
445    17.3584461212
446    17.3861169815
442    17.4224669933
442    17.4658250809
444    17.5041000843
