1947    0.0369031429291
2036    0.0737659931183
1944    0.105624198914
1953    0.153959035873
1944    0.19078207016
1943    0.217533111572
1958    0.260728120804
1958    0.286326169968
1965    0.318446159363
1954    0.351123094559
1966    0.381971120834
2052    0.412719011307
1962    0.458497047424
1957    0.495768070221
1959    0.538944005966
1961    0.56756901741
1959    0.599858999252
1963    0.637331008911
1963    0.665357112885
1951    0.698624134064
1957    0.740900993347
1964    0.76557302475
1955    0.803498983383
1962    0.845875024796
1955    0.884173154831
1959    0.917538166046
2044    0.960813999176
1951    0.99054312706
1958    1.02362704277
1962    1.05662798882
2049    1.08951616287
1969    1.11742401123
1958    1.15069317818
1959    1.18181014061
1964    1.22254014015
1958    1.2533891201
1969    1.28918099403
1959    1.31488919258
2071    1.35561800003
1984    1.38160610199
1954    1.41690897942
1976    1.44782304764
1985    1.47898221016
1982    1.50985598564
2068    1.54165315628
2067    1.56899309158
1978    1.60528516769
1985    1.63649010658
2070    1.68006920815
1976    1.72373819351
1974    1.76151013374
1975    1.79192399979
1977    1.82573199272
1976    1.86415910721
1980    1.894354105
1976    1.92705607414
2057    1.97036004066
1976    2.01813817024
1982    2.04040598869
1975    2.07770705223
1973    2.12002301216
1974    2.14740419388
1976    2.17474198341
1976    2.21256899834
1977    2.25049614906
1975    2.27927613258
2063    2.31077718735
1977    2.34310007095
1976    2.37260508537
1984    2.42972111702
2085    2.46654319763
1977    2.49897503853
1974    2.53287601471
1997    2.55964517593
1997    2.5916121006
1996    2.6251502037
1989    2.66332697868
1991    2.69583511353
1992    2.72792100906
1986    2.76146006584
1987    2.79492712021
1994    2.84197115898
1989    2.89030003548
1989    2.92852711678
1994    2.9596221447
1998    2.99081301689
1992    3.03428316116
2078    3.07774114609
2000    3.1159620285
1989    3.15737009048
1989    3.19497418404
1989    3.23302817345
2077    3.26108312607
2000    3.29412007332
1995    3.32259011269
1987    3.35589814186
1984    3.3880879879
1984    3.42165017128
2011    3.46503305435
2013    3.49084210396
2013    3.52413606644
2008    3.55752015114
2004    3.60119318962
1991    3.63782906532
2006    3.67390203476
2005    3.71279597282
2003    3.75050401688
2002    3.78321099281
2007    3.81089901924
1998    3.84408903122
2004    3.87250614166
2009    3.90923500061
2007    3.94488620758
2016    3.98236608505
2005    4.01493310928
2096    4.04251909256
2007    4.07499313354
2008    4.10759019852
2013    4.13514304161
2101    4.17353200912
2000    4.20640015602
2014    4.24230909348
2012    4.27292704582
2100    4.30898714066
2007    4.35262298584
2012    4.3951010704
2005    4.43338799477
2005    4.47659802437
2021    4.52023100853
2018    4.56162810326
2019    4.60224509239
2020    4.6379840374
2021    4.67389416695
2020    4.70812320709
2022    4.75450611115
2022    4.79238414764
2022    4.82026314735
2021    4.85325217247
2016    4.89494204521
2028    4.92997407913
2021    4.98777508736
2117    5.02171301842
2023    5.05138516426
2110    5.08601212502
2024    5.1105890274
2024    5.14556217194
2032    5.17516303062
2014    5.2101290226
2114    5.24490499496
2024    5.28485918045
2026    5.32828903198
2020    5.37143111229
2020    5.41410803795
2031    5.45239210129
2040    5.49062800407
2024    5.53208303452
2023    5.56450414658
2037    5.61172199249
2132    5.64408397675
2049    5.67730998993
2038    5.72056412697
2038    5.75237512589
2035    5.78618717194
2126    5.81127405167
2048    5.84357404709
2050    5.87437820435
2042    5.90167498589
2034    5.93959307671
2132    5.96961808205
2040    6.00457119942
2036    6.03972220421
2133    6.07287120819
2050    6.11275410652
2042    6.14108300209
2045    6.17436909676
2038    6.20265197754
2032    6.23590517044
2032    6.269313097
2035    6.30756807327
2048    6.33668899536
2036    6.37582015991
2053    6.41293501854
2056    6.45609402657
2058    6.49289798737
2140    6.53089904785
2064    6.5740711689
2058    6.61407518387
2065    6.64411520958
2058    6.67422199249
2062    6.70555520058
2056    6.7408850193
2053    6.77421808243
2048    6.81196308136
2062    6.84884810448
2061    6.8807091713
2065    6.91251111031
2052    6.94970417023
2065    6.98799705505
2047    7.01783108711
2052    7.05018997192
2056    7.07797002792
2067    7.11544108391
2057    7.1428771019
2053    7.17546916008
2062    7.21291518211
2136    7.26539707184
2054    7.3027920723
2056    7.33563613892
2060    7.36844205856
2052    7.41185307503
2054    7.45418214798
2056    7.48141002655
2062    7.52466511726
2065    7.56166315079
2051    7.59674310684
2152    7.63683700562
2056    7.67549300194
2063    7.70788407326
2055    7.75147509575
2062    7.7787539959
2057    7.82761406898
2047    7.86042714119
2052    7.89386105537
2049    7.93718504906
2049    7.97565603256
2054    8.00853204727
2051    8.04104709625
2138    8.07890415192
2049    8.12212514877
2057    8.1476650238
2055    8.18248414993
2146    8.2169342041
2142    8.25255417824
2053    8.28859901428
2053    8.31616711617
2057    8.34790897369
2059    8.38706207275
2058    8.41624116898
2063    8.45073509216
2055    8.48927307129
2050    8.52706408501
2055    8.56487107277
2062    8.60209298134
2054    8.65075302124
2056    8.69602012634
2066    8.72710418701
2057    8.7552011013
2055    8.79413509369
2060    8.82830715179
2062    8.86457204819
2058    8.89827799797
2060    8.93206810951
2060    8.96903800964
2056    9.00482797623
2066    9.04186701775
2050    9.0851790905
2053    9.12830305099
2056    9.17136311531
2060    9.19797205925
2066    9.23271012306
2059    9.27602815628
2061    9.30399107933
2057    9.34747719765
2064    9.37730097771
2144    9.40899801254
2062    9.44572210312
2062    9.48214912415
2058    9.51504611969
2054    9.55874204636
2053    9.59653806686
2061    9.626734972
2050    9.66007518768
2058    9.70287919044
2063    9.72984910011
2057    9.7626991272
2050    9.79557108879
2060    9.82585906982
2053    9.85418200493
2062    9.88766717911
2065    9.92085814476
2064    9.9668200016
2058    10.0049631596
2059    10.0339159966
2060    10.0682651997
2143    10.1116712093
2062    10.1488511562
2060    10.1798141003
2060    10.2134511471
2059    10.256757021
2046    10.2895870209
2133    10.3285260201
2038    10.3667981625
2037    10.395152092
2063    10.4315950871
2040    10.4699151516
2041    10.5037369728
2041    10.5421171188
2046    10.5787479877
2040    10.61454916
2043    10.6512901783
2037    10.6820070744
2040    10.7139689922
2132    10.745467186
2042    10.7784671783
2035    10.8134970665
2040    10.8590049744
2031    10.8910222054
2048    10.924831152
2041    10.9574911594
2044    10.9966320992
2034    11.0347800255
2037    11.0654489994
2032    11.1086170673
2035    11.1501049995
2042    11.1852531433
2036    11.2235851288
2037    11.2670471668
2021    11.3071360588
2021    11.3422241211
2039    11.3686630726
2021    11.4167261124
2022    11.4599890709
2032    11.5029020309
2023    11.530714035
2029    11.5696120262
2023    11.6026191711
2025    11.6390440464
2014    11.6774170399
2111    11.7158629894
2023    11.7591180801
2110    11.7997820377
2032    11.8264770508
2107    11.8589119911
2027    11.8930339813
2032    11.923853159
2026    11.9545919895
2021    11.9890100956
2018    12.0323531628
2022    12.0688509941
2111    12.1057090759
2023    12.1392300129
2108    12.182320118
2029    12.2206251621
2014    12.2644469738
2003    12.3025920391
1997    12.3458859921
2004    12.3848831654
2008    12.4284100533
2011    12.4543521404
2002    12.4871201515
2006    12.5194489956
2006    12.5518190861
2017    12.5896751881
2009    12.6276781559
2016    12.6701021194
1998    12.7007169724
2016    12.7398290634
2007    12.779250145
1993    12.8171842098
2009    12.8555970192
1992    12.8991351128
1992    12.9423999786
1991    12.9798660278
1985    13.0127711296
2081    13.057087183
1991    13.0947301388
1988    13.1375939846
1989    13.1808869839
1982    13.2178270817
2038    13.2496080399
1986    13.2930080891
1996    13.3357570171
1998    13.3791542053
1988    13.4224591255
2072    13.4507360458
2075    13.4839739799
1988    13.5153989792
1999    13.5461890697
2079    13.5773370266
1998    13.609085083
1998    13.6544079781
1997    13.6802470684
1984    13.7135941982
1989    13.7567579746
1990    13.7951271534
1997    13.8223261833
1994    13.8561661243
1994    13.8846130371
2073    13.918295145
1988    13.9601590633
1993    13.9982171059
2077    14.0308611393
2075    14.0701701641
1988    14.1031751633
2076    14.1460289955
1999    14.1794610023
1997    14.205163002
1992    14.2390010357
1998    14.2728850842
2084    14.2965731621
1992    14.3310821056
1987    14.3744549751
1989    14.41792202
2077    14.456236124
1991    14.4832341671
1981    14.5231890678
1976    14.5511651039
1980    14.5851562023
1977    14.6119689941
1968    14.6435871124
1974    14.6743290424
2060    14.7262880802
1977    14.7591340542
1975    14.7949831486
1972    14.8346199989
1974    14.8698141575
1974    14.9028949738
1985    14.9385612011
1985    14.9643731117
1973    14.9999899864
1971    15.0418031216
1953    15.0694041252
1975    15.0949661732
1985    15.1344850063
1978    15.1688911915
1978    15.2020921707
1982    15.2336261272
1972    15.2931830883
1955    15.3419401646
1959    15.3750660419
1957    15.4078931808
1971    15.4372320175
1962    15.4704830647
1960    15.5083870888
1959    15.5415451527
1954    15.5828351974
1963    15.6167621613
1956    15.6527020931
1951    15.6859030724
1957    15.7293071747
1966    15.7705910206
1963    15.8123691082
1966    15.8498761654
1967    15.8823020458
2043    15.9254322052
1953    15.9686510563
1965    16.0016970634
1966    16.0373880863
1966    16.0802910328
1959    16.1180830002
1959    16.1532130241
1957    16.196819067
1958    16.2391591072
1957    16.2773740292
1959    16.3206641674
1951    16.3493161201
1965    16.3880741596
1948    16.4268610477
1958    16.4709661007
1964    16.508357048
1960    16.547077179
1964    16.5809240341
1959    16.6148490906
1959    16.6438901424
1966    16.6777570248
1965    16.7115340233
1969    16.7353081703
1961    16.7739861012
1955    16.8172540665
1958    16.8607871532
1962    16.8988311291
1960    16.9270431995
1958    16.9639651775
1959    16.9915471077
1960    17.0237979889
1965    17.0562300682
1959    17.0886831284
1957    17.1164801121
1957    17.15447402
1959    17.191311121
1965    17.2331790924
1962    17.2714381218
1967    17.3036701679
1943    17.3463799953
2042    17.3896501064
1957    17.4283370972
1942    17.4671280384
1936    17.4994311333
1942    17.5290350914
2037    17.5650551319
1962    17.6177420616
1942    17.6614041328
2026    17.699545145
1936    17.7425131798
1950    17.7691931725
1941    17.8149089813
1966    17.8449001312
1967    17.8797821999
1943    17.9096691608
1969    17.9395999908
1954    17.9750041962
1968    18.0269401073
1962    18.0636360645
1969    18.0945231915
1961    18.1381180286
1961    18.1689560413
2051    18.2010540962
1961    18.2379150391
1966    18.274695158
1953    18.3068141937
