2244    0.0291790962219
2253    0.0582549571991
2248    0.0923299789429
2234    0.122843980789
2256    0.160129070282
2263    0.198339939117
2297    0.22662115097
2286    0.270159959793
2310    0.307224988937
2314    0.350407123566
2330    0.38859796524
2330    0.421945095062
2343    0.460211992264
2367    0.492303133011
2467    0.524729967117
2382    0.558126926422
2380    0.596879005432
2480    0.640217065811
2397    0.678520917892
2413    0.721900939941
2421    0.758764028549
2412    0.790478944778
2404    0.822257995605
2424    0.865495920181
2435    0.90739107132
2440    0.95651102066
2466    0.985924959183
2546    1.01813697815
2479    1.06623506546
2491    1.09420514107
2481    1.13087201118
2505    1.15639805794
2508    1.18868803978
2512    1.22104692459
2516    1.26343607903
2530    1.29125404358
2528    1.32035708427
2504    1.35383009911
2491    1.3973069191
2478    1.44065213203
2464    1.48874902725
2398    1.52133798599
2395    1.56447100639
2442    1.59316897392
2336    1.62493014336
2325    1.65912795067
2380    1.7011950016
2303    1.73864912987
2371    1.77133011818
2294    1.80139303207
2274    1.83139014244
2268    1.8766040802
2274    1.91373896599
2259    1.95161294937
2267    1.99160599709
2244    2.04294109344
2226    2.0806889534
2221    2.10760593414
2222    2.14591503143
2214    2.18425512314
2211    2.22760105133
2204    2.2708799839
2178    2.30333209038
2263    2.34356498718
2167    2.37894892693
2175    2.41531395912
2159    2.45173597336
2151    2.48286414146
2157    2.51368808746
2150    2.54189991951
2134    2.57487392426
2132    2.60776114464
2137    2.65197610855
2136    2.6846549511
2144    2.71461200714
2131    2.75009512901
2111    2.78828692436
2125    2.81892800331
2125    2.85062003136
2103    2.87889909744
2107    2.91476297379
2104    2.94547104836
2108    2.98607397079
2100    3.01171302795
2100    3.04863405228
2102    3.0870950222
2189    3.117841959
2181    3.14604401588
2111    3.18201494217
2194    3.2088060379
2193    3.24230098724
2104    3.27402901649
2116    3.31737995148
2124    3.3591439724
2140    3.39738512039
2144    3.42617607117
2138    3.45980095863
2218    3.4994199276
2136    3.54265403748
2220    3.58149409294
2133    3.61473298073
2138    3.6454770565
2143    3.67611503601
2140    3.70735907555
2226    3.74956512451
2127    3.77707600594
2111    3.82068610191
2108    3.86459493637
2117    3.90247011185
2213    3.93088102341
2118    3.96381998062
2131    3.99691295624
2145    4.02373695374
2141    4.06089305878
2133    4.10411810875
2150    4.14153814316
2159    4.17218399048
2251    4.21143698692
2164    4.24832701683
2160    4.27490997314
2185    4.31156492233
2187    4.34201908112
2191    4.373939991
2286    4.40224909782
2193    4.43563508987
2193    4.47810196877
2204    4.52125406265
2274    4.5568561554
2193    4.59281611443
2194    4.62809705734
2211    4.66092991829
2203    4.70460510254
2224    4.75743699074
2241    4.80060505867
2264    4.82687091827
2253    4.86031103134
2280    4.89376807213
2280    4.92064499855
2293    4.9688000679
2371    4.99156403542
2281    5.02436995506
2286    5.05768013
2301    5.09622502327
2300    5.13955593109
2322    5.17045092583
2315    5.20791006088
2316    5.24344801903
2340    5.27443814278
2331    5.31798911095
2359    5.34467411041
2367    5.37788105011
2375    5.42168593407
2382    5.46011209488
2382    5.48845410347
2460    5.5366230011
2396    5.57312703133
2413    5.61145496368
2414    5.6460249424
2422    5.67391514778
2437    5.70734596252
2438    5.75053596497
2447    5.77929711342
2474    5.81345415115
2478    5.85677599907
2496    5.89490413666
2521    5.93167710304
2613    5.96490097046
2534    6.0081679821
2542    6.05102515221
2519    6.09347295761
2508    6.13119792938
2507    6.16528010368
2472    6.20326709747
2452    6.23704695702
2523    6.27551698685
2424    6.30388212204
2425    6.33745193481
2422    6.38043498993
2433    6.42683410645
2428    6.46512103081
2505    6.5036380291
2403    6.55183315277
2485    6.60012292862
2380    6.64267206192
2360    6.68085503578
2444    6.72406196594
2359    6.74972701073
2341    6.79849910736
2353    6.83655905724
2337    6.87063002586
2325    6.90476608276
2316    6.94390201569
2300    6.97310209274
2302    7.00724697113
2290    7.04676508904
2286    7.08857107162
2279    7.130464077
2277    7.15811514854
2258    7.20697808266
2251    7.2401869297
2252    7.27867293358
2252    7.31711411476
2254    7.35548400879
2240    7.39991593361
2234    7.43837094307
2240    7.4716091156
2233    7.5148639679
2224    7.54554700851
2244    7.57671093941
2242    7.61922502518
2229    7.66253995895
2234    7.69032597542
2222    7.72301602364
2316    7.75567603111
2221    7.79345798492
2222    7.82139492035
2229    7.85443711281
2224    7.89287805557
2234    7.9264819622
2229    7.96487402916
2231    7.99915504456
2218    8.0282959938
2210    8.05750203133
2209    8.09182095528
2220    8.13594698906
2301    8.17007112503
2211    8.19909596443
2214    8.23314595222
2217    8.26725792885
2203    8.30638313293
2210    8.33551001549
2210    8.36999607086
2204    8.41326808929
2207    8.45561599731
2210    8.49380612373
2209    8.52223706245
2210    8.55532693863
2229    8.59620904922
2224    8.63623094559
2327    8.66873812675
2236    8.69620895386
2243    8.74372911453
2244    8.77132606506
2240    8.80375909805
2255    8.83632898331
2238    8.864331007
2240    8.90156698227
2264    8.93237495422
2284    8.96419501305
2273    9.00652813911
2296    9.03623104095
2296    9.06613302231
2419    9.11100292206
2359    9.13988113403
2363    9.18382310867
2380    9.2272939682
2395    9.26077508926
2417    9.29910492897
2489    9.33091402054
2420    9.37420701981
2428    9.42048597336
2436    9.46304512024
2433    9.49669909477
2451    9.53047513962
2451    9.55916595459
2463    9.5928170681
2473    9.62148213387
2462    9.660187006
2465    9.68902993202
2549    9.72283005714
2475    9.74656510353
2477    9.7802541256
2485    9.81400299072
2494    9.84764695168
2481    9.88678002357
2499    9.91514801979
2513    9.95344495773
2533    9.98937106133
2524    10.0326471329
2546    10.0604281425
2635    10.0939190388
2569    10.1317279339
2582    10.1690409184
2599    10.2114100456
2619    10.2437660694
2631    10.2711040974
2627    10.3084299564
2649    10.3456940651
2725    10.3830211163
2725    10.4102561474
2632    10.4430811405
2611    10.4752690792
2572    10.5234429836
2541    10.5566649437
2520    10.5849981308
2501    10.6178920269
2499    10.652823925
2482    10.6853909492
2470    10.7242379189
2476    10.7663481236
2452    10.803440094
2455    10.8510401249
2440    10.8927841187
2442    10.9303810596
2432    10.9613580704
2407    11.0047929287
2501    11.0347371101
2400    11.0654489994
2389    11.0936009884
2387    11.1320941448
2377    11.1788840294
2360    11.2169470787
2372    11.2495360374
2347    11.2929821014
2349    11.3311531544
2341    11.3625309467
2328    11.4159650803
2324    11.4486470222
2301    11.4809529781
2303    11.5121400356
2288    11.5435249805
2367    11.5873150826
2289    11.624119997
2284    11.6560299397
2271    11.691753149
2275    11.717457056
2281    11.7534780502
2271    11.796954155
2257    11.8401501179
2255    11.8774440289
2264    11.909402132
2320    11.9561190605
2238    11.9994449615
2236    12.0326149464
2216    12.0609331131
2210    12.093806982
2212    12.1270859241
2209    12.1645600796
2192    12.2019309998
2195    12.2398021221
2217    12.288118124
2210    12.3305039406
2228    12.3638820648
2244    12.4012439251
2259    12.4380550385
2259    12.4759719372
2267    12.5058760643
2267    12.5357329845
2272    12.5709021091
2278    12.6058030128
2260    12.6457891464
2256    12.6857659817
2256    12.7207770348
2242    12.7472670078
2243    12.7806890011
2242    12.8086941242
2248    12.8410220146
2240    12.8735909462
2246    12.910326004
2249    12.9467821121
2244    12.9797649384
2268    13.0178310871
2273    13.0508549213
2355    13.078961134
2270    13.1074340343
2270    13.14281106
2290    13.1693251133
2296    13.2025170326
2288    13.2452681065
2277    13.2736449242
2303    13.3120930195
2297    13.3555519581
2325    13.3939840794
2315    13.4224131107
2330    13.4557321072
2333    13.484167099
2354    13.5178599358
2352    13.5462539196
2350    13.5796859264
2365    13.6080191135
2377    13.6415071487
2380    13.6699290276
2381    13.7186660767
2409    13.761275053
2411    13.8046729565
2419    13.8405950069
2504    13.874104023
2438    13.9123461246
2533    13.9513399601
2460    13.9878969193
2446    14.0195169449
2480    14.0519430637
2468    14.0800049305
2470    14.1333229542
2487    14.1665940285
2490    14.2050559521
2506    14.2432260513
2496    14.2715289593
2514    14.3047850132
2513    14.333507061
2606    14.3768420219
2520    14.4196541309
2545    14.4567120075
2559    14.4875149727
2570    14.5205681324
2591    14.5639841557
2601    14.6023850441
2621    14.6288621426
2614    14.6611249447
2627    14.693472147
2626    14.731374979
2633    14.764950037
2622    14.7950320244
2600    14.8284051418
2576    14.8668699265
2546    14.9101791382
2528    14.9481470585
2493    15.0026321411
2506    15.0337760448
2494    15.0622401237
2480    15.0953700542
2488    15.1336960793
2486    15.1666829586
2479    15.1982629299
2463    15.2320699692
2528    15.2739520073
2421    15.3124921322
2408    15.3556399345
2407    15.3937101364
2391    15.4258270264
2380    15.4581940174
2364    15.4898040295
2366    15.5281660557
2344    15.5648441315
2432    15.6066150665
2333    15.6485109329
2324    15.70216012
2311    15.7355210781
2303    15.7688641548
2292    15.8112499714
2366    15.8494820595
2277    15.8877010345
2277    15.9162271023
2294    15.9639201164
2268    16.0004241467
2262    16.0386500359
2355    16.0737791061
2264    16.1135699749
2257    16.1418161392
2259    16.1716229916
2257    16.2059559822
2252    16.2445659637
2238    16.2880909443
2252    16.3264930248
2243    16.3845069408
2243    16.4296109676
2229    16.4360179901
2233    16.4606001377
0    16.4965219498
2233    16.5031840801
2309    16.5284891129
0    16.5685801506
2224    16.5784981251
2235    16.6036651134
0    16.6335289478
2226    16.6515891552
2224    16.6767039299
2231    16.7118010521
2230    16.7319500446
2230    16.7570679188
2234    16.7820990086
2311    16.8123991489
2232    16.822371006
2226    16.8417611122
0    16.8765749931
2295    16.8866000175
2212    16.9029810429
0    16.9412739277
2221    16.9520339966
2210    16.9836530685
0    17.0192010403
2215    17.0255689621
2209    17.0574240685
0    17.0944330692
2214    17.1009480953
2296    17.130671978
2219    17.1825590134
2292    17.2358520031
2210    17.2691390514
2210    17.3061180115
2195    17.3464620113
2200    17.3731911182
2197    17.4166679382
2195    17.4602589607
2190    17.4976990223
2274    17.5443861485
2210    17.582157135
2295    17.6252560616
2218    17.6517219543
2204    17.6874339581
2218    17.7142469883
2212    17.7475991249
2233    17.7792329788
2225    17.8075480461
2225    17.8408420086
2218    17.8734960556
2243    17.9059109688
2242    17.9442949295
2268    17.9964039326
2250    18.0347719193
