2229    0.0327470302582
2229    0.0761151313782
2227    0.118530988693
2227    0.159507989883
2227    0.197533130646
2319    0.241011142731
2217    0.265946149826
2236    0.301192045212
2233    0.339904069901
2228    0.383394002914
2324    0.427029132843
2226    0.465667963028
2225    0.508967161179
2223    0.546282052994
2226    0.576666116714
2229    0.610524177551
2228    0.64174413681
2225    0.667299985886
2233    0.702873945236
2228    0.739269971848
2321    0.779173135757
2221    0.812446117401
2220    0.840705156326
2230    0.879222154617
2236    0.917660951614
2228    0.961503982544
2229    0.999932050705
2222    1.04773402214
2233    1.0854101181
2225    1.11867403984
2236    1.15271902084
2236    1.17847108841
2319    1.21155405045
2227    1.24389004707
2231    1.27622795105
2324    1.3036210537
2227    1.33597397804
2233    1.36861395836
2226    1.41090416908
2234    1.44668316841
2219    1.48248195648
2220    1.52841210365
2234    1.56549906731
2224    1.61182308197
2233    1.64914608002
2323    1.68257117271
2227    1.70580506325
2224    1.74823498726
2226    1.78741002083
2324    1.82652807236
2223    1.85556912422
2226    1.90107512474
2324    1.92843008041
2220    1.98167610168
2227    2.01965403557
2225    2.06278204918
2232    2.09754896164
2329    2.13756394386
2229    2.17247700691
2249    2.20227003098
2250    2.23207902908
2244    2.26716303825
2240    2.31181097031
2244    2.34963107109
2237    2.38829803467
2244    2.42665696144
2253    2.45227313042
2345    2.48421597481
2240    2.51511907578
2251    2.54695796967
2241    2.57480502129
2249    2.61001515388
2248    2.64123106003
2240    2.68466711044
2241    2.71510004997
2338    2.75241303444
2241    2.790610075
2232    2.82377910614
2232    2.8619890213
2246    2.90856099129
2263    2.93545007706
2358    2.96581411362
2267    2.99897313118
2258    3.04234910011
2265    3.07302999496
2254    3.10121703148
2256    3.14938306808
2351    3.18296909332
2252    3.22594308853
2253    3.25891804695
2264    3.29699206352
2264    3.32715415955
2358    3.36128306389
2248    3.39880204201
2257    3.43195295334
2258    3.45881199837
2256    3.50172400475
2272    3.53037405014
2272    3.56403803825
2367    3.59272003174
2269    3.62656617165
2273    3.6552541256
2274    3.68898105621
2272    3.71797895432
2272    3.75634002686
2264    3.79483008385
2367    3.83322906494
2263    3.86660814285
2267    3.9043700695
2265    3.93770813942
2376    3.9679620266
2282    3.9996740818
2264    4.02740001678
2380    4.06077814102
2277    4.10886096954
2285    4.13340306282
2279    4.16736412048
2287    4.2002620697
2298    4.24339604378
2382    4.27070403099
2289    4.30306506157
2288    4.33533501625
2281    4.36316895485
2376    4.39918208122
2278    4.42539596558
2283    4.47250199318
2280    4.49769210815
2273    4.5308470726
2274    4.57731509209
2274    4.61473417282
2277    4.64751601219
2278    4.68043804169
2262    4.70866513252
2272    4.74554395676
2281    4.7763941288
2280    4.80833101273
2283    4.85188698769
2290    4.87963700294
2284    4.91295909882
2296    4.95403003693
2281    4.99414396286
2291    5.0191321373
2296    5.05423498154
2293    5.08433508873
2290    5.12431907654
2288    5.15923094749
2303    5.19947814941
2303    5.22754502296
2302    5.26076006889
2303    5.29151415825
2425    5.33347296715
2311    5.35941815376
2442    5.39156413078
2303    5.41985607147
2293    5.45326399803
2299    5.4867310524
2301    5.53023910522
2297    5.57721710205
2316    5.61061000824
2325    5.6423470974
2316    5.67076611519
2317    5.7041311264
2329    5.73662805557
2318    5.76873207092
2319    5.81692099571
2335    5.86028313637
2457    5.89600110054
2334    5.9230530262
2333    5.95899415016
2325    5.99657511711
2459    6.03035116196
2351    6.0709400177
2344    6.09864807129
2451    6.12644505501
2358    6.1600830555
2460    6.19377708435
2456    6.23674297333
2357    6.27490401268
2452    6.30808997154
2352    6.33632111549
2350    6.36953616142
2352    6.39773106575
2356    6.43093109131
2349    6.46406316757
2455    6.4973051548
2350    6.52583217621
2356    6.559071064
2356    6.5873670578
2352    6.62071895599
2358    6.6551129818
2364    6.69654798508
2376    6.73522210121
2375    6.77250909805
2484    6.80364108086
2365    6.83689498901
2482    6.87080001831
2363    6.89909100533
2363    6.94279408455
2376    6.9853849411
2483    7.02341794968
2478    7.05924201012
2383    7.10713005066
2376    7.13998317719
2389    7.17078113556
2392    7.20273804665
2383    7.23063611984
2485    7.26296901703
2383    7.29528713226
2396    7.32262897491
2398    7.35499811172
2393    7.38742017746
2390    7.43030714989
2401    7.4835870266
2390    7.52673316002
2404    7.56236314774
2402    7.59320116043
2398    7.62642717361
2401    7.65735602379
2394    7.70060896873
2513    7.72956609726
2416    7.76189112663
2515    7.79436016083
2512    7.8331861496
2419    7.87641096115
2419    7.91159200668
2405    7.94422698021
2417    7.9979121685
2515    8.02811813354
2425    8.06298303604
2446    8.09778809547
2448    8.12264800072
2432    8.15675401688
2435    8.20579314232
2450    8.24495697021
2451    8.27914214134
2448    8.31327414513
2425    8.35234713554
2423    8.3814971447
2422    8.42066216469
2422    8.4601020813
2417    8.49838399887
2423    8.53514194489
2432    8.571393013
2541    8.60293006897
2420    8.64652109146
2434    8.68249607086
2433    8.72067308426
2424    8.74762296677
2436    8.77896595001
2432    8.81738114357
2424    8.85570907593
2420    8.89758014679
2420    8.922976017
2424    8.9552500248
2530    8.98331713676
2432    9.02173304558
2432    9.06500697136
2519    9.10330200195
2433    9.14349007607
2513    9.18245697021
2419    9.2258181572
2413    9.2515771389
2427    9.28405213356
2422    9.31151795387
2422    9.34877204895
2424    9.37617397308
2415    9.4136030674
2515    9.45611715317
2424    9.48401594162
2423    9.52707314491
2419    9.56400203705
2422    9.592015028
2432    9.62786102295
2414    9.66972398758
2424    9.72295498848
2424    9.75365614891
2416    9.79193902016
2407    9.82537198067
2423    9.87644004822
2409    9.9147400856
2416    9.95110797882
2408    9.99431800842
2496    10.0327401161
2404    10.0660231113
2407    10.109069109
2419    10.1356940269
2421    10.1687719822
2412    10.2045350075
2408    10.2471489906
2413    10.2900710106
2416    10.3310849667
2416    10.3845360279
2408    10.4265830517
2410    10.4602811337
2409    10.4944870472
2410    10.5272951126
2411    10.561686039
2411    10.589730978
2417    10.6231729984
2407    10.6569750309
2414    10.6950480938
2413    10.7256450653
2417    10.7659101486
2419    10.7907161713
2406    10.8258941174
2396    10.8688440323
2388    10.9065320492
2488    10.9397490025
2389    10.9759099483
2403    11.0122461319
2401    11.0436470509
2392    11.076939106
2403    11.124792099
2394    11.1589391232
2488    11.1932621002
2402    11.2242081165
2405    11.255865097
2397    11.2867040634
2396    11.314330101
2490    11.3487689495
2401    11.3844850063
2391    11.4220890999
2395    11.4654150009
2487    11.5038239956
2385    11.5468981266
2485    11.5897531509
2393    11.6179411411
2387    11.6508390903
2372    11.6945080757
2373    11.7365870476
2376    11.7639751434
2377    11.7963221073
2387    11.8241620064
2380    11.8574149609
2373    11.9004299641
2378    11.9474511147
2392    11.9849820137
2392    12.0108311176
2386    12.0442740917
2380    12.0747129917
2380    12.1138520241
2375    12.1465060711
2381    12.1772060394
2391    12.2133181095
2381    12.2441010475
2371    12.2737629414
2377    12.3132581711
2364    12.3478710651
2451    12.3825130463
2356    12.4207651615
2364    12.4487020969
2367    12.4842810631
2376    12.5118510723
2364    12.5457940102
2357    12.5873949528
2449    12.6247401237
2371    12.6615841389
2454    12.6949400902
2365    12.7270891666
2375    12.7629621029
2367    12.8096041679
2455    12.8420891762
2360    12.8856489658
2363    12.9276349545
2350    12.9695899487
2342    13.0071699619
2348    13.0509681702
2350    13.094753027
2353    13.138297081
2353    13.171833992
2441    13.2129330635
2385    13.2402210236
2355    13.2730669975
2347    13.3013391495
2418    13.3348350525
2343    13.3663320541
2333    13.4131290913
2343    13.4504821301
2334    13.4804270267
2325    13.5105659962
2334    13.5640411377
2334    13.5920031071
2340    13.626718998
2316    13.6600790024
2316    13.6998791695
2311    13.7462639809
2323    13.7724461555
2316    13.8031189442
2320    13.8390011787
2313    13.8818171024
2316    13.919907093
2316    13.9637401104
2402    14.0005619526
2411    14.0326211452
2328    14.0643200874
2319    14.0960409641
2324    14.1273200512
2394    14.1560809612
2313    14.1899240017
2326    14.2235970497
2328    14.2574779987
2327    14.2862350941
2317    14.326157093
2324    14.3611450195
2315    14.3976409435
2324    14.4288179874
2324    14.4606361389
2322    14.4883360863
2320    14.5249409676
2329    14.5670731068
2319    14.5970151424
2325    14.631975174
2317    14.6687710285
2316    14.6963789463
2316    14.7300729752
2320    14.7629230022
2303    14.8011291027
2300    14.8481230736
2293    14.8860800266
2303    14.9172561169
2300    14.9655070305
2300    15.0037591457
2300    15.0410370827
2301    15.0915541649
2303    15.1255660057
2298    15.1625790596
2303    15.2005901337
2287    15.229031086
2293    15.2630391121
2289    15.3064351082
2295    15.3469040394
2262    15.3801519871
2283    15.4033341408
2363    15.4267950058
2271    15.4701321125
2269    15.5068571568
2268    15.540086031
2270    15.5833029747
2367    15.6291241646
2270    15.6724231243
2266    15.7060420513
2263    15.734372139
2276    15.7716400623
2272    15.8000349998
2273    15.8333640099
2280    15.871819973
2280    15.9002900124
2367    15.9308011532
2281    15.9626941681
2276    15.994492054
2258    16.0378570557
2258    16.0808639526
2248    16.1350109577
2256    16.1782729626
2256    16.2136280537
2256    16.241394043
2256    16.2724940777
2256    16.3055150509
2268    16.3327050209
2254    16.3860089779
2252    16.4186990261
2260    16.4505090714
2258    16.4890170097
2259    16.5275421143
2259    16.5654411316
2257    16.5939791203
2345    16.6270129681
2263    16.6626911163
2330    16.6996109486
2240    16.7256150246
2244    16.7605760098
2246    16.7873220444
2235    16.8200039864
2326    16.8483281136
2240    16.881937027
2248    16.915430069
2243    16.9588170052
2241    17.0004730225
2249    17.0271179676
2235    17.0597679615
2240    17.0984220505
2329    17.1264081001
2242    17.1624419689
2244    17.1908969879
2246    17.2296190262
2245    17.2740361691
2242    17.3120369911
2242    17.3500890732
2246    17.378098011
2241    17.4160859585
2245    17.4394171238
2236    17.4819819927
2247    17.510586977
2233    17.543099165
2240    17.5713551044
2237    17.6193749905
2225    17.6624159813
2225    17.7003619671
2227    17.7320981026
2234    17.7645859718
2227    17.7970411777
2310    17.834954977
2224    17.8734431267
2234    17.9045729637
2231    17.9360711575
2224    17.9710171223
2223    18.0087399483
2226    18.0569970608
2217    18.1027991772
2227    18.146064043
