2262    0.0316779613495
2283    0.0633270740509
2274    0.0950620174408
2280    0.126796007156
2282    0.160238027573
2278    0.214617967606
2303    0.252357959747
2301    0.27931189537
2325    0.314625024796
2319    0.343611001968
2420    0.376726865768
2334    0.406444072723
2340    0.442203044891
2360    0.467973947525
2352    0.503620862961
2374    0.542914867401
2366    0.572185993195
2387    0.606538057327
2392    0.630764961243
2378    0.670390844345
2393    0.709481954575
2401    0.735342979431
2403    0.774077892303
2403    0.828248977661
2372    0.861289024353
2441    0.889428853989
2314    0.927329063416
2274    0.960308074951
2231    0.993339061737
2172    1.016299963
2158    1.0543949604
2097    1.09274291992
2093    1.1235909462
2040    1.16455984116
2020    1.20279884338
2014    1.23278093338
2005    1.2761759758
2005    1.31958794594
2005    1.35637307167
1988    1.3875579834
1990    1.42104887962
2076    1.45890498161
1994    1.49907803535
1977    1.53541898727
1985    1.57621693611
1960    1.61843085289
1957    1.65672087669
1941    1.69973897934
1942    1.72504806519
1929    1.75822591782
1929    1.7898850441
1928    1.82348585129
1925    1.86519598961
2021    1.8932659626
1927    1.9262239933
1915    1.96976494789
1913    2.00311493874
1909    2.03559303284
1895    2.07398796082
1901    2.11212706566
1891    2.15335297585
1897    2.196600914
1887    2.23977398872
1879    2.27318906784
1874    2.30975985527
1888    2.34596586227
1882    2.37613201141
1889    2.40761303902
1971    2.44419002533
1868    2.48250293732
1861    2.51007986069
1865    2.55336284637
1865    2.59677195549
1866    2.635242939
1858    2.67868494987
1861    2.72208690643
1867    2.7651219368
1868    2.79774904251
1865    2.83129787445
1962    2.85831999779
1978    2.90175485611
1880    2.94484186172
1880    2.97284197807
1874    3.006098032
1878    3.0367128849
1891    3.07470297813
1884    3.10730195045
1883    3.15276503563
1888    3.18847584724
1891    3.21915888786
1880    3.25489902496
1880    3.29598593712
1903    3.33666205406
1900    3.36744499207
1902    3.39818191528
1903    3.42895388603
1994    3.45973491669
1900    3.50187706947
1899    3.54990696907
2002    3.57793998718
1910    3.64276599884
1920    3.67065501213
1908    3.70370197296
2004    3.73285388947
1915    3.76837396622
1937    3.79653596878
1938    3.83963799477
1930    3.86694407463
1927    3.9004099369
2024    3.93230605125
1939    3.97070789337
1941    3.99936103821
2032    4.04622292519
1943    4.08380699158
1958    4.11472392082
1961    4.14858484268
1961    4.19688892365
1966    4.22980999947
1962    4.25766396523
1959    4.29084587097
1959    4.32455205917
1975    4.3621609211
1983    4.39391684532
1976    4.42712593079
2077    4.47471094131
1985    4.51552391052
2088    4.55337190628
2006    4.57664990425
2008    4.61490488052
2014    4.64810705185
2013    4.68640899658
2020    4.71497893333
2020    4.75764203072
2024    4.79151988029
2027    4.84356999397
2040    4.88191199303
2047    4.92478990555
2050    4.96295690536
2053    5.00204801559
2059    5.04042100906
2080    5.06761789322
2063    5.10070300102
2160    5.13172101974
2067    5.15997004509
2093    5.19711089134
2086    5.22998690605
2089    5.26173400879
2088    5.30488204956
2109    5.33608794212
2099    5.37179088593
2104    5.41013598442
2111    5.44146704674
2111    5.47236394882
2128    5.50646996498
2145    5.5355219841
2144    5.57254195213
2136    5.61586403847
2161    5.64295291901
2150    5.67612791061
2233    5.71297192574
2171    5.76103591919
2258    5.79206705093
2175    5.83538794518
2175    5.86239886284
2187    5.89593195915
2210    5.92924284935
2210    5.96889901161
2238    5.99715185165
2228    6.03041100502
2246    6.06266784668
2241    6.10587692261
2256    6.149766922
2282    6.18767285347
2289    6.22956299782
2303    6.27292585373
2319    6.31628489494
2324    6.35280704498
2325    6.38514399529
2342    6.417304039
2349    6.4609439373
2367    6.49951195717
2381    6.5429110527
2383    6.57627701759
2381    6.6033308506
2377    6.63918185234
2380    6.67758584023
2380    6.71425294876
2379    6.74750494957
2379    6.78080201149
2372    6.81666302681
2361    6.85443305969
2373    6.88257884979
2367    6.92589497566
2377    6.97023797035
2447    7.00307106972
2362    7.04015994072
2354    7.07753896713
2352    7.12113285065
2435    7.16385197639
2349    7.20293688774
2325    7.24626398087
2331    7.28887200356
2330    7.32693386078
2330    7.3702340126
2316    7.40345406532
2316    7.43555593491
2313    7.46783995628
2323    7.51088500023
2303    7.54166102409
2303    7.58530402184
2310    7.62695789337
2300    7.66439986229
2282    7.70787906647
2296    7.74631905556
2285    7.7748298645
2288    7.80834007263
2370    7.84290194511
2273    7.88000297546
2268    7.90817189217
2256    7.9453830719
2263    7.97116994858
2259    8.00468397141
2257    8.0330760479
2256    8.06696105003
2254    8.1041560173
2256    8.13220691681
2265    8.16906785965
2261    8.20715403557
2256    8.24128890038
2268    8.27543401718
2259    8.31455683708
2268    8.34516000748
2264    8.38009405136
2254    8.41502189636
2271    8.43984603882
2367    8.47182297707
2282    8.50350689888
2272    8.53435993195
2357    8.57753300667
2288    8.61557888985
2294    8.64652585983
2292    8.68421387672
2303    8.71847295761
2301    8.75091385841
2298    8.78360104561
2295    8.80784606934
2399    8.84333586693
2415    8.87421298027
2312    8.90646696091
2340    8.93685889244
2331    8.9704990387
2444    9.009360075
2354    9.05317807198
2453    9.08995485306
2359    9.12117099762
2385    9.16713786125
2385    9.2122168541
2401    9.24962496758
2411    9.2836098671
2419    9.31470704079
2426    9.35809087753
2436    9.3960518837
2447    9.42990684509
2441    9.4726369381
2442    9.51464700699
2437    9.5521709919
2443    9.59094905853
2441    9.63183093071
2416    9.65798306465
2424    9.6912920475
2409    9.71995687485
2400    9.75340604782
2378    9.78183102608
2361    9.81651902199
2350    9.84891295433
2316    9.88184690475
2383    9.91972494125
2247    9.96536898613
2240    10.0020430088
2231    10.033659935
2218    10.0656609535
2201    10.1138908863
2195    10.15634799
2179    10.1844289303
2188    10.22940588
2164    10.2577018738
2171    10.3061180115
2151    10.3442900181
2140    10.3755919933
2135    10.417247057
2218    10.4480850697
2101    10.4804170132
2102    10.5228660107
2100    10.5503969193
2104    10.5778260231
2088    10.6107130051
2094    10.6533629894
2070    10.6838870049
2055    10.7172088623
2060    10.7535829544
2055    10.7869708538
2038    10.8392028809
2036    10.8621718884
2033    10.9000718594
2024    10.933177948
2031    10.959017992
2006    10.9949278831
2008    11.0222539902
2002    11.0550279617
1993    11.0855529308
1992    11.1182549
1991    11.1718409061
1982    11.2248439789
1974    11.2655608654
1983    11.3014340401
1959    11.3493208885
1959    11.387057066
1958    11.4201979637
1950    11.4634208679
1949    11.506994009
1947    11.545331955
1951    11.5818629265
1950    11.6127939224
2038    11.6447138786
1951    11.6755158901
1942    11.7176499367
1940    11.7460639477
1951    11.7842850685
1960    11.8214988708
1962    11.8528649807
1959    11.8911819458
1953    11.9285130501
1945    11.9548389912
1942    11.9858160019
1951    12.0190868378
1956    12.0626928806
1956    12.1054668427
1966    12.1540079117
1960    12.1869239807
1958    12.2227070332
1962    12.2596950531
1971    12.3031899929
1979    12.3429579735
2063    12.3814909458
1975    12.4099638462
1972    12.4454619884
1974    12.4891829491
2068    12.5328350067
1984    12.5762450695
1971    12.6189548969
1971    12.6557579041
1971    12.683786869
1968    12.7161118984
1968    12.7561428547
1999    12.7911159992
2079    12.8180708885
2001    12.8536419868
2079    12.8918528557
1993    12.9347288609
2084    12.972743988
1990    13.0046720505
2085    13.0350520611
2008    13.0710639954
2006    13.111782074
2012    13.1397838593
2102    13.1715500355
2027    13.2053658962
2022    13.2291049957
2022    13.2676570415
2021    13.3149960041
2026    13.3477840424
2034    13.3860058784
2126    13.4239690304
2132    13.4493060112
2140    13.4822909832
2063    13.5255260468
2146    13.5505418777
2054    13.5881009102
2074    13.6256978512
2160    13.6533389091
2075    13.6862108707
2092    13.7344629765
2086    13.7627210617
2091    13.795279026
2110    13.8299469948
2105    13.860008955
2103    13.8906340599
2100    13.9230978489
2152    13.9547669888
2104    14.0006110668
2127    14.0378549099
2113    14.0808849335
2135    14.1211919785
2149    14.1645789146
2175    14.2079730034
2168    14.2558000088
2166    14.2885849476
2172    14.3216609955
2174    14.365144968
2198    14.4029409885
2213    14.4352638721
2221    14.4765779972
2207    14.5098769665
2220    14.5480790138
2234    14.5816190243
2246    14.6196320057
2264    14.6501328945
2265    14.6799039841
2369    14.7122550011
2289    14.7447838783
2369    14.7831950188
2300    14.8149869442
2384    14.8467700481
2324    14.8836870193
2326    14.9171769619
2345    14.9630739689
2345    15.0063989162
2364    15.039842844
2376    15.0748438835
2389    15.1020328999
2407    15.1346139908
2403    15.1693370342
2399    15.2024159431
2408    15.237295866
2415    15.27876091
2496    15.3230998516
2507    15.3505718708
2403    15.382545948
2394    15.4217000008
2462    15.4546639919
2355    15.4938058853
2358    15.5329079628
2341    15.5670628548
2432    15.6061768532
2339    15.6305830479
2331    15.6719648838
2359    15.6972038746
2353    15.7332639694
2324    15.7592899799
2331    15.7935140133
2343    15.8229529858
2340    15.854829073
2331    15.9031729698
2316    15.9395298958
2316    15.971875906
2326    16.0071308613
2323    16.0399398804
2295    16.0832459927
2297    16.1217608452
2303    16.1650509834
2291    16.2082340717
2286    16.2509250641
2295    16.2880539894
2272    16.3164389133
2277    16.3537099361
2273    16.3917570114
2257    16.43262887
2254    16.4731960297
2344    16.5113508701
2260    16.543530941
2235    16.5714919567
2248    16.6091248989
2247    16.6497559547
2242    16.6779220104
2247    16.7111148834
2232    16.739346981
2229    16.7775120735
2314    16.8156218529
2221    16.8416230679
2313    16.8781628609
2225    16.9148490429
2236    16.9514319897
2238    16.9872808456
2228    17.0158948898
2231    17.0541100502
2226    17.0910708904
2225    17.1243219376
2311    17.1617279053
2223    17.1902139187
2225    17.2235779762
2237    17.2596549988
2228    17.2901139259
2226    17.3385210037
2230    17.381914854
2322    17.4153249264
2229    17.4387419224
2234    17.4736528397
2240    17.5114660263
2238    17.5387890339
2242    17.5665168762
2240    17.6242730618
2254    17.6678769588
2345    17.7061889172
2247    17.7494339943
2268    17.7924230099
2277    17.8256559372
2269    17.8640508652
2284    17.9074380398
2295    17.9454460144
2286    17.974132061
2302    18.0084040165
2301    18.0501279831
2301    18.0969500542
2412    18.128264904
2303    18.1566729546
2321    18.1906540394
2420    18.2186448574
2332    18.2553598881
2342    18.2976820469
2354    18.3353750706
