1094    0.0273048877716
1114    0.0646669864655
1097    0.0919399261475
1094    0.119172096252
1072    0.151443004608
1096    0.18363904953
1077    0.231074094772
1079    0.263431072235
1077    0.290770053864
1149    0.323179960251
1077    0.355464935303
1074    0.382860898972
1076    0.41522693634
1082    0.447650909424
1073    0.474999904633
1075    0.512341022491
1076    0.53964304924
1145    0.581895112991
1055    0.609183073044
1079    0.641463041306
1079    0.673717975616
1081    0.705815076828
1076    0.738578081131
1060    0.771004915237
1076    0.798918962479
1050    0.835025072098
1117    0.87276506424
1083    0.901626110077
1075    0.943845033646
1023    0.982307910919
1023    1.01431107521
1023    1.05756592751
998    1.10086989403
994    1.13911795616
990    1.17012500763
995    1.20022010803
962    1.23166108131
957    1.26656889915
926    1.30457401276
927    1.3326189518
924    1.36565995216
926    1.39365911484
904    1.42662596703
838    1.45452904701
845    1.49256110191
802    1.53598093987
770    1.58930897713
734    1.62754487991
677    1.67048692703
664    1.71581697464
648    1.74384999275
633    1.79561591148
633    1.82852196693
613    1.86512804031
703    1.89651989937
639    1.92830705643
566    1.97090196609
700    1.9981739521
651    2.02850699425
668    2.06109309196
668    2.09394598007
730    2.13714694977
612    2.17545199394
649    2.20731592178
755    2.23887300491
648    2.27961397171
717    2.3117210865
717    2.33969902992
705    2.37667989731
719    2.41500496864
753    2.45815110207
683    2.5015630722
734    2.53867602348
717    2.56869101524
772    2.60096406937
767    2.63086104393
734    2.66542291641
734    2.70845508575
767    2.75228595734
752    2.78951597214
839    2.81355309486
788    2.84788703918
802    2.88214898109
781    2.92172193527
824    2.96006298065
895    3.0043900013
799    3.04189896584
799    3.08032989502
824    3.12365794182
825    3.16626191139
822    3.206813097
799    3.24829602242
905    3.29017901421
840    3.32814002037
875    3.35686588287
874    3.38343501091
858    3.41612792015
897    3.45116996765
891    3.47522687912
854    3.51460695267
877    3.53881192207
874    3.57378196716
861    3.60589289665
860    3.64894104004
869    3.69198989868
893    3.71999692917
891    3.74801111221
910    3.78107595444
911    3.80806303024
873    3.84399294853
897    3.86982893944
895    3.90571403503
889    3.94657206535
906    3.97232198715
942    4.00502800941
945    4.05334305763
961    4.08044409752
988    4.12230205536
1023    4.14824509621
981    4.18421506882
979    4.20980405807
990    4.24408197403
991    4.28500294685
978    4.31085801125
997    4.34677290916
1111    4.38778305054
1023    4.41881608963
1023    4.46243095398
1023    4.50632095337
1054    4.54279708862
1124    4.57953906059
1023    4.61435604095
1023    4.64932608604
1048    4.67938399315
1023    4.71105003357
1053    4.74658703804
1073    4.78402400017
1072    4.81663393974
1063    4.85891890526
1078    4.89625000954
1075    4.92346191406
1098    4.95571208
1094    4.98805308342
1077    5.0155339241
1095    5.04813790321
1095    5.08185696602
1095    5.11049199104
1095    5.14400911331
1095    5.17642498016
1110    5.21511888504
1110    5.2637090683
1129    5.29621195793
1111    5.32883095741
1126    5.37051701546
1116    5.40119504929
1112    5.43169403076
1147    5.46461510658
1128    5.50695490837
1143    5.55475997925
1127    5.59746599197
1127    5.63435792923
1131    5.65963506699
1132    5.69709706306
1127    5.72460794449
1126    5.75709009171
1149    5.78965091705
1191    5.81697893143
1161    5.84933996201
1148    5.88192391396
1145    5.90958404541
1217    5.94724392891
1160    5.97989797592
1156    6.00792789459
1145    6.04123806953
1214    6.08340597153
1148    6.10873603821
1145    6.14101409912
1159    6.18428301811
1092    6.22188091278
1077    6.25412106514
1095    6.28804206848
1011    6.32715892792
1009    6.35702991486
1009    6.40042805672
992    6.4435210228
975    6.46912002563
996    6.50475502014
1023    6.53558588028
1011    6.56746697426
1013    6.59942007065
1023    6.64266395569
1023    6.66839504242
1023    6.70215797424
1023    6.72891592979
1048    6.76564192772
1023    6.80746197701
1023    6.84912991524
1049    6.87577295303
1023    6.90771889687
1023    6.94106197357
1058    6.9793510437
1058    7.01257896423
1060    7.05463409424
1079    7.0844669342
1060    7.11466598511
1065    7.14671993256
1079    7.17714595795
1080    7.22058200836
1145    7.24619793892
1141    7.28151106834
1081    7.31341195107
1075    7.34554100037
1081    7.38891792297
1093    7.43317389488
1082    7.45948505402
1083    7.4975938797
1150    7.52250909805
1079    7.55876207352
1093    7.59042191505
1082    7.63612890244
1077    7.67792391777
1144    7.7170419693
1078    7.74108505249
1148    7.78025603294
1095    7.80989098549
1097    7.84300494194
1095    7.8811519146
1080    7.9173309803
1074    7.94283604622
1077    7.9786760807
1058    8.02260708809
1023    8.0630428791
1126    8.09624695778
1114    8.11947894096
1023    8.17313289642
1008    8.21653008461
1010    8.25483393669
1011    8.29819202423
975    8.33462691307
957    8.37578392029
906    8.40993595123
895    8.44292402267
857    8.48574304581
799    8.52901411057
750    8.56610989571
767    8.59944701195
665    8.63773608208
630    8.67782306671
634    8.71428489685
627    8.74166798592
636    8.77278709412
634    8.80609798431
651    8.84453511238
647    8.87787389755
626    8.92173600197
618    8.96005105972
612    9.00293707848
584    9.04120397568
567    9.06879711151
562    9.10143589973
563    9.14727091789
560    9.17306494713
563    9.22907590866
564    9.2722890377
549    9.30802989006
546    9.34369397163
547    9.37584090233
511    9.40356206894
511    9.44169998169
509    9.49010801315
510    9.53348493576
558    9.57622909546
511    9.61415791512
510    9.65295100212
493    9.69472002983
494    9.73291110992
495    9.77665996552
478    9.81498003006
492    9.85663104057
497    9.89117002487
495    9.92962408066
497    9.96121788025
494    9.99457502365
506    10.0376598835
508    10.0773029327
511    10.115874052
511    10.1592729092
532    10.2047080994
511    10.2371349335
550    10.274559021
543    10.302521944
548    10.3339910507
548    10.377145052
547    10.4200189114
564    10.4576840401
543    10.504707098
548    10.5469810963
549    10.5852870941
566    10.6286940575
543    10.6667079926
548    10.6977949142
549    10.7263889313
546    10.7584810257
617    10.7974369526
564    10.8415400982
565    10.8850851059
543    10.9336559772
543    10.9667298794
511    10.9998810291
511    11.0431649685
546    11.0699288845
549    11.1026248932
543    11.1455330849
543    11.1890730858
560    11.2269818783
543    11.2608261108
543    11.2946629524
549    11.3334078789
566    11.3576440811
562    11.3910899162
567    11.4292850494
565    11.4765980244
565    11.5037438869
565    11.5446469784
565    11.5824120045
564    11.618170023
565    11.6552240849
581    11.6915829182
580    11.7214729786
581    11.7566480637
581    11.7834949493
584    11.8173160553
602    11.8512890339
599    11.8976640701
596    11.9301099777
600    11.958990097
597    11.9924418926
598    12.0199289322
598    12.053374052
598    12.0811879635
612    12.1144809723
616    12.1503069401
598    12.1813280582
594    12.2241899967
681    12.2518820763
615    12.2848670483
613    12.3328359127
616    12.3712110519
614    12.4144639969
627    12.445389986
632    12.4738719463
620    12.5060300827
681    12.539069891
629    12.5822849274
698    12.6130840778
632    12.6415081024
698    12.6780560017
650    12.7088429928
650    12.7495501041
653    12.791531086
648    12.829857111
665    12.8730840683
666    12.9015219212
668    12.9349999428
668    12.963449955
732    12.9972550869
665    13.0357179642
686    13.068420887
666    13.0969219208
681    13.1254220009
682    13.1733219624
683    13.2146151066
684    13.24198699
684    13.2742490768
704    13.3176438808
702    13.3561990261
702    13.3845770359
703    13.421489954
764    13.4519200325
699    13.4959421158
696    13.522783041
703    13.5732469559
719    13.6072120667
703    13.6426579952
717    13.675784111
716    13.7187509537
702    13.7442159653
702    13.7773981094
703    13.8057661057
715    13.8425400257
703    13.868103981
700    13.917673111
770    13.9544219971
698    13.9846949577
700    14.0179619789
697    14.061289072
698    14.1095969677
689    14.1454470158
703    14.1710140705
688    14.2028589249
683    14.2338130474
669    14.26471591
667    14.3053529263
667    14.3308570385
669    14.3667869568
666    14.4096200466
663    14.4485011101
717    14.4792170525
651    14.5220661163
649    14.5600199699
652    14.5919079781
633    14.6350059509
636    14.6608240604
628    14.7039179802
647    14.7311980724
632    14.7690730095
626    14.8025000095
630    14.8393259048
615    14.8802580833
632    14.9185800552
615    14.9509561062
615    14.9836790562
612    15.0250349045
680    15.0633049011
614    15.1059811115
598    15.1340808868
619    15.1690518856
610    15.2116019726
600    15.2508420944
602    15.2832620144
593    15.3155739307
599    15.3429150581
598    15.3752670288
598    15.4075920582
601    15.4399199486
583    15.4776690006
668    15.515791893
602    15.5477349758
598    15.5797610283
597    15.6125159264
598    15.6558179855
598    15.7040450573
600    15.7349579334
597    15.7631120682
599    15.7964580059
596    15.8392300606
597    15.8825180531
613    15.908657074
617    15.9553689957
610    15.9915919304
628    16.0243310928
630    16.0560688972
636    16.0878739357
631    16.1307859421
633    16.157533884
652    16.1935479641
650    16.2393660545
663    16.2721838951
719    16.3137829304
666    16.3505930901
669    16.3813710213
687    16.4151749611
685    16.4439270496
685    16.477809906
686    16.5066459179
684    16.5405681133
700    16.5674910545
701    16.6008429527
769    16.6429429054
716    16.6760489941
786    16.7173309326
719    16.74503088
719    16.776722908
712    16.8250410557
723    16.8734090328
734    16.9167098999
712    16.9554920197
751    16.9885981083
754    17.0149550438
819    17.048238039
752    17.0786349773
734    17.1221570969
767    17.1652610302
839    17.2038640976
1014    17.2474200726
1013    17.2853710651
1061    17.3187339306
1059    17.3505311012
1004    17.3936090469
873    17.4220299721
751    17.4551789761
666    17.4859659672
632    17.5294079781
614    17.5725419521
632    17.598938942
634    17.6319611073
634    17.671227932
650    17.708573103
650    17.7435429096
700    17.7862589359
860    17.8243889809
857    17.8518490791
911    17.888117075
729    17.9133028984
668    17.9467439651
596    17.98524189
511    18.0186219215
509    18.0573000908
460    18.0994861126
444    18.1428320408
