2029    0.0329291820526
2032    0.064346075058
2028    0.0934381484985
2029    0.132885217667
2029    0.170001029968
2034    0.213387012482
2037    0.25614118576
2027    0.299532175064
2043    0.338180065155
2022    0.3815741539
2021    0.423686027527
2023    0.450560092926
2032    0.47887301445
2021    0.51216506958
2022    0.545196056366
2027    0.572842121124
2032    0.6092441082
2032    0.648405075073
2024    0.675842046738
2020    0.723445177078
2032    0.746083021164
2114    0.781215190887
2022    0.814065217972
2116    0.843069076538
2025    0.878419160843
2025    0.921469211578
2023    0.964689016342
2114    1.00291013718
2016    1.04520106316
2022    1.08351612091
2021    1.12687206268
2017    1.16519021988
2014    1.19841122627
2021    1.23628902435
2021    1.26908302307
2015    1.29990100861
2032    1.33581519127
2115    1.36188817024
2115    1.40560007095
2111    1.44406223297
2026    1.48800420761
2024    1.53120303154
2041    1.56883716583
2025    1.60539317131
2026    1.63276410103
2033    1.66567015648
2036    1.70332407951
2028    1.73414707184
2045    1.77255821228
2037    1.79909110069
2024    1.83244514465
2020    1.85914111137
2044    1.8975520134
2044    1.92128419876
2033    1.96008300781
2038    2.00389719009
2046    2.03773903847
2038    2.07140803337
2043    2.10056614876
2036    2.13037204742
2037    2.16776323318
2037    2.20010519028
2029    2.2273452282
2042    2.25988721848
2044    2.29724407196
2039    2.32985401154
2041    2.3673350811
2037    2.3951921463
2034    2.43758511543
2040    2.46162605286
2039    2.50095915794
2130    2.53145313263
2042    2.57130122185
2039    2.6097471714
2038    2.64743304253
2040    2.67389321327
2044    2.71046710014
2124    2.76834201813
2124    2.80620908737
2040    2.81416106224
2122    2.85194611549
2043    2.86414718628
2040    2.90395021439
0    2.94024300575
2037    2.94239616394
2034    2.96944403648
2042    3.01180005074
2032    3.03955221176
2038    3.08217120171
2035    3.10977506638
2047    3.13993310928
2035    3.17273807526
2035    3.20755720139
2136    3.24711918831
2063    3.283203125
2056    3.32086110115
2063    3.35862207413
2060    3.39011502266
2142    3.42208218575
2058    3.46487212181
2056    3.497631073
2065    3.52919507027
2061    3.56064414978
2048    3.59178900719
2151    3.62653207779
2054    3.65711116791
2063    3.70026707649
2062    3.74197816849
2054    3.77864217758
2137    3.8085911274
2059    3.84679722786
2066    3.88038301468
2066    3.91922307014
2058    3.96169018745
2056    4.00477600098
2147    4.04091715813
2059    4.07471513748
2061    4.10334515572
2050    4.13701510429
2053    4.17435717583
2053    4.21678900719
2055    4.25503706932
2141    4.28252410889
2057    4.31733202934
2061    4.35353517532
2054    4.39208316803
2054    4.42267203331
2066    4.45281600952
2062    4.48780202866
2056    4.5181491375
2054    4.56590223312
2147    4.6139831543
2057    4.64632701874
2141    4.6737511158
2055    4.70610809326
2062    4.73844909668
2140    4.76583814621
2057    4.79866719246
2150    4.82930707932
2145    4.86394906044
2059    4.89374303818
2053    4.92461013794
2055    4.952876091
2061    4.98893213272
2058    5.03002810478
2073    5.06837511063
2069    5.09651517868
2069    5.13468003273
2078    5.16430711746
2136    5.19916605949
2054    5.23751115799
2048    5.28081321716
2075    5.3237991333
2078    5.36571311951
2054    5.40440320969
2070    5.4478290081
2064    5.48628520966
2065    5.52428817749
2152    5.55970215797
2062    5.59810900688
2071    5.63906121254
2071    5.69248008728
2078    5.72581315041
2072    5.76398301125
2070    5.80625414848
2072    5.84282922745
2067    5.87512111664
2078    5.90681910515
2078    5.93864703178
2145    5.97073602676
2070    6.00258708
2057    6.03963923454
2074    6.0728662014
2072    6.11613917351
2078    6.15874505043
2081    6.18440914154
2078    6.22044014931
2071    6.25861310959
2073    6.28887605667
2062    6.31704115868
2071    6.35176801682
2074    6.38351011276
2072    6.4209280014
2070    6.45555615425
2072    6.49207019806
2053    6.53613209724
2072    6.5692691803
2056    6.60234212875
2055    6.63687300682
2163    6.66720819473
2061    6.69945812225
2058    6.73212718964
2057    6.77483510971
2066    6.8124961853
2058    6.8451461792
2140    6.8727440834
2055    6.90549015999
2052    6.93319320679
2064    6.9710111618
2058    6.998691082
2144    7.03133010864
2050    7.05954122543
2052    7.10315608978
2141    7.15006113052
2057    7.18091917038
2142    7.22919201851
2052    7.26256513596
2050    7.29519605637
2143    7.33868718147
2054    7.37467002869
2047    7.41308522224
2056    7.43924403191
2058    7.47546315193
2063    7.50458621979
2057    7.52865719795
2054    7.56785416603
2054    7.60250711441
2055    7.64797210693
2062    7.68105912209
2052    7.72416114807
2055    7.76110005379
2062    7.79234910011
2145    7.82338500023
2053    7.85479712486
2066    7.88664507866
2058    7.92999219894
2058    7.97328305244
2056    8.01186800003
2055    8.05523109436
2063    8.08100104332
2057    8.11721515656
2060    8.15106511116
2060    8.17474007607
2144    8.21368718147
2057    8.2523560524
2137    8.296033144
2062    8.32488822937
2054    8.3589360714
2055    8.4022591114
2055    8.44043707848
2148    8.47213816643
2058    8.50302910805
2058    8.55105614662
2055    8.58894109726
2055    8.61627101898
2062    8.65077209473
2054    8.68282222748
2053    8.71483802795
2054    8.74240517616
2055    8.77546620369
2057    8.8072271347
2061    8.83888816833
2051    8.87142515182
2063    8.90141701698
2053    8.92977714539
2056    8.96304702759
2054    9.0001912117
2065    9.04725313187
2058    9.07386207581
2058    9.10636210442
2061    9.14242911339
2047    9.17534422874
2060    9.21072721481
2144    9.23961114883
2057    9.27579903603
2151    9.31896519661
2056    9.35623121262
2057    9.38840222359
2057    9.42551708221
2056    9.45391607285
2047    9.48698210716
2054    9.52478408813
2056    9.54996919632
2058    9.58635520935
2058    9.62299013138
2055    9.65605115891
2061    9.68689322472
2062    9.71760416031
2150    9.75340604782
2062    9.78903317451
2054    9.85135316849
2054    9.88874721527
2062    9.89130210876
2060    9.92873311043
2055    9.95656704903
2051    9.98441720009
2052    10.0171990395
2056    10.0500030518
2057    10.0777101517
2052    10.1109411716
2054    10.1383061409
2064    10.1767711639
2054    10.2201211452
2054    10.2576282024
2054    10.2901990414
2055    10.3331642151
2062    10.3598341942
2138    10.3965690136
2054    10.4347350597
2058    10.4673960209
2057    10.5110561848
2058    10.5543301105
2135    10.5972771645
2050    10.6332571507
2055    10.6621320248
2057    10.6949591637
2059    10.7288191319
2061    10.7548561096
2151    10.7866420746
2055    10.8146312237
2055    10.8475441933
2061    10.8915541172
2056    10.9205729961
2055    10.9650321007
2054    10.9966790676
2139    11.0298640728
2055    11.0634241104
2056    11.0918030739
2066    11.1215400696
2054    11.1545171738
2061    11.1873919964
2062    11.2212581635
2062    11.2449741364
2066    11.2838041782
2052    11.3279681206
2052    11.3664162159
2145    11.3983330727
2058    11.4414842129
2150    11.4717750549
2055    11.5032920837
2051    11.5464990139
2066    11.5900290012
2064    11.6157510281
2062    11.6483612061
2058    11.6901261806
2054    11.7287771702
2061    11.753319025
2055    11.7882740498
2048    11.8161680698
2052    11.8491880894
2063    11.8812561035
2061    11.9122672081
2055    11.9556210041
2140    11.981539011
2054    12.0194590092
2057    12.0638740063
2054    12.1067810059
2052    12.1391251087
2055    12.1669530869
2059    12.200097084
2061    12.2454531193
2058    12.2841510773
2066    12.3146212101
2052    12.3480482101
2054    12.3888261318
2060    12.420853138
2056    12.4524271488
2061    12.4829821587
2065    12.5179800987
2066    12.5435760021
2063    12.5790820122
2053    12.6046860218
2054    12.6446990967
2044    12.6803691387
2035    12.7110681534
2047    12.7412040234
2039    12.7729141712
2037    12.8061230183
2045    12.8360490799
2045    12.8681130409
2042    12.9111301899
2036    12.9489002228
2038    12.9871470928
2038    13.0254430771
2133    13.0572841167
2041    13.1041870117
2044    13.1411631107
2041    13.1702861786
2024    13.2051270008
2023    13.2334501743
2021    13.2690570354
2104    13.2967870235
2110    13.3295311928
2035    13.3673121929
2024    13.4054801464
2022    13.4339420795
2023    13.4671001434
2021    13.5017471313
2029    13.546361208
2113    13.5813081264
2022    13.6135940552
2028    13.6453740597
2015    13.6767570972
2022    13.7086322308
2025    13.7470672131
2024    13.7903850079
2024    13.8519392014
2024    13.9095761776
2024    13.9175441265
2014    13.948497057
2028    13.9840431213
2033    14.0196712017
2032    14.0452830791
2029    14.0809671879
2029    14.1235940456
2023    14.1569600105
2020    14.1841950417
2020    14.2166640759
2025    14.2491412163
2107    14.2869050503
2032    14.3236761093
2019    14.360432148
2019    14.3922841549
2029    14.4255661964
2016    14.4640130997
2020    14.5068202019
2021    14.5453472137
2088    14.5736172199
2110    14.611959219
2109    14.6488602161
2100    14.6831412315
2007    14.7264640331
2009    14.7647080421
2005    14.8027820587
2000    14.8403601646
2005    14.8662040234
2008    14.9008600712
2006    14.9324550629
2014    14.9643120766
2004    15.0075161457
2087    15.0505690575
2002    15.0935871601
2008    15.1190299988
2003    15.1528401375
2090    15.1999220848
2011    15.2277750969
2003    15.2562391758
2003    15.2899160385
2009    15.3232541084
2005    15.3618960381
2008    15.3901982307
2004    15.428055048
2012    15.4628520012
2004    15.50030303
1988    15.530944109
1999    15.5623970032
2074    15.603741169
1993    15.6513302326
1976    15.6787230968
1985    15.7121610641
1977    15.7504251003
1977    15.7836780548
1974    15.8270440102
1978    15.8701510429
2058    15.9082732201
1981    15.9401841164
1976    15.9822030067
1998    16.0177891254
1998    16.0502691269
1980    16.0916581154
2005    16.1254281998
2002    16.1674511433
1999    16.2057921886
1997    16.2440741062
2011    16.2765891552
2005    16.3050181866
2003    16.3378181458
2003    16.366341114
2016    16.4184241295
2005    16.451734066
2006    16.4850971699
1993    16.5171470642
1990    16.5499591827
2077    16.5929701328
2012    16.6238121986
2013    16.654487133
2093    16.684844017
2007    16.717577219
2010    16.7648441792
2098    16.8009161949
2008    16.8320560455
2008    16.8604681492
2005    16.8957321644
2008    16.9271872044
2100    16.9589881897
2013    16.9907681942
2088    17.0226070881
2011    17.0659382343
2008    17.1093401909
2007    17.1447942257
2017    17.1686401367
2007    17.2080090046
2013    17.2443871498
2090    17.2876200676
2000    17.3311290741
2016    17.3644649982
2005    17.4076690674
2013    17.458368063
2010    17.4841341972
2014    17.5163581371
2009    17.5487360954
2004    17.5919451714
2114    17.6218800545
2107    17.6548910141
2025    17.6982901096
2115    17.7362370491
2016    17.7797050476
2018    17.8129541874
2027    17.8634870052
2111    17.9009771347
