2266    0.0334451198578
2280    0.0621750354767
2270    0.100743055344
2278    0.124489068985
2283    0.158338069916
2272    0.192072153091
2295    0.230815172195
2293    0.259864091873
2279    0.303364038467
2301    0.346881151199
2302    0.390240192413
2317    0.437115192413
2316    0.475167989731
2312    0.508646965027
2333    0.537067174911
2340    0.573235988617
2330    0.611309051514
2435    0.640211105347
2350    0.678717136383
2344    0.717427015305
2364    0.762802124023
2372    0.798822164536
2390    0.828728199005
2486    0.863640069962
2401    0.893539190292
2421    0.923305034637
2417    0.957933187485
2404    0.988236188889
2408    1.0311191082
2424    1.06569719315
2432    1.12670707703
2442    1.16828298569
2439    1.20642709732
2426    1.24241304398
2421    1.28012013435
2391    1.3267621994
2374    1.35356998444
2353    1.38519406319
2348    1.42186498642
2320    1.45850014687
2286    1.48950314522
2254    1.51830816269
2240    1.55941605568
2220    1.5924949646
2224    1.63003110886
2229    1.66314911842
2214    1.6947259903
2210    1.73829317093
2198    1.7819621563
2185    1.82419919968
2190    1.85963511467
2170    1.89315009117
2152    1.92644715309
2144    1.96847915649
2138    2.00674700737
2137    2.05171704292
2116    2.09967303276
2105    2.13285517693
2096    2.17636609077
2100    2.21977806091
2098    2.25841403008
2101    2.29696416855
2084    2.33017802238
2094    2.38170313835
2073    2.41764998436
2162    2.44862818718
2069    2.47983813286
2064    2.51073813438
2058    2.54825901985
2053    2.57615208626
2053    2.60310316086
2041    2.6351749897
2034    2.67854213715
2032    2.70660400391
2022    2.75996899605
2022    2.80570697784
2019    2.81247615814
2025    2.85047507286
0    2.8828151226
2022    2.88747406006
1999    2.9172129631
0    2.94552516937
2016    2.95819211006
2091    2.97346496582
2009    2.99531602859
0    3.03214216232
2006    3.03442811966
2004    3.07192397118
0    3.10509610176
2009    3.11034417152
2011    3.13998198509
0    3.17191720009
2007    3.17733001709
2007    3.21753907204
0    3.24507713318
2008    3.25613307953
2009    3.27285313606
0    3.3093521595
2013    3.31664919853
2003    3.35289502144
2089    3.38379096985
2010    3.3906981945
2006    3.4122262001
0    3.44566011429
2013    3.45296096802
2005    3.49299407005
2005    3.50162005424
2001    3.52550816536
0    3.56397104263
2089    3.57221007347
2007    3.61366415024
0    3.64209508896
1999    3.64882016182
2027    3.68429613113
0    3.72019910812
2030    3.7284681797
2114    3.78042197227
2027    3.78841114044
2024    3.81638002396
2024    3.85337018967
2029    3.88505411148
2107    3.91665005684
2032    3.94815301895
2104    3.97779011726
2037    4.03277015686
2121    4.07628798485
2032    4.10426306725
2039    4.13735318184
2036    4.16683411598
2047    4.19863915443
2039    4.2317841053
2053    4.27445411682
2052    4.31796312332
2064    4.36611413956
2050    4.40920305252
2078    4.44163608551
2074    4.46889615059
2072    4.50670099258
2070    4.54004812241
2063    4.57151603699
2083    4.60402607918
2087    4.63531398773
2088    4.6631360054
2090    4.70344209671
2093    4.72685909271
2102    4.75010704994
2113    4.78873610497
2198    4.84155106544
2103    4.88010311127
2118    4.92318916321
2120    4.94987106323
2128    4.98152709007
2134    5.02464318275
2137    5.05449604988
2137    5.09807801247
2158    5.14140701294
2157    5.19448518753
2169    5.22770500183
2165    5.26432609558
2175    5.29211997986
2180    5.33099913597
2280    5.36433506012
2196    5.397534132
2198    5.4358651638
2213    5.4689450264
2210    5.50312709808
2224    5.53609013557
2234    5.57410216331
2328    5.60558319092
2252    5.64910316467
2272    5.69200110435
2272    5.72867798805
2293    5.75654911995
2284    5.79370117188
2303    5.85967898369
2303    5.88781499863
2328    5.89761519432
2314    5.93745207787
0    5.96508908272
2332    5.97137904167
2350    5.99909496307
0    6.04029011726
2372    6.04993796349
2453    6.09385609627
0    6.12255811691
2403    6.13371515274
2394    6.1559419632
0    6.18605399132
2400    6.1993291378
2420    6.23410415649
2436    6.24676012993
2429    6.27665615082
0    6.3171441555
2447    6.32253909111
2437    6.35795402527
2447    6.39526104927
2435    6.43862104416
2420    6.4665491581
2421    6.50977802277
2389    6.54784011841
2375    6.58585309982
2379    6.62376499176
2360    6.65142798424
2469    6.6879529953
2471    6.71981406212
2463    6.74837899208
2382    6.78071308136
2472    6.8176240921
2377    6.87072110176
2390    6.89760708809
2392    6.94946312904
2363    6.98262214661
2375    7.01822113991
2374    7.05981111526
2352    7.08909702301
2433    7.12122607231
2348    7.1578950882
2340    7.19988298416
2330    7.2381541729
2320    7.28163218498
2318    7.31834197044
2300    7.36616110802
2303    7.39937996864
2303    7.43645811081
2286    7.46204805374
2284    7.49589920044
2286    7.52881598473
2276    7.55665707588
2263    7.57943701744
2362    7.6174800396
2268    7.64532017708
2252    7.67809510231
2248    7.71632599831
2252    7.7483689785
2241    7.78541207314
2233    7.82242417336
2245    7.85502815247
2224    7.88299298286
2319    7.91635012627
2231    7.9588739872
2232    7.99548101425
2207    8.03561496735
2207    8.09430599213
2210    8.13506603241
2220    8.16495108604
2215    8.19493317604
2210    8.22774910927
2211    8.26045203209
2212    8.3007311821
2219    8.33820414543
2202    8.37519907951
2216    8.40700316429
2212    8.4503390789
2211    8.48347997665
2221    8.51306414604
2294    8.54720211029
2213    8.57189202309
2213    8.5964641571
2211    8.62604212761
2202    8.67055106163
2211    8.71559214592
2221    8.75349402428
2235    8.7884349823
2229    8.82866096497
2237    8.86687207222
2226    8.90422296524
2245    8.94152116776
2258    8.9822499752
2258    9.0144970417
2248    9.04576611519
2265    9.08484196663
2272    9.11915206909
2268    9.16105914116
2292    9.19903612137
2285    9.24233317375
2294    9.28510904312
2294    9.31295919418
2317    9.34615898132
2329    9.38827419281
2357    9.42661213875
2367    9.46912002563
2380    9.51233506203
2376    9.5505759716
2391    9.5939040184
2400    9.62023496628
2408    9.65407109261
2418    9.68067502975
2435    9.71666407585
2436    9.7546081543
2442    9.787940979
2441    9.83548116684
2465    9.87231206894
2454    9.92967414856
2559    9.95632505417
2464    9.98920917511
2485    10.0323131084
2508    10.0602121353
2494    10.0957620144
2492    10.1324281693
2521    10.1742420197
2513    10.2071089745
2607    10.2459089756
2539    10.2718930244
2532    10.308743
2514    10.3353271484
2510    10.3672320843
2499    10.3978691101
2477    10.4285290241
2451    10.4617781639
2433    10.4885201454
2421    10.5282599926
2397    10.5615839958
2398    10.6096470356
2464    10.6527600288
2367    10.6909739971
2356    10.7230131626
2344    10.7548141479
2325    10.7867310047
2313    10.835103035
2289    10.8671791553
2286    10.8998680115
2263    10.9386291504
2260    10.9755761623
2331    11.0121731758
2233    11.0486531258
2313    11.0812020302
2303    11.1120920181
2272    11.1555500031
2202    11.1864020824
2191    11.2171361446
2167    11.260363102
2168    11.3041341305
2147    11.342416048
2150    11.3857619762
2216    11.4279670715
2133    11.480410099
2117    11.5084211826
2101    11.5470101833
2105    11.5849640369
2188    11.6364150047
2102    11.6694130898
2101    11.6975879669
2109    11.7332930565
2087    11.7869930267
2092    11.8226101398
2078    11.873540163
2088    11.9063081741
2086    11.9599511623
2071    11.9982199669
2074    12.0423080921
2071    12.0747711658
2072    12.112760067
2153    12.1406290531
2073    12.1739251614
2070    12.2162311077
2163    12.2497251034
2070    12.2880930901
2077    12.3345401287
2079    12.3682861328
2075    12.4006240368
2070    12.4438750744
2070    12.4769630432
2070    12.5136480331
2070    12.5563910007
2071    12.5915961266
2086    12.6346399784
2071    12.6724309921
2095    12.7157289982
2083    12.7437050343
2166    12.7771790028
2087    12.8160979748
2095    12.8481149673
2092    12.8797981739
2090    12.9074690342
2082    12.940677166
2079    12.9708971977
2084    13.0139670372
2095    13.041875124
2081    13.0847451687
2099    13.1333491802
2101    13.1662921906
2101    13.1991419792
2181    13.2425811291
2097    13.2843101025
2101    13.3227090836
2105    13.3658440113
2111    13.40832901
2192    13.4464991093
2130    13.4895811081
2128    13.5202209949
2119    13.549726963
2122    13.5823361874
2127    13.6094081402
2138    13.6426730156
2136    13.6805911064
2131    13.7225651741
2152    13.7556130886
2231    13.7888491154
2147    13.8274970055
2240    13.8608820438
2168    13.8919920921
2164    13.9280571938
2160    13.9610390663
2192    13.9961130619
2183    14.0261421204
2187    14.0609750748
2204    14.0910830498
2195    14.1338660717
2200    14.1759881973
2202    14.214411974
2209    14.2464570999
2229    14.2764821053
2303    14.3200170994
2312    14.3633270264
2249    14.3890070915
2241    14.4398210049
2250    14.4763569832
2259    14.5210750103
2259    14.5485141277
2267    14.5810739994
2280    14.6099550724
2264    14.6439599991
2294    14.6778559685
2294    14.7223141193
2303    14.7680530548
2410    14.8029839993
2335    14.8378450871
2340    14.8673419952
2441    14.8980491161
2361    14.9338181019
2363    14.9707801342
2388    15.0019721985
2397    15.0324380398
2404    15.0628731251
2414    15.1101961136
2448    15.1685340405
2448    15.2067739964
2448    15.2099170685
2538    15.2382230759
2461    15.2701971531
2496    15.3125061989
2479    15.3500611782
2501    15.3824021816
2504    15.4203801155
2496    15.4583849907
2486    15.4914600849
2488    15.5194649696
2466    15.5525071621
2454    15.580532074
2466    15.6134791374
2454    15.6414620876
2453    15.6948699951
2432    15.7382659912
2422    15.7750380039
2421    15.8077449799
2412    15.8395740986
2512    15.8713881969
2415    15.901802063
2403    15.9333670139
2398    15.9651391506
2378    16.0075001717
2381    16.0403699875
2377    16.0759100914
2366    16.1090919971
2373    16.1369869709
2349    16.1831190586
2348    16.2201361656
2324    16.2534470558
2331    16.280600071
2326    16.3140239716
2313    16.3473751545
2303    16.379196167
2300    16.4119150639
2302    16.4591829777
2300    16.4897110462
2282    16.5330569744
2294    16.5628371239
2363    16.593611002
2363    16.6214241982
2272    16.6544020176
2282    16.6849060059
2256    16.71976614
2261    16.7454771996
2248    16.7778611183
2254    16.8158111572
2243    16.8642520905
2247    16.902105093
2249    16.9382891655
2249    16.9705240726
2242    17.007158041
2238    17.0524871349
2234    17.0875000954
2341    17.1133000851
2228    17.1492640972
2240    17.1849431992
2250    17.2206699848
2235    17.2563149929
2250    17.2819550037
2241    17.3142631054
2253    17.3495750427
2252    17.379817009
2352    17.4230849743
2244    17.4668571949
2245    17.5039541721
2243    17.5376031399
2244    17.5799620152
2244    17.60729599
2251    17.639662981
2258    17.6906270981
2372    17.7296340466
