2597    0.0273149013519
2513    0.0601918697357
2528    0.0938677787781
2531    0.121845960617
2535    0.158651828766
2535    0.199898958206
2625    0.228136777878
2545    0.274158000946
2567    0.317624807358
2584    0.351128816605
2570    0.384396791458
2656    0.428028821945
2577    0.471466779709
2589    0.504634857178
2680    0.540121793747
2600    0.568484783173
2599    0.611775875092
2615    0.665107965469
2631    0.706791877747
2641    0.739211797714
2712    0.766933917999
2641    0.800596952438
2725    0.844043970108
2654    0.886783838272
2653    0.922729969025
2673    0.959043979645
2761    0.984744787216
2675    1.01704788208
2673    1.06436800957
2757    1.09673500061
2684    1.13411188126
2694    1.16142487526
2694    1.19378781319
2704    1.22069597244
2710    1.25306296349
2700    1.29619979858
2713    1.32276391983
2706    1.35937094688
2715    1.400608778
2717    1.42659497261
2709    1.45907592773
2711    1.50232887268
2712    1.53567194939
2722    1.56200194359
2714    1.59528398514
2713    1.63881182671
2723    1.6694278717
2724    1.70038580894
2714    1.7436208725
2719    1.78584980965
2714    1.81890082359
2713    1.85685586929
2715    1.89763498306
2713    1.93102884293
2714    1.97438883781
2726    2.00048398972
2716    2.03369283676
2723    2.06482887268
2716    2.09347701073
2716    2.12716984749
2712    2.17119383812
2710    2.19923186302
2708    2.24241685867
2705    2.28563284874
2708    2.32810688019
2705    2.36641979218
2717    2.41000986099
2714    2.44828486443
2706    2.47625589371
2716    2.51230978966
2705    2.5553689003
2696    2.59881877899
2687    2.6369137764
2677    2.6798658371
2747    2.72210288048
2648    2.76018285751
2631    2.80336594582
2643    2.84661078453
2627    2.89002299309
2613    2.92835879326
2600    2.96677780151
2608    3.01026678085
2584    3.03822278976
2669    3.07117390633
2559    3.09916996956
2574    3.13219594955
2573    3.16023087502
2554    3.19321489334
2554    3.23118877411
2548    3.26917290688
2536    3.3126168251
2526    3.3509759903
2526    3.39435386658
2532    3.4245698452
2505    3.46716785431
2512    3.49715185165
2511    3.54047489166
2497    3.5695309639
2497    3.59734582901
2501    3.63458800316
2502    3.67259287834
2500    3.72403097153
2579    3.75190591812
2511    3.78406500816
2498    3.81671094894
2497    3.84668183327
2484    3.88163590431
2490    3.90658283234
2496    3.94256281853
2496    3.97295594215
2492    4.00368881226
2568    4.03604698181
2481    4.06882095337
2484    4.1130168438
2492    4.15154600143
2505    4.18348884583
2589    4.21361899376
2502    4.24646091461
2499    4.27932691574
2590    4.30943083763
2497    4.3377468586
2523    4.37395381927
2600    4.41682195663
2514    4.45527386665
2535    4.5066409111
2524    4.53993296623
2616    4.57220292091
2536    4.60613894463
2552    4.63022685051
2549    4.66933584213
2550    4.69998884201
2559    4.73763585091
2568    4.76596188545
2559    4.80108189583
2591    4.84202980995
2586    4.88058185577
2609    4.92378282547
2600    4.97046279907
2621    5.003937006
2628    5.03204798698
2628    5.06492900848
2736    5.10178494453
2644    5.13914585114
2651    5.18226385117
2648    5.21154594421
2665    5.2473089695
2665    5.28043985367
2673    5.32889294624
2687    5.36223888397
2696    5.39615988731
2687    5.42462182045
2694    5.45544981956
2694    5.48340582848
2694    5.52088594437
2701    5.55322980881
2701    5.59339499474
2706    5.6372988224
2715    5.68057179451
2719    5.71834492683
2711    5.76559495926
2713    5.81255292892
2724    5.84475779533
2724    5.8768517971
2715    5.905189991
2713    5.93839478493
2725    5.97111392021
2726    6.01173877716
2715    6.05503082275
2801    6.08910179138
2716    6.1230700016
2726    6.15220594406
2725    6.18654489517
2807    6.21789979935
2723    6.24727582932
2715    6.28010296822
2725    6.3268737793
2724    6.35972690582
2715    6.39810490608
2715    6.42655897141
2724    6.46022677422
2714    6.49871993065
2717    6.53696489334
2713    6.57375693321
2704    6.60198688507
2716    6.63804888725
2695    6.67578482628
2700    6.71108078957
2694    6.74911093712
2701    6.79210281372
2708    6.83536291122
2719    6.87388682365
2793    6.9173848629
2714    6.95520401001
2713    6.99804782867
2713    7.02542996407
2713    7.06279087067
2716    7.0901658535
2723    7.12755584717
2714    7.15488195419
2719    7.18228578568
2715    7.21456980705
2795    7.24685096741
2716    7.27414894104
2715    7.3118789196
2725    7.36445879936
2725    7.39557981491
2715    7.42732596397
2725    7.45747184753
2713    7.49311685562
2724    7.53469395638
2721    7.5729367733
2714    7.61642885208
2806    7.64342498779
2712    7.67570495605
2711    7.70364785194
2714    7.73722290993
2714    7.77448582649
2722    7.82766890526
2712    7.86441993713
2721    7.89177584648
2720    7.92511987686
2719    7.95770382881
2788    8.00253295898
2715    8.04094600677
2719    8.07157588005
2714    8.10209798813
2706    8.13786196709
2716    8.17355489731
2715    8.20393490791
2702    8.23673987389
2711    8.28366279602
2704    8.32168889046
2706    8.36971378326
2701    8.40329289436
2792    8.44158697128
2710    8.47977185249
2700    8.51624584198
2705    8.54859280586
2780    8.58093190193
2698    8.60825181007
2700    8.64060688019
2700    8.67291593552
2701    8.71529889107
2700    8.74764299393
2700    8.78002095222
2700    8.81237697601
2779    8.84481883049
2705    8.87715482712
2705    8.90448379517
2712    8.93686890602
2712    8.96432185173
2704    9.00207281113
2709    9.06057286263
2709    9.09866189957
2722    9.13525700569
2713    9.17339777946
2713    9.20030784607
2712    9.23733091354
2723    9.26394987106
2712    9.29688382149
2714    9.33519983292
2715    9.37032389641
2713    9.39857578278
2723    9.46447491646
2716    9.51049995422
2714    9.54329681396
2713    9.58636784554
2714    9.62947583199
2725    9.66578793526
2716    9.6976788044
2715    9.73049378395
2804    9.76214694977
2724    9.79305291176
2725    9.8295648098
2796    9.87312197685
2724    9.91160988808
2714    9.95493078232
2713    9.99792695045
2723    10.0228438377
2715    10.0578198433
2726    10.0880689621
2715    10.1314799786
2725    10.174779892
2722    10.2331819534
2724    10.2705848217
2712    10.2980937958
2714    10.3308699131
2714    10.3617429733
2712    10.4034337997
2707    10.4521608353
2707    10.4955759048
2705    10.5304148197
2686    10.5781948566
2662    10.6114618778
2641    10.6502728462
2613    10.6744139194
2605    10.7072298527
2559    10.7406008244
2617    10.768917799
2509    10.8016748428
2524    10.8337099552
2480    10.8650798798
2572    10.9017078876
2497    10.9440078735
2525    10.9761528969
2571    11.0185408592
2599    11.0508439541
2639    11.088231802
2665    11.115557909
2694    11.1429138184
2683    11.1802899837
2704    11.2226219177
2791    11.2499139309
2706    11.2871959209
2710    11.3244829178
2794    11.351834774
2710    11.3840928078
2710    11.4213488102
2712    11.4487228394
2713    11.4809479713
2713    11.5132818222
2725    11.543432951
2714    11.5767469406
2712    11.6199588776
2724    11.6629049778
2714    11.7009909153
2805    11.7385728359
2714    11.7747118473
2724    11.814565897
2714    11.8521327972
2713    11.8803548813
2721    11.9184098244
2709    11.9617269039
2712    11.99492383
2721    12.0297470093
2714    12.0620048046
2707    12.0892028809
2710    12.1269488335
2789    12.1699049473
2715    12.2100009918
2718    12.2351059914
2790    12.2677619457
2715    12.3033049107
2715    12.3291139603
2716    12.3663918972
2709    12.3918998241
2783    12.4251408577
2699    12.4574198723
2711    12.4992389679
2701    12.5366950035
2701    12.5800528526
2700    12.6227309704
2702    12.6485807896
2704    12.6957268715
2691    12.7340328693
2694    12.7721438408
2685    12.7995698452
2684    12.8345928192
2697    12.8707528114
2687    12.9048268795
2681    12.9543077946
2766    12.9903738499
2686    13.0176918507
2693    13.0496349335
2694    13.0833659172
2686    13.1214048862
2778    13.1513299942
2696    13.1832590103
2704    13.2308089733
2696    13.2740957737
2702    13.2999038696
2704    13.3315248489
2693    13.364109993
2784    13.3991367817
2692    13.4240028858
2697    13.469083786
2697    13.4990079403
2699    13.5364689827
2694    13.5643589497
2700    13.5918807983
2700    13.6353888512
2705    13.6731438637
2713    13.7027289867
2711    13.7381639481
2714    13.7637109756
2705    13.7997529507
2709    13.8254117966
2716    13.8583657742
2718    13.8932068348
2719    13.9351739883
2707    13.9781808853
2722    14.0039908886
2716    14.0399940014
2710    14.0859928131
2721    14.1220829487
2713    14.165514946
2714    14.2079868317
2714    14.2365889549
2713    14.2638759613
2715    14.2993438244
2724    14.3426008224
2718    14.3958079815
2714    14.4241309166
2713    14.4572939873
2715    14.4859437943
2726    14.5221898556
2714    14.5505168438
2725    14.5868458748
2715    14.6245439053
2723    14.6551527977
2714    14.6903288364
2714    14.7235178947
2713    14.7620069981
2713    14.8054709435
2726    14.8319118023
2716    14.8655610085
2805    14.9094939232
2715    14.9477338791
2725    14.9834477901
2720    15.0177788734
2720    15.055218935
2715    15.0825688839
2720    15.1249358654
2712    15.1572508812
2714    15.1895699501
2715    15.2218608856
2713    15.2541499138
2792    15.2865099907
2710    15.3139009476
2704    15.351295948
2705    15.3836867809
2701    15.4160709381
2704    15.4483978748
2695    15.4857568741
2705    15.5125749111
2699    15.5409429073
2705    15.5741689205
2712    15.6073279381
2709    15.6357939243
2708    15.6690897942
2710    15.7072839737
2705    15.7398989201
2712    15.7707338333
2715    15.8117849827
2693    15.8510138988
2694    15.894423008
2698    15.9200677872
2696    15.954928875
2672    15.9952437878
2665    16.0280718803
2665    16.0665769577
2652    16.1097028255
2642    16.1338629723
2651    16.1733608246
2629    16.2161979675
2614    16.2441267967
2616    16.2771549225
2604    16.315612793
2586    16.3490169048
2589    16.3925127983
2568    16.4359059334
2572    16.4729788303
2559    16.5030078888
2636    16.5357658863
2552    16.5779728889
2541    16.615350008
2541    16.6475849152
2524    16.674808979
2602    16.7292258739
2527    16.7665319443
2512    16.7989208698
2511    16.8362438679
2594    16.8685629368
2494    16.9013447762
2496    16.93419981
2500    16.9620440006
2499    16.9948718548
2494    17.0276498795
2498    17.0557408333
2498    17.0883579254
2496    17.1268348694
2483    17.1545917988
2491    17.1881878376
2484    17.223815918
2492    17.2496778965
2490    17.2817587852
2482    17.3248407841
2487    17.3516199589
2496    17.3873119354
2483    17.4173138142
2489    17.4574379921
2491    17.4831149578
2474    17.5154738426
2481    17.5478157997
2486    17.5805618763
2492    17.6236457825
2494    17.6648759842
2510    17.6956849098
2500    17.7384839058
2500    17.781744957
2507    17.8197069168
2517    17.852891922
2514    17.8865439892
2535    17.9171478748
2517    17.9536600113
2518    17.9968709946
2524    18.0307328701
2540    18.0591979027
2617    18.0914509296
2555    18.1267299652
