2505    0.0373649597168
2512    0.0640201568604
2540    0.0988521575928
2537    0.124380111694
2522    0.160246133804
2531    0.186866044998
2552    0.228664159775
2539    0.267138004303
2550    0.310603141785
2559    0.340450048447
2656    0.398760080338
2577    0.438891172409
2579    0.473925113678
2585    0.501996040344
2597    0.534159183502
2600    0.566425085068
2617    0.599070072174
2627    0.630942106247
2615    0.666886091232
2625    0.701882123947
2634    0.738487005234
2651    0.770527124405
2653    0.802320957184
2651    0.835112094879
2664    0.864046096802
2666    0.896320104599
2670    0.92727804184
2682    0.960057973862
2686    1.00312709808
2680    1.04609107971
2693    1.08629202843
2705    1.1261279583
2708    1.15596604347
2701    1.19588017464
2712    1.23088407516
2788    1.26227498055
2785    1.30517911911
2712    1.33461618423
2711    1.36334300041
2710    1.39669013023
2714    1.42896699905
2801    1.45689797401
2724    1.50021505356
2724    1.54312896729
2715    1.58147001266
2715    1.61490297318
2715    1.65849018097
2715    1.70199918747
2723    1.74021410942
2715    1.78626012802
2715    1.82449507713
2725    1.85573601723
2716    1.89819502831
2715    1.93594717979
2714    1.9636759758
2719    2.00699114799
2724    2.03625011444
2714    2.06632399559
2707    2.09644913673
2719    2.13152909279
2705    2.17386507988
2705    2.20938205719
2710    2.24241614342
2705    2.28585100174
2705    2.329226017
2709    2.36639118195
2706    2.39832401276
2712    2.42581415176
2778    2.46323513985
2777    2.49065208435
2687    2.52351713181
2696    2.55330610275
2681    2.58577799797
2673    2.61840701103
2667    2.65149712563
2726    2.69446396828
2641    2.73289418221
2625    2.76610803604
2609    2.80499100685
2610    2.84372615814
2595    2.88355112076
2593    2.91035699844
2600    2.94222807884
2577    2.97388505936
2654    3.01071405411
2559    3.05426096916
2553    3.09765315056
2539    3.13609004021
2542    3.17926001549
2544    3.20653104782
2535    3.23830318451
2518    3.27127599716
2509    3.31424999237
2514    3.35321116447
2589    3.38934397697
2493    3.43278717995
2497    3.47554802895
2573    3.51820611954
2575    3.54610300064
2507    3.58018398285
2504    3.60738015175
2496    3.64096617699
2485    3.6740231514
2483    3.70157313347
2480    3.74540805817
2474    3.78877902031
2492    3.81934714317
2475    3.85095715523
2482    3.87833714485
2484    3.91142416
2492    3.94235706329
2476    3.98559904099
2491    4.01609396935
2493    4.0484380722
2488    4.09516215324
2506    4.13050508499
2496    4.1768989563
2505    4.21332097054
2508    4.24508404732
2492    4.28665709496
2516    4.31336402893
2521    4.34550595284
2510    4.37716007233
2539    4.41116714478
2614    4.44531702995
2530    4.49846196175
2539    4.53655815125
2620    4.56353902817
2543    4.59591197968
2548    4.62867712975
2643    4.66200017929
2567    4.6928691864
2559    4.72529697418
2657    4.77824997902
2671    4.80586695671
2613    4.84348607063
2604    4.87108612061
2684    4.9037270546
2615    4.93628001213
2623    4.96378707886
2628    4.9967751503
2645    5.02473402023
2635    5.0626809597
2653    5.10567116737
2652    5.13425803185
2673    5.16217017174
2676    5.20063495636
2676    5.22914004326
2687    5.25775098801
2675    5.29110503197
2686    5.319699049
2692    5.35069608688
2704    5.38119196892
2705    5.41679096222
2705    5.45795297623
2784    5.49617314339
2705    5.52948713303
2707    5.55677700043
2709    5.5890610218
2789    5.6213581562
2712    5.64875507355
2712    5.68606996536
2713    5.71348595619
2719    5.745896101
2712    5.77825903893
2797    5.82094311714
2714    5.86483597755
2725    5.90294599533
2714    5.93531417847
2726    5.96824216843
2715    6.00840711594
2715    6.04119896889
2724    6.07956218719
2714    6.12247109413
2716    6.15045809746
2712    6.18346714973
2726    6.21232199669
2726    6.24930715561
2713    6.30244016647
2712    6.33494997025
2715    6.36740398407
2723    6.39848899841
2712    6.42998409271
2710    6.45800495148
2709    6.49137401581
2716    6.52984118462
2708    6.5657119751
2694    6.5982670784
2768    6.64152598381
2711    6.69154214859
2704    6.73419117928
2719    6.76457905769
2719    6.7982749939
2712    6.82251000404
2723    6.85899996758
2724    6.89056015015
2715    6.91923904419
2714    6.95238113403
2715    6.98915410042
2715    7.02484297752
2726    7.05040597916
2799    7.09593605995
2725    7.13020205498
2716    7.16878199577
2715    7.19591116905
2723    7.23166418076
2723    7.25776100159
2715    7.29333806038
2714    7.33391904831
2800    7.37228012085
2726    7.40297198296
2715    7.4455780983
2714    7.48465394974
2713    7.52800607681
2715    7.55473613739
2725    7.58980107307
2714    7.62120509148
2712    7.66435003281
2712    7.70664405823
2721    7.74832510948
2722    7.78759908676
2711    7.8256380558
2791    7.85988903046
2712    7.89071512222
2710    7.94365215302
2707    7.98554110527
2708    8.01855897903
2709    8.05138397217
2707    8.08963513374
2785    8.12057209015
2707    8.15112614632
2713    8.19807696342
2703    8.2361240387
2704    8.28387618065
2716    8.3288090229
2707    8.37334704399
2713    8.41138315201
2715    8.4382610321
2705    8.47138810158
2712    8.50823712349
2798    8.54517602921
2714    8.59283208847
2702    8.63399004936
2795    8.67074418068
2706    8.69871115685
2705    8.73170804977
2708    8.77352809906
2718    8.80358099937
2715    8.83869695663
2714    8.8768761158
2711    8.92019510269
2711    8.9636490345
2722    9.01303100586
2792    9.04863905907
2723    9.08329510689
2713    9.11292099953
2723    9.14753699303
2715    9.19210004807
2720    9.21659398079
2724    9.25147294998
2714    9.2943520546
2725    9.31934213638
2725    9.34958910942
2724    9.3844499588
2714    9.41447210312
2724    9.44531917572
2714    9.47840595245
2725    9.51618814468
2722    9.55391216278
2726    9.58550310135
2798    9.62880301476
2800    9.66731405258
2714    9.69533514977
2713    9.73134613037
2715    9.77070999146
2726    9.80443406105
2718    9.8376121521
2800    9.87577414513
2717    9.91783308983
2716    9.95647716522
2716    9.99960803986
2715    10.0405380726
2716    10.0678851604
2719    10.1002531052
2716    10.1325950623
2799    10.1652641296
2724    10.1908450127
2721    10.2246940136
2726    10.2586569786
2724    10.2943429947
2719    10.3357570171
2706    10.374530077
2701    10.4078710079
2788    10.4401681423
2697    10.4813170433
2675    10.5182039738
2640    10.5545229912
2606    10.5876309872
2587    10.6248550415
2567    10.6653990746
2528    10.7039079666
2477    10.7465851307
2467    10.7749121189
2457    10.8121621609
2481    10.8390209675
2478    10.8744251728
2496    10.9125649929
2543    10.9510421753
2569    10.9838490486
2614    11.0166599751
2640    11.0549030304
2675    11.0888261795
2689    11.1215670109
2700    11.1648101807
2788    11.2036030293
2702    11.2468841076
2707    11.2904121876
2712    11.3286399841
2796    11.3608169556
2712    11.3992760181
2715    11.4433879852
2723    11.478126049
2725    11.5086510181
2711    11.5454831123
2713    11.5830340385
2714    11.6143929958
2722    11.6463091373
2715    11.6786370277
2724    11.7135660648
2725    11.7492041588
2713    11.7890501022
2713    11.826791048
2723    11.8751649857
2712    11.91842103
2793    11.9616191387
2720    11.999737978
2712    12.0372080803
2715    12.0759689808
2803    12.1118681431
2708    12.1423830986
2719    12.1740000248
2717    12.2098481655
2707    12.2596731186
2716    12.2912101746
2712    12.3228161335
2715    12.3544170856
2700    12.3865470886
2711    12.4178571701
2704    12.4611029625
2708    12.4991950989
2710    12.5304310322
2697    12.5624101162
2700    12.6053609848
2694    12.6435570717
2692    12.6864039898
2704    12.7118940353
2773    12.7453920841
2687    12.773195982
2684    12.806661129
2687    12.8401200771
2692    12.868612051
2695    12.9021379948
2686    12.9306869507
2687    12.9696791172
2687    13.0081150532
2696    13.0517959595
2706    13.0810520649
2695    13.1137580872
2700    13.1419270039
2696    13.1749939919
2694    13.2077820301
2686    13.2508490086
2687    13.2775070667
2697    13.3133339882
2687    13.356249094
2701    13.3849840164
2778    13.4237351418
2711    13.4626569748
2711    13.4977121353
2715    13.5305230618
2704    13.5624251366
2705    13.6056361198
2706    13.6486821175
2703    13.6839251518
2709    13.7161421776
2708    13.7582001686
2708    13.7941560745
2707    13.8258459568
2706    13.8565971851
2711    13.8898031712
2711    13.9286739826
2710    13.9718830585
2719    14.0178260803
2723    14.0555980206
2714    14.0838320255
2725    14.1226930618
2714    14.1501741409
2714    14.1859171391
2720    14.2119321823
2808    14.2459521294
2723    14.2842030525
2713    14.3190770149
2725    14.3605320454
2724    14.3946111202
2712    14.4414870739
2721    14.4780030251
2714    14.5117080212
2724    14.544052124
2716    14.5763940811
2718    14.608795166
2715    14.6411149502
2716    14.6691861153
2714    14.7127051353
2717    14.7582249641
2716    14.7931270599
2726    14.8239490986
2714    14.8568530083
2714    14.899638176
2724    14.9255101681
2725    14.9571790695
2799    14.9904251099
2723    15.0185470581
2724    15.0517940521
2719    15.0849990845
2716    15.1134719849
2715    15.1466879845
2723    15.1799149513
2800    15.2180700302
2703    15.246240139
2712    15.2793781757
2701    15.3075511456
2704    15.3407399654
2693    15.3689169884
2694    15.407020092
2700    15.4401659966
2705    15.4784350395
2716    15.5121021271
2705    15.5603339672
2795    15.5924479961
2704    15.636152029
2700    15.6786630154
2697    15.717015028
2691    15.7550990582
2695    15.7912681103
2768    15.8177440166
2677    15.8475551605
2663    15.8866000175
2675    15.9294900894
2654    15.97239995
2642    15.9990081787
2626    16.0336341858
2627    16.0621500015
2620    16.1156861782
2693    16.1489880085
2601    16.1857271194
2586    16.2226660252
2596    16.2542850971
2576    16.2958569527
2556    16.3288710117
2559    16.3567910194
2558    16.3947989941
2533    16.4177880287
2632    16.4535400867
2526    16.4785001278
2537    16.5118379593
2529    16.5404560566
2535    16.5773341656
2513    16.6036000252
2510    16.6389331818
2509    16.6702959538
2501    16.7089021206
2493    16.7423751354
2500    16.770332098
2507    16.8057670593
2482    16.8491029739
2491    16.8863799572
2480    16.9303979874
2488    16.9667830467
2492    16.9964909554
2470    17.0264210701
2470    17.0623919964
2477    17.0894711018
2468    17.1258251667
2470    17.16365695
2477    17.1950790882
2467    17.2325701714
2473    17.2690281868
2475    17.3116321564
2554    17.3534779549
2466    17.3803219795
2475    17.4166591167
2467    17.4603750706
2466    17.497177124
2476    17.5293791294
2554    17.5630521774
2466    17.5880711079
2478    17.6283781528
2567    17.6606800556
2482    17.6930730343
2478    17.7317481041
2489    17.767013073
2488    17.796653986
2497    17.8301341534
2511    17.8606960773
2499    17.8913459778
2497    17.9288191795
2523    17.977241993
2535    18.0196781158
2539    18.0558450222
2544    18.0873811245
