2605    0.0433030128479
2526    0.0815739631653
2533    0.119395971298
2544    0.152463912964
2548    0.199412822723
2559    0.23921084404
2569    0.283977985382
2577    0.308596849442
2680    0.343453884125
2667    0.37340593338
2603    0.409384965897
2603    0.447554826736
2608    0.477865934372
2613    0.510273933411
2620    0.557909011841
2620    0.601097822189
2639    0.636872053146
2653    0.684360027313
2654    0.72274684906
2654    0.766157865524
2672    0.791447877884
2666    0.825001955032
2673    0.859959840775
2687    0.89734005928
2687    0.934861898422
2692    0.97091293335
2784    1.01512002945
2786    1.05819988251
2784    1.09612703323
2710    1.12925887108
2713    1.16355586052
2721    1.18921899796
2709    1.21800804138
2708    1.25092101097
2792    1.28427290916
2712    1.32740283012
2713    1.37015891075
2726    1.40871500969
2712    1.44686388969
2716    1.48006987572
2716    1.51328992844
2720    1.54203486443
2715    1.58529305458
2716    1.62857103348
2716    1.68165802956
2714    1.7248878479
2713    1.76685500145
2714    1.81018590927
2724    1.84844899178
2716    1.88018989563
2714    1.92354393005
2715    1.96699690819
2715    2.00507283211
2808    2.03694105148
2713    2.06786990166
2709    2.10041093826
2711    2.14730191231
2715    2.18057394028
2799    2.21260404587
2696    2.24073696136
2703    2.27624893188
2708    2.31352996826
2721    2.34981894493
2712    2.39040994644
2802    2.42137598991
2712    2.45499300957
2713    2.49775385857
2713    2.53443098068
2721    2.56592583656
2715    2.61926102638
2717    2.66774892807
2801    2.6928858757
2715    2.72951292992
2703    2.77295994759
2700    2.81131196022
2700    2.85466504097
2785    2.88540005684
2704    2.91426682472
2705    2.95337796211
2697    2.9905860424
2684    3.03896903992
2685    3.06738305092
2678    3.09924697876
2661    3.13189601898
2669    3.16764688492
2664    3.21098399162
2653    3.2441868782
2647    3.27588391304
2664    3.31074690819
2653    3.34043097496
2654    3.3722448349
2634    3.41543292999
2635    3.45804786682
2637    3.48207688332
2637    3.52122282982
2691    3.54536986351
2637    3.57963395119
2626    3.61407184601
2612    3.65206503868
2626    3.68780088425
2618    3.72475099564
2617    3.75291490555
2615    3.79554486275
2615    3.83938789368
2621    3.88030195236
2618    3.91856598854
2618    3.96180391312
2614    4.00003290176
2615    4.04334998131
2614    4.08656692505
2612    4.12453794479
2623    4.15439486504
2628    4.18043494225
2636    4.21363592148
2629    4.26065802574
2630    4.2969789505
2622    4.33084797859
2639    4.36022305489
2645    4.39390087128
2636    4.42255282402
2654    4.45141983032
2724    4.48515987396
2736    4.51891183853
2646    4.55256295204
2654    4.58128595352
2659    4.61101198196
2670    4.65104389191
2669    4.69326591492
2676    4.72677183151
2687    4.7621588707
2676    4.80003905296
2687    4.82791399956
2686    4.86075901985
2699    4.89370584488
2701    4.93023300171
2697    4.96673798561
2708    4.99757790565
2705    5.03474593163
2716    5.06967282295
2706    5.10242390633
2715    5.1333758831
2709    5.17695498466
2709    5.22032284737
2718    5.26134705544
2711    5.2891960144
2717    5.32246494293
2713    5.36556005478
2718    5.41886401176
2723    5.44458889961
2725    5.48162889481
2714    5.52027988434
2714    5.56326603889
2725    5.60210704803
2716    5.64494490623
2714    5.68832802773
2723    5.73186802864
2718    5.7749979496
2795    5.83333301544
2725    5.87626194954
2804    5.90920591354
2726    5.939442873
2725    5.97039294243
2714    5.9986770153
2714    6.03524398804
2718    6.07641482353
2712    6.1188788414
2718    6.15448498726
2723    6.19259190559
2705    6.22069597244
2709    6.24818682671
2712    6.28618597984
2694    6.31394600868
2679    6.34671401978
2680    6.37390494347
2650    6.40643596649
2638    6.43922495842
2620    6.47194290161
2572    6.49974989891
2572    6.53226304054
2570    6.56510090828
2642    6.59292793274
2632    6.62575101852
2676    6.65865683556
2698    6.68652486801
2693    6.71429491043
2701    6.75222301483
2710    6.77946805954
2711    6.81167793274
2769    6.84890985489
2719    6.88171386719
2714    6.92499089241
2713    6.95762586594
2714    6.98616290092
2714    7.02464795113
2716    7.06250786781
2715    7.09028100967
2713    7.12308096886
2794    7.160820961
2723    7.18367791176
2719    7.2065320015
2721    7.24435901642
2715    7.27210903168
2719    7.30495786667
2722    7.33492588997
2715    7.36817598343
2725    7.39893388748
2713    7.44295096397
2714    7.47958183289
2714    7.51204895973
2712    7.54451203346
2710    7.57682704926
2714    7.6142718792
2713    7.6572329998
2721    7.6930038929
2710    7.74434304237
2709    7.78766894341
2710    7.82885694504
2710    7.87366104126
2710    7.91169691086
2708    7.93853592873
2712    7.97053289413
2712    8.00274896622
2716    8.03384304047
2705    8.08231091499
2700    8.11558389664
2700    8.14359283447
2782    8.18037796021
2701    8.22384595871
2700    8.27115082741
2712    8.30523300171
2701    8.34275388718
2701    8.37519192696
2709    8.40447282791
2694    8.43753194809
2707    8.46646094322
2699    8.50537085533
2700    8.53941583633
2707    8.56357502937
2708    8.59911704063
2704    8.64497089386
2704    8.69027996063
2705    8.71792197227
2709    8.77276396751
2715    8.80599284172
2715    8.8298740387
2718    8.8664188385
2717    8.89768099785
2711    8.94091200829
2712    8.98213887215
2722    9.01277899742
2722    9.04365301132
2711    9.0869948864
2713    9.13014602661
2808    9.16835284233
2720    9.2004840374
2714    9.22909188271
2792    9.26481699944
2805    9.29182982445
2714    9.32525682449
2713    9.36815905571
2716    9.39585900307
2723    9.43178582191
2712    9.45642185211
2714    9.48346495628
2724    9.54176902771
2716    9.57549500465
2722    9.6041738987
2717    9.63788104057
2806    9.66862893105
2724    9.69913983345
2712    9.72983598709
2715    9.75816583633
2716    9.79195690155
2804    9.82844686508
2726    9.87521195412
2715    9.90819501877
2716    9.94090294838
2715    9.97367405891
2713    10.0108039379
2712    10.0510208607
2714    10.0892238617
2724    10.1213109493
2712    10.1644890308
2713    10.2074768543
2718    10.2408568859
2711    10.2659418583
2721    10.302713871
2713    10.3414318562
2718    10.3731789589
2712    10.4069240093
2710    10.4356489182
2700    10.4693439007
2700    10.5030238628
2695    10.5366978645
2686    10.5703699589
2675    10.6090550423
2654    10.6377658844
2639    10.6713998318
2625    10.7002120018
2641    10.730355978
2621    10.7636389732
2662    10.811645031
2675    10.8491430283
2764    10.8782730103
2686    10.9071629047
2694    10.9405488968
2702    10.9823138714
2705    11.0204708576
2719    11.051432848
2712    11.0947320461
2712    11.1329569817
2713    11.1656179428
2712    11.2000398636
2723    11.2247350216
2723    11.262994051
2724    11.2889308929
2714    11.3171720505
2712    11.3504779339
2716    11.3825409412
2713    11.4256818295
2715    11.4526498318
2802    11.4895470142
2721    11.5277600288
2710    11.5708270073
2709    11.5988588333
2716    11.6350488663
2712    11.6653878689
2697    11.7085518837
2704    11.7511658669
2694    11.7902188301
2687    11.8191139698
2687    11.8531448841
2678    11.8872458935
2684    11.911272049
2665    11.9507758617
2663    11.9907858372
2665    12.0258040428
2742    12.0511848927
2657    12.0911488533
2667    12.1260299683
2644    12.1638178825
2653    12.1947000027
2649    12.2262709141
2719    12.2560830116
2628    12.2913169861
2625    12.3346889019
2626    12.3803868294
2708    12.4137609005
2637    12.4525179863
2616    12.4905910492
2708    12.5317578316
2609    12.5639379025
2620    12.6062250137
2600    12.6448559761
2608    12.6761648655
2606    12.7089028358
2610    12.7465999126
2611    12.7815299034
2603    12.8073039055
2599    12.8296790123
2665    12.8626680374
2590    12.8935370445
2582    12.9261519909
2579    12.953925848
2588    12.9867458344
2604    13.0293560028
2598    13.057060957
2601    13.0856230259
2603    13.118765831
2621    13.1537358761
2625    13.1945028305
2615    13.2220139503
2601    13.2547600269
2608    13.2873330116
2605    13.3149719238
2599    13.3475220203
2598    13.3761320114
2687    13.4237139225
2608    13.4572310448
2627    13.490213871
2642    13.5281789303
2730    13.5672848225
2641    13.6106908321
2662    13.6373128891
2649    13.664126873
2744    13.7006618977
2656    13.7474939823
2669    13.7855079174
2668    13.8141958714
2677    13.8429329395
2666    13.8821680546
2680    13.9213368893
2677    13.9598720074
2683    14.0032029152
2687    14.0298428535
2704    14.0651228428
2711    14.0934510231
2697    14.1271679401
2700    14.1739459038
2698    14.2065148354
2705    14.2382488251
2705    14.2678999901
2796    14.3075559139
2719    14.3321928978
2720    14.3668680191
2721    14.3966498375
2716    14.4313409328
2714    14.4659929276
2723    14.4907200336
2713    14.5241520405
2713    14.5533020496
2713    14.5865569115
2714    14.6147978306
2725    14.65218997
2723    14.6793899536
2714    14.7127759457
2715    14.7558498383
2714    14.7987430096
2721    14.8266270161
2723    14.856771946
2726    14.8920538425
2722    14.935477972
2721    14.9694869518
2714    15.0212419033
2723    15.0572879314
2722    15.0925040245
2725    15.1187469959
2797    15.1565010548
2716    15.1938040257
2715    15.2321488857
2725    15.2640910149
2795    15.2959518433
2713    15.329007864
2711    15.3615870476
2718    15.391671896
2797    15.4315760136
2718    15.4700200558
2709    15.5080049038
2716    15.5396609306
2719    15.56949687
2707    15.6027958393
2719    15.6408360004
2705    15.6804628372
2700    15.7129969597
2697    15.7535908222
2705    15.7893769741
2687    15.8213219643
2696    15.8529529572
2766    15.8836729527
2664    15.9192750454
2671    15.9450058937
2667    15.9806900024
2654    16.0212578773
2622    16.0588438511
2623    16.1172189713
2693    16.1553909779
2614    16.1932439804
2591    16.2298738956
2598    16.2576210499
2626    16.2958388329
2598    16.3335819244
2648    16.3722398281
2634    16.4157450199
2559    16.4589588642
2559    16.4956300259
2542    16.5288038254
2541    16.5720689297
2519    16.615270853
2524    16.6580300331
2525    16.6960549355
2527    16.7392549515
2512    16.7824218273
2518    16.8092999458
2507    16.8426818848
2517    16.8792488575
2505    16.9176459312
2503    16.9509348869
2498    16.9836888313
2510    17.0147838593
2507    17.0461308956
2579    17.0897028446
2488    17.1331138611
2501    17.1700868607
2503    17.2082898617
2500    17.2520060539
2500    17.2802698612
2498    17.3230638504
2559    17.3500950336
2498    17.3833968639
2567    17.4159898758
2483    17.4491698742
2498    17.4873919487
2507    17.5187828541
2501    17.5617198944
2500    17.6049950123
2490    17.6530878544
2496    17.6977689266
2501    17.7222490311
2505    17.7592458725
2604    17.7867839336
2521    17.8183188438
2507    17.8460948467
2512    17.8792278767
2509    17.9092128277
2526    17.9428639412
2530    17.9812829494
2529    18.0145330429
2531    18.0588729382
2552    18.085711956
2540    18.1290109158
