2619    0.0335130691528
2545    0.0819180011749
2537    0.11536693573
2542    0.151247024536
2549    0.19454407692
2550    0.232302904129
2568    0.279688119888
2595    0.311876058578
2585    0.344558954239
2681    0.376785039902
2612    0.407525062561
2690    0.443187952042
2616    0.470827102661
2616    0.498250007629
2639    0.538330078125
2629    0.5706179142
2654    0.607296943665
2644    0.634006023407
2639    0.667428970337
2650    0.695914983749
2651    0.729397058487
2665    0.762600898743
2687    0.797200918198
2677    0.842981100082
2698    0.878757953644
2687    0.916445970535
2687    0.94981098175
2691    0.980303049088
2701    1.02074503899
2705    1.04486203194
2711    1.0789680481
2702    1.1255531311
2714    1.16761898994
2716    1.20465493202
2719    1.23609089851
2712    1.27953100204
2722    1.30748105049
2722    1.33959412575
2712    1.3730969429
2724    1.39884710312
2715    1.43233895302
2713    1.46615099907
2714    1.50954294205
2725    1.56267809868
2716    1.60025596619
2716    1.63341593742
2725    1.67161393166
2716    1.71365094185
2714    1.7581949234
2726    1.79908704758
2725    1.85247302055
2716    1.88967490196
2715    1.92352294922
2719    1.95243597031
2714    1.98646306992
2723    2.02283191681
2726    2.05765104294
2715    2.08577895164
2716    2.1288819313
2714    2.16140007973
2710    2.2043299675
2706    2.24440598488
2715    2.27257704735
2701    2.32019305229
2700    2.35725212097
2708    2.39931297302
2712    2.45212507248
2711    2.48082900047
2725    2.51450705528
2724    2.54908394814
2713    2.59031200409
2723    2.62895798683
2710    2.67268610001
2712    2.71591711044
2719    2.7416241169
2709    2.77345108986
2713    2.80936098099
2711    2.85500311852
2710    2.89073991776
2704    2.916410923
2705    2.95213294029
2698    2.99021697044
2687    3.01780605316
2685    3.05123710632
2677    3.08313703537
2674    3.11187911034
2668    3.14420604706
2667    3.17650699615
2757    3.20706105232
2669    3.24085211754
2659    3.28412699699
2659    3.33245301247
2643    3.36891889572
2652    3.39558291435
2626    3.42735600471
2622    3.45966911316
2631    3.49742007256
2641    3.53635406494
2641    3.57564401627
2618    3.61961293221
2707    3.66781497002
2625    3.69959497452
2623    3.72984790802
2616    3.76201701164
2611    3.7970430851
2609    3.8216149807
2619    3.85476398468
2614    3.88967204094
2613    3.93305301666
2694    3.97092604637
2614    4.00831198692
2612    4.03567504883
2622    4.06808805466
2615    4.09537601471
2604    4.13277006149
2620    4.17017006874
2696    4.2025680542
2613    4.23493790627
2619    4.26232600212
2612    4.29511904716
2707    4.33846497536
2634    4.37930393219
2640    4.41786193848
2628    4.45044612885
2645    4.4842209816
2647    4.50865507126
2652    4.54332304001
2655    4.58317995071
2646    4.62160396576
2654    4.65929412842
2667    4.69076991081
2677    4.72140097618
2755    4.75844693184
2676    4.79298305511
2687    4.82286596298
2772    4.87777590752
2695    4.9127509594
2704    4.93791508675
2705    4.97311496735
2699    5.0001809597
2701    5.03360509872
2703    5.07550597191
2700    5.10910105705
2710    5.14708805084
2714    5.17407393456
2790    5.20765709877
2706    5.25107097626
2711    5.29445004463
2713    5.3323829174
2792    5.37466192245
2792    5.41321492195
2794    5.45630407333
2724    5.48869299889
2715    5.52609705925
2714    5.55852413177
2720    5.58590507507
2714    5.61822891235
2715    5.64561510086
2796    5.67800498009
2796    5.71584701538
2715    5.74916195869
2795    5.77753305435
2798    5.81084895134
2724    5.84576010704
2725    5.88102602959
2724    5.91890597343
2726    5.94763612747
2726    5.98133897781
2716    6.00995707512
2723    6.04360699654
2714    6.07231807709
2715    6.12145495415
2711    6.16448092461
2802    6.19442009926
2722    6.2223200798
2710    6.26576590538
2707    6.30762410164
2701    6.33449411392
2768    6.36786293983
2686    6.39864706993
2665    6.43177199364
2638    6.46125602722
2652    6.50187301636
2611    6.54387402534
2613    6.58199191093
2640    6.61747503281
2638    6.64299201965
2666    6.67433309555
2693    6.72718405724
2700    6.77179789543
2710    6.79996299744
2712    6.83185601234
2713    6.85996890068
2725    6.89453101158
2724    6.92528510094
2725    6.9564781189
2716    6.98945808411
2713    7.0318570137
2800    7.05927705765
2715    7.08657503128
2712    7.11390304565
2726    7.15156602859
2715    7.17959094048
2714    7.22302293777
2715    7.26628398895
2715    7.30455112457
2714    7.34773802757
2713    7.3861849308
2712    7.42976903915
2792    7.47287893295
2723    7.51630306244
2713    7.55468893051
2711    7.59798502922
2711    7.63575196266
2721    7.67087006569
2709    7.6976480484
2708    7.73111391068
2709    7.7738609314
2719    7.80759191513
2714    7.8363199234
2706    7.87997889519
2716    7.93664908409
2716    7.97037100792
2712    7.97394609451
2716    8.00729393959
2706    8.04108190536
2700    8.07493305206
2793    8.10571789742
2700    8.13820695877
2711    8.16998791695
2711    8.20842504501
2700    8.24217700958
2690    8.27039790154
2702    8.31160402298
2706    8.34746694565
2704    8.37802600861
2786    8.41371798515
2704    8.44909095764
2694    8.4823141098
2705    8.51654410362
2694    8.55530309677
2703    8.58710098267
2695    8.61897611618
2703    8.65600204468
2704    8.69228792191
2702    8.72594189644
2711    8.75961494446
2788    8.79155611992
2705    8.82137989998
2715    8.85629892349
2712    8.88620591164
2798    8.91609501839
2715    8.95089912415
2719    8.9807100296
2719    9.02059602737
2717    9.05545401573
2707    9.10246109962
2710    9.13349604607
2712    9.16231298447
2710    9.19737911224
2712    9.22813200951
2723    9.25907492638
2714    9.29246401787
2806    9.33406209946
2792    9.36255192757
2798    9.39577507973
2720    9.43266391754
2713    9.47052407265
2724    9.50429105759
2714    9.53800010681
2807    9.57261395454
2725    9.60490703583
2725    9.64600205421
2721    9.679708004
2716    9.7134270668
2796    9.75259208679
2715    9.79061102867
2725    9.82530903816
2804    9.85039806366
2719    9.90364193916
2807    9.93636107445
2724    9.96771907806
2726    10.0017530918
2726    10.0284409523
2716    10.0618870258
2726    10.0938401222
2714    10.1409609318
2716    10.1790308952
2714    10.2174589634
2714    10.2610669136
2725    10.3043670654
2724    10.3427050114
2713    10.3852899075
2724    10.4160540104
2718    10.4492549896
2711    10.4822421074
2719    10.5217969418
2705    10.5653390884
2691    10.6029229164
2687    10.6295161247
2680    10.666932106
2679    10.7000830173
2662    10.7358019352
2652    10.7689340115
2644    10.798940897
2736    10.8339600563
2684    10.8641409874
2697    10.9010848999
2698    10.9330370426
2696    10.9632799625
2693    10.9910171032
2788    11.027985096
2705    11.0701360703
2710    11.1091270447
2710    11.1365599632
2709    11.1685531139
2712    11.201210022
2805    11.2424330711
2711    11.2859299183
2712    11.3246068954
2714    11.3531811237
2718    11.3918619156
2718    11.4295561314
2723    11.4561800957
2713    11.4892001152
2711    11.5229151249
2710    11.5487589836
2721    11.5848269463
2800    11.6243569851
2708    11.6620180607
2715    11.6930289268
2710    11.7299411297
2706    11.7661271095
2704    11.8012139797
2695    11.8391571045
2697    11.8735260963
2677    11.9122619629
2676    11.9538891315
2668    11.9856688976
2663    12.0289459229
2667    12.0557739735
2667    12.0886209011
2656    12.116672039
2652    12.1512100697
2664    12.1994030476
2641    12.2360570431
2640    12.2741730213
2719    12.3174519539
2628    12.3604779243
2632    12.3985369205
2640    12.4403069019
2632    12.468419075
2638    12.4982321262
2623    12.5333230495
2614    12.5645849705
2692    12.6079559326
2609    12.6512880325
2593    12.6931431293
2608    12.7314610481
2598    12.7751400471
2598    12.8229830265
2614    12.8563530445
2602    12.889482975
2694    12.9253060818
2593    12.9586369991
2591    12.9976019859
2600    13.0255129337
2602    13.0534260273
2604    13.0863881111
2595    13.1243379116
2592    13.1573240757
2608    13.2003509998
2607    13.2333109379
2614    13.2667751312
2614    13.2943480015
2613    13.3276460171
2601    13.3682870865
2605    13.4004890919
2617    13.4290440083
2620    13.4624650478
2695    13.5057899952
2621    13.5362539291
2627    13.5796611309
2652    13.6101920605
2647    13.6533880234
2733    13.6957609653
2662    13.7215099335
2653    13.753713131
2664    13.7852160931
2667    13.8313429356
2664    13.8744931221
2669    13.9111549854
2768    13.9525220394
2672    13.9801290035
2684    14.023225069
2691    14.0664639473
2705    14.1035330296
2705    14.1398990154
2700    14.1758611202
2710    14.2081370354
2712    14.2386960983
2793    14.2690799236
2707    14.30479002
2705    14.3455560207
2705    14.3765819073
2719    14.4204170704
2718    14.4586961269
2721    14.4903810024
2723    14.5220761299
2712    14.5537569523
2807    14.5855219364
2724    14.6174850464
2714    14.6609640121
2714    14.6991200447
2798    14.7377719879
2724    14.7757589817
2715    14.8223900795
2726    14.8579940796
2725    14.8885710239
2714    14.9184010029
2726    14.9537689686
2714    14.9843699932
2724    15.0151479244
2726    15.0457139015
2716    15.0864350796
2715    15.1122400761
2726    15.1482789516
2726    15.1891870499
2716    15.2206380367
2717    15.2675111294
2726    15.3048889637
2725    15.3324170113
2713    15.3641149998
2725    15.3959600925
2795    15.4391999245
2712    15.467605114
2721    15.4973700047
2708    15.5281739235
2709    15.5716309547
2709    15.6149110794
2713    15.6580541134
2709    15.6960539818
2705    15.7240381241
2790    15.7572000027
2704    15.7954940796
2708    15.8302071095
2705    15.8702380657
2694    15.9133460522
2683    15.9514510632
2695    15.9880750179
2759    16.0253989697
2679    16.0571920872
2656    16.1004269123
2657    16.143695116
2644    16.1824269295
2731    16.2256770134
2625    16.2538130283
2641    16.2907190323
2617    16.3293790817
2627    16.3653700352
2614    16.4046740532
2610    16.4322941303
2603    16.4621319771
2579    16.4977550507
2593    16.5242989063
2584    16.5608830452
2576    16.6049420834
2549    16.6476941109
2556    16.6894369125
2557    16.7181301117
2546    16.7521500587
2545    16.7944209576
2545    16.8222289085
2635    16.856981039
2533    16.8819849491
2537    16.9168949127
2533    16.9693078995
2523    17.0070550442
2591    17.0484800339
2522    17.0914978981
2512    17.1289730072
2522    17.1597390175
2512    17.192866087
2514    17.2301459312
2522    17.2618050575
2521    17.2967591286
2510    17.3320391178
2507    17.3806889057
2509    17.4123020172
2510    17.4401500225
2506    17.4757549763
2498    17.5175080299
2498    17.5501050949
2496    17.5777280331
2593    17.6103739738
2505    17.6484179497
2513    17.6865661144
2516    17.7226080894
2502    17.7709360123
2522    17.8063290119
2508    17.8390040398
2524    17.8708949089
2514    17.9022700787
2524    17.9454610348
2538    17.9729681015
2534    18.0038590431
2541    18.0370950699
2542    18.0738630295
2647    18.1155190468
2559    18.1410999298
