994    0.0380959510803
996    0.0813188552856
1092    0.123058080673
1096    0.158976078033
977    0.191779851913
1075    0.225282907486
978    0.260984897614
962    0.296643972397
964    0.327585935593
973    0.360781908035
957    0.404113054276
975    0.442535877228
943    0.479631900787
964    0.517843961716
960    0.566349983215
945    0.604578018188
945    0.631561994553
942    0.667196035385
938    0.705447912216
942    0.748776912689
941    0.791434049606
1009    0.815491914749
895    0.85439491272
909    0.89631986618
875    0.935165882111
859    0.97348690033
858    1.00702500343
857    1.03821992874
826    1.07095384598
783    1.11444592476
770    1.1578578949
751    1.19831585884
735    1.22574496269
703    1.25813603401
669    1.30568003654
635    1.33357000351
632    1.37197089195
565    1.41495895386
533    1.44278287888
627    1.47444295883
494    1.50624799728
555    1.53835892677
423    1.56645989418
426    1.60604405403
356    1.63959002495
354    1.68319797516
339    1.72612905502
305    1.75397706032
303    1.79155302048
319    1.82911705971
334    1.85674500465
303    1.88979792595
319    1.92206406593
319    1.96583890915
335    2.00378894806
338    2.04570889473
354    2.07267785072
339    2.10652208328
339    2.16073703766
354    2.20401000977
351    2.23068189621
408    2.27265095711
354    2.3103158474
354    2.33371186256
356    2.36844801903
388    2.39837408066
389    2.42906904221
391    2.4647898674
407    2.5056579113
505    2.53309702873
408    2.56647706032
409    2.61048293114
426    2.64874005318
426    2.68201589584
425    2.71399998665
422    2.7575340271
441    2.79581308365
443    2.82403492928
458    2.85669493675
460    2.8901219368
458    2.9165790081
460    2.9514670372
462    2.99353384972
481    3.03699707985
491    3.07027387619
494    3.10712099075
560    3.13220906258
511    3.16543006897
593    3.20871901512
474    3.25056385994
493    3.28742003441
511    3.33005285263
509    3.36527204514
511    3.39793300629
532    3.44608306885
511    3.48951005936
547    3.53274798393
550    3.57064390182
548    3.60216903687
564    3.64553785324
580    3.67345190048
581    3.71376204491
575    3.74685692787
547    3.77877497673
578    3.82679104805
611    3.86998987198
597    3.91301989555
620    3.95178294182
713    3.99479293823
634    4.03276085854
633    4.06574392319
631    4.09645605087
652    4.1271879673
666    4.18033003807
650    4.21302199364
666    4.24872493744
688    4.27948188782
667    4.30955791473
686    4.34440493584
705    4.37460899353
699    4.41793107986
703    4.46128606796
719    4.49975299835
719    4.53798604012
723    4.56804299355
723    4.61647200584
738    4.65949606895
751    4.69750499725
754    4.73935484886
755    4.7694299221
772    4.81331992149
772    4.85165500641
786    4.88005304337
792    4.92753005028
786    4.96371603012
804    4.99744987488
805    5.04008889198
901    5.0786049366
838    5.11768698692
828    5.14999485016
843    5.19360995293
829    5.23215198517
827    5.26019406319
825    5.29865694046
836    5.32602405548
838    5.3584549427
840    5.38607192039
844    5.42876601219
844    5.4616549015
864    5.4964659214
858    5.53080391884
844    5.55588293076
870    5.58907485008
877    5.61955690384
877    5.66249394417
875    5.7056620121
890    5.75254392624
987    5.78980493546
973    5.82796692848
875    5.87112402916
895    5.90980887413
891    5.93851184845
908    5.97218704224
908    6.0059170723
896    6.03462386131
891    6.06838488579
911    6.09195399284
910    6.13066387177
922    6.17390799522
910    6.21135497093
925    6.25208902359
904    6.28051185608
910    6.31393003464
932    6.3453578949
927    6.39278507233
945    6.42513489723
1023    6.44803500175
925    6.48186087608
947    6.51254105568
937    6.53788805008
943    6.57299995422
944    6.61104893684
941    6.64404201508
955    6.68680095673
1023    6.72029399872
963    6.74634289742
959    6.78412699699
960    6.82286596298
944    6.85143899918
946    6.88518190384
942    6.92414593697
962    6.94983196259
957    6.99583101273
959    7.04289698601
962    7.07613706589
961    7.10858798027
962    7.14578604698
960    7.18420600891
978    7.2142970562
974    7.2493288517
1075    7.28707504272
957    7.33119487762
957    7.37420606613
974    7.40906095505
960    7.44576692581
979    7.47787284851
1073    7.52111101151
956    7.54766893387
975    7.58150196075
965    7.62012791634
979    7.65566897392
978    7.68938493729
940    7.73455190659
965    7.76974201202
959    7.81299805641
966    7.85125303268
962    7.88358902931
941    7.91108798981
942    7.9434800148
942    7.97588586807
926    8.01834797859
908    8.04770302773
911    8.07870602608
927    8.10629296303
927    8.14315104485
891    8.18563008308
927    8.21260094643
891    8.24334692955
910    8.27890896797
893    8.32453203201
892    8.36019706726
892    8.39079093933
864    8.42125105858
861    8.45198607445
860    8.49273896217
855    8.51860189438
960    8.56486797333
862    8.59166193008
858    8.62369394302
843    8.65426802635
840    8.68636608124
803    8.72971200943
825    8.76094889641
799    8.79368400574
802    8.82641601562
798    8.86462402344
785    8.89303708076
755    8.92635703087
789    8.9697239399
774    8.99608802795
868    9.03036403656
717    9.06885790825
716    9.09634184837
719    9.13186097145
697    9.16266298294
686    9.1939470768
686    9.2242269516
669    9.26506185532
629    9.30296206474
617    9.34605193138
635    9.37920093536
578    9.41238689423
579    9.45100998878
550    9.47849297523
511    9.51188802719
511    9.54436707497
530    9.58768296242
479    9.63117384911
456    9.67377686501
591    9.70734500885
458    9.75087285042
478    9.78854393959
510    9.82093191147
511    9.86403203011
511    9.89357304573
533    9.92821502686
511    9.95783400536
511    9.98782086372
598    10.0158410072
564    10.0683300495
599    10.1014568806
618    10.1329190731
599    10.1704230309
616    10.2095179558
679    10.2474110126
633    10.2805640697
637    10.3111970425
628    10.3549718857
670    10.3804619312
635    10.4208500385
651    10.4636099339
662    10.5019218922
645    10.5457930565
686    10.5838148594
687    10.6156380177
652    10.6467869282
765    10.6816859245
669    10.7067070007
651    10.7416460514
652    10.7664399147
652    10.8013739586
665    10.8358130455
667    10.8660469055
670    10.8925380707
662    10.9255740643
648    10.9557299614
669    10.9872179031
649    11.0223100185
670    11.0473549366
668    11.0831260681
665    11.126103878
653    11.1646289825
671    11.191986084
666    11.2248730659
684    11.2581379414
764    11.2863199711
671    11.3167579174
666    11.3545060158
686    11.4235360622
700    11.445939064
701    11.4782030582
721    11.5107460022
719    11.5435519218
720    11.573292017
721    11.6031999588
718    11.6317629814
820    11.6643500328
719    11.7030169964
719    11.745926857
741    11.7808618546
757    11.8192119598
754    11.8466010094
831    11.885573864
770    11.9233849049
753    11.9520750046
750    11.9859540462
852    12.0146830082
774    12.0515630245
887    12.0899870396
771    12.1226840019
771    12.1528940201
770    12.1962599754
767    12.2345728874
786    12.2628488541
786    12.2959718704
783    12.3283438683
822    12.3812050819
782    12.4279229641
798    12.4712250233
827    12.5145950317
806    12.5526669025
830    12.5826029778
825    12.6174879074
843    12.6423680782
825    12.6773688793
827    12.7073218822
864    12.7421689034
860    12.7844629288
862    12.8248679638
875    12.8624968529
877    12.9000899792
894    12.9275250435
892    12.9549360275
888    12.9875469208
1007    13.0200049877
894    13.0525178909
927    13.0954608917
1008    13.1339490414
932    13.176058054
930    13.2142310143
927    13.2583608627
942    13.2968170643
960    13.3399810791
960    13.3823008537
941    13.4119179249
961    13.4415719509
962    13.4745428562
979    13.5036039352
1076    13.5374159813
1079    13.5759210587
970    13.609087944
975    13.6364309788
982    13.6808009148
976    13.7091698647
996    13.7420320511
993    13.7768900394
976    13.8208079338
979    13.8541178703
975    13.8866510391
973    13.914978981
980    13.9508459568
959    13.9840528965
971    14.0226290226
977    14.0558040142
949    14.0866289139
942    14.1300740242
960    14.1566200256
962    14.1905109882
946    14.2225570679
943    14.2659919262
941    14.2930629253
927    14.3249709606
927    14.3573338985
926    14.3897619247
924    14.4222519398
922    14.4651639462
908    14.5078420639
903    14.5411849022
887    14.5776939392
893    14.619866848
895    14.6507458687
874    14.6918330193
893    14.7316749096
989    14.759912014
877    14.7904999256
881    14.8257050514
880    14.8527488708
887    14.8860728741
871    14.9341619015
895    14.9663279057
956    14.9969010353
878    15.0381710529
873    15.0764489174
845    15.1198399067
859    15.162350893
862    15.1985599995
853    15.2326209545
844    15.2750480175
937    15.3129749298
844    15.344853878
841    15.3759829998
839    15.4043209553
827    15.4476079941
844    15.4740538597
845    15.5086660385
858    15.5433678627
827    15.5682048798
938    15.6012380123
830    15.6335248947
827    15.6768760681
862    15.7202348709
858    15.7618949413
862    15.7977499962
970    15.8391840458
1010    15.865021944
908    15.904599905
965    15.9376909733
960    15.9810919762
788    16.0242919922
635    16.0617530346
575    16.1088778973
426    16.1466879845
407    16.1886799335
434    16.2411670685
389    16.2732820511
484    16.3165090084
543    16.3600699902
828    16.3982260227
907    16.4418849945
962    16.4802238941
961    16.5231580734
982    16.5481379032
980    16.5832328796
1095    16.618242979
993    16.6607069969
995    16.6856908798
997    16.725620985
1023    16.7605400085
1012    16.7918319702
1012    16.8247799873
1023    16.8681929111
1023    16.9063940048
1023    16.9368510246
1023    16.9683618546
1023    16.9988260269
1023    17.0379719734
1023    17.0641028881
1147    17.1021368504
1023    17.1403660774
1023    17.1734158993
1023    17.2168998718
1047    17.2595729828
1011    17.2980570793
1023    17.3241188526
1023    17.3613269329
1023    17.4040849209
1009    17.4418768883
1023    17.4832220078
1023    17.5365478992
1010    17.5696928501
1091    17.6017360687
1012    17.6382100582
996    17.6761529446
995    17.7194309235
1013    17.7601649761
1000    17.7913479805
997    17.8499479294
997    17.8878519535
992    17.8943519592
978    17.924574852
