0    0.00214886665344
1076    0.0292818546295
1074    0.0517439842224
1078    0.0740559101105
0    0.111271858215
1195    0.113432884216
1102    0.145523786545
0    0.187882900238
1099    0.190029859543
1081    0.222086906433
0    0.254470825195
1102    0.256585836411
1095    0.288569927216
0    0.336375951767
1097    0.344973802567
1102    0.376848936081
0    0.405040979385
1098    0.417650938034
1093    0.459799766541
1114    0.468137979507
1108    0.488473892212
0    0.524542808533
1115    0.532805919647
1113    0.561517953873
0    0.597533941269
1111    0.601126909256
1116    0.628576993942
0    0.662082910538
1124    0.669970989227
1129    0.702578783035
0    0.735135793686
1129    0.738302946091
1130    0.770896911621
1129    0.8257188797
1116    0.860555887222
1129    0.890296936035
1129    0.919806957245
1243    0.951315879822
1129    0.982669830322
1145    1.01859092712
1144    1.06256985664
1143    1.09060692787
1142    1.12405776978
1133    1.15594387054
1144    1.1868519783
1150    1.2225689888
1147    1.26140785217
1139    1.29515695572
1148    1.32088279724
1150    1.36100888252
1163    1.40968179703
1143    1.45297789574
1149    1.4961438179
1151    1.53298282623
1131    1.57272386551
1148    1.6056189537
1146    1.64139080048
1133    1.66720986366
1146    1.70052099228
1129    1.72872591019
1135    1.76696586609
1132    1.79630589485
1128    1.8351418972
1231    1.87064599991
1110    1.91385793686
1211    1.95138788223
1095    1.99480676651
1023    2.035779953
1065    2.06808686256
1062    2.10673999786
1008    2.13939380646
975    2.18234181404
963    2.2074098587
927    2.24157381058
871    2.2746758461
846    2.30162596703
842    2.33569598198
787    2.36677193642
719    2.40974879265
687    2.44168376923
669    2.49073791504
666    2.53355383873
652    2.57678794861
669    2.61531877518
669    2.65880489349
653    2.70071387291
782    2.74228596687
799    2.76934194565
721    2.80209684372
713    2.82977795601
717    2.86215186119
816    2.90494179726
716    2.93789291382
732    2.9668738842
718    2.99882078171
737    3.042126894
735    3.07507896423
719    3.10642385483
715    3.15031480789
719    3.19339680672
737    3.23136878014
737    3.26129484177
736    3.29658079147
723    3.33484983444
718    3.37809991837
718    3.40888595581
731    3.45228481293
716    3.49559187889
836    3.52219676971
719    3.55387091637
836    3.58475494385
737    3.61597776413
740    3.64613580704
847    3.6868698597
736    3.73027086258
737    3.76523685455
730    3.80136394501
771    3.82791996002
752    3.86123394966
769    3.89964795113
755    3.93785095215
769    3.97610092163
769    4.00455784798
756    4.04061889648
770    4.06739997864
770    4.11101698875
771    4.14745783806
780    4.18169498444
764    4.21471476555
769    4.24839782715
769    4.27764487267
782    4.3212389946
781    4.36526584625
786    4.4015147686
806    4.43218779564
785    4.47444796562
803    4.51152777672
824    4.54983377457
825    4.58821988106
940    4.63157486916
821    4.66972184181
953    4.70336890221
952    4.74679684639
858    4.79026579857
822    4.82422995567
858    4.86343097687
862    4.89033198357
860    4.9212448597
877    4.9500348568
878    4.98844194412
988    5.02623391151
875    5.05419278145
876    5.08712077141
895    5.12119793892
882    5.14857387543
878    5.18059682846
894    5.22872185707
891    5.26026678085
891    5.30371499062
892    5.34710788727
913    5.38491082191
913    5.41827082634
912    5.44510889053
908    5.48246693611
926    5.51566696167
927    5.55237078667
927    5.57897782326
927    5.62221097946
921    5.66062498093
931    5.69227981567
927    5.73539996147
931    5.76873493195
925    5.79702997208
926    5.82981681824
924    5.87324786186
943    5.91635894775
1059    5.95659685135
945    5.99500179291
938    6.02291297913
946    6.05488395691
959    6.08695793152
948    6.11927199364
945    6.16238880157
956    6.20531177521
959    6.24867296219
954    6.28208184242
967    6.31763386726
982    6.34499979019
980    6.38230395317
956    6.41967391968
958    6.47201490402
958    6.50964689255
977    6.51187181473
962    6.54401087761
962    6.57158899307
975    6.59913086891
975    6.6321349144
979    6.66382479668
994    6.69748497009
978    6.73114180565
1094    6.75534796715
976    6.78265476227
1092    6.81423282623
962    6.86013197899
973    6.90185284615
973    6.93054389954
978    6.96429896355
973    7.00310897827
959    7.04056191444
972    7.07045388222
954    7.10426497459
946    7.14193177223
958    7.18026590347
958    7.21344399452
958    7.24127078056
939    7.2842707634
946    7.31184983253
942    7.34436178207
938    7.37694692612
942    7.40455889702
1023    7.44217681885
941    7.46959495544
911    7.51212096214
927    7.54470276833
926    7.57273387909
924    7.60984587669
1023    7.65327095985
906    7.68467283249
907    7.72802877426
907    7.76637077332
908    7.7946369648
1004    7.83645582199
891    7.8728928566
860    7.89831399918
872    7.93139576912
844    7.97505497932
804    8.01788282394
805    8.04369282722
787    8.07660198212
788    8.11500287056
769    8.15322780609
769    8.1963019371
753    8.2262339592
718    8.26851797104
738    8.31306385994
836    8.35092377663
699    8.3915169239
703    8.41754794121
666    8.44931197166
779    8.47765779495
649    8.51095294952
652    8.54289984703
650    8.58928084373
619    8.61587786674
617    8.64617395401
634    8.68122196198
633    8.72611188889
615    8.75610184669
669    8.78609085083
685    8.81608295441
682    8.85129880905
686    8.88636779785
701    8.92243790627
815    8.95074295998
735    8.98949885368
721    9.03251695633
750    9.06812787056
735    9.10785794258
754    9.14764285088
772    9.17214798927
786    9.20678591728
792    9.23659276962
788    9.26901292801
785    9.3128027916
803    9.35617184639
825    9.38119482994
798    9.41441392899
843    9.45825791359
785    9.48556399345
825    9.51913690567
829    9.54771995544
843    9.58083581924
840    9.62420582771
806    9.65195894241
803    9.69031596184
825    9.73175692558
828    9.75593996048
799    9.7889649868
806    9.82392978668
809    9.86393094063
830    9.88885593414
828    9.92398476601
788    9.95389294624
786    9.9888548851
922    10.0192708969
803    10.0628068447
902    10.1046719551
825    10.1413807869
825    10.1738379002
827    10.2116229534
831    10.2511849403
839    10.2868437767
831    10.3187458515
827    10.350840807
841    10.3791248798
853    10.4168229103
845    10.4428617954
846    10.4762518406
858    10.5234849453
861    10.5660867691
859    10.6038739681
861    10.6344828606
861    10.6682088375
861    10.6967828274
855    10.7301428318
873    10.7731668949
861    10.8045139313
892    10.848143816
1005    10.8864247799
889    10.9298048019
876    10.9564287663
1008    11.004835844
892    11.0381469727
1021    11.0759449005
911    11.1120119095
907    11.1541519165
912    11.2020177841
926    11.2354857922
907    11.2683558464
908    11.2955567837
922    11.3339729309
926    11.3674068451
924    11.4004178047
944    11.4288158417
943    11.4818129539
949    11.5202009678
946    11.5585048199
945    11.5872879028
943    11.6204869747
1055    11.6639258862
944    11.7073578835
962    11.7405409813
963    11.7771708965
979    11.8038377762
959    11.8357179165
1087    11.8644208908
982    11.8969199657
973    11.9379768372
979    11.986825943
997    12.0264849663
1015    12.0496659279
1011    12.0880258083
1007    12.1313798428
1013    12.1644477844
1011    12.1976988316
1023    12.2308368683
1023    12.2649219036
1023    12.3195598125
1023    12.357806921
1023    12.3844919205
1023    12.4173748493
1160    12.4484808445
1023    12.4764719009
1023    12.5135438442
1142    12.5517277718
1023    12.5941758156
1048    12.6241648197
1023    12.6663019657
1059    12.7021827698
1065    12.7268447876
1079    12.7632398605
1177    12.8064908981
1060    12.8492078781
1078    12.8863768578
1074    12.9302129745
1076    12.9736728668
1080    13.0118989944
1080    13.0405387878
1080    13.0831198692
1095    13.1215839386
1096    13.1602399349
1074    13.1922488213
1097    13.2278869152
1083    13.2522599697
1119    13.2862849236
1109    13.3192939758
1117    13.3473348618
1101    13.380368948
1113    13.4082529545
1119    13.4463379383
1115    13.4744429588
1112    13.5075149536
1117    13.5355448723
1112    13.5686469078
1117    13.6016948223
1119    13.6346068382
1113    13.6626567841
1095    13.6957168579
1113    13.7261199951
1117    13.7788918018
1094    13.8065598011
1098    13.8356499672
1093    13.8753929138
1099    13.908757925
1079    13.9466907978
1081    13.9851579666
1065    14.0238089561
1084    14.0552999973
1023    14.1027197838
1023    14.1301109791
1023    14.1575319767
1023    14.1850059032
1011    14.2223739624
1011    14.2496919632
1005    14.2820968628
1006    14.3144898415
994    14.3418369293
995    14.3742449284
978    14.4066109657
978    14.4340088367
1073    14.4664368629
939    14.5143368244
1053    14.5478658676
940    14.5762479305
924    14.6134858131
911    14.6393148899
894    14.6727128029
891    14.7052648067
893    14.7487328053
876    14.7767548561
843    14.8085179329
825    14.8485889435
943    14.8836967945
824    14.9206929207
824    14.9539468288
821    14.9858019352
843    15.0288469791
865    15.059789896
862    15.1012129784
878    15.1444609165
873    15.187515974
876    15.2289149761
913    15.267182827
926    15.300470829
923    15.3336648941
927    15.3568518162
924    15.3950529099
925    15.4345979691
926    15.473307848
942    15.5163228512
926    15.5596568584
932    15.5980198383
927    15.6361877918
927    15.6780099869
909    15.7263739109
894    15.7642757893
909    15.7924277782
910    15.8192157745
911    15.8577158451
909    15.8948168755
903    15.926804781
905    15.9702038765
1022    16.0088148117
903    16.0522019863
906    16.0855767727
911    16.1337080002
908    16.1618988514
927    16.1952588558
926    16.2233028412
931    16.2469568253
930    16.2810959816
943    16.3092007637
944    16.3422448635
947    16.3753907681
945    16.4022088051
943    16.4285559654
946    16.4794969559
959    16.5123398304
960    16.5454418659
960    16.5735518932
956    16.6069839001
957    16.6351749897
960    16.6690838337
975    16.7152888775
1000    16.7629458904
993    16.8006389141
997    16.8390259743
1000    16.8771409988
1011    16.9208028316
992    16.9591948986
993    16.9910349846
1000    17.022769928
992    17.0545508862
1009    17.0961108208
1023    17.1317939758
1012    17.1674599648
1140    17.2327589989
1023    17.2663989067
1140    17.3002378941
1023    17.3294138908
