892    0.0283250808716
911    0.0659489631653
911    0.0928499698639
927    0.126332998276
1023    0.167804956436
927    0.203127145767
925    0.239184141159
941    0.273295164108
1065    0.311526060104
1050    0.342600107193
943    0.388568162918
937    0.426450967789
945    0.457653045654
941    0.50066113472
937    0.527289152145
964    0.560657978058
1050    0.588514089584
944    0.631785154343
927    0.675109148026
942    0.713499069214
924    0.761516094208
926    0.800451040268
926    0.838818073273
1011    0.867025136948
1023    0.900333166122
945    0.928626060486
943    0.961287021637
911    0.996972084045
910    1.03429317474
927    1.06720614433
895    1.10049915314
932    1.13639807701
914    1.17361807823
894    1.20739817619
893    1.24569511414
893    1.27306008339
870    1.31024813652
875    1.34854912758
861    1.39096617699
965    1.41581606865
879    1.45091199875
861    1.48586702347
847    1.51092004776
842    1.54585814476
876    1.57584118843
963    1.61084413528
858    1.65573906898
919    1.69549417496
854    1.74305415154
862    1.78071808815
854    1.83216810226
847    1.86959695816
808    1.90247702599
802    1.93042612076
828    1.96496295929
828    1.99490213394
789    2.02976918221
892    2.05459713936
786    2.08953905106
783    2.12446498871
735    2.1644821167
755    2.19944310188
737    2.23447012901
842    2.27242612839
735    2.3046309948
683    2.33907604218
700    2.38767504692
699    2.42078018188
685    2.45506000519
699    2.50496196747
685    2.5351099968
684    2.58051300049
684    2.62414717674
664    2.66248297691
666    2.6947221756
668    2.73252511024
663    2.78091096878
665    2.82334208488
687    2.8490281105
700    2.88128519058
703    2.91302800179
704    2.94473600388
688    2.98657011986
703    3.02464413643
703    3.07148504257
685    3.1092441082
700    3.15109300613
687    3.18263506889
706    3.21443295479
686    3.24250602722
681    3.27433800697
685    3.30609703064
715    3.35458612442
806    3.39656496048
824    3.44011712074
733    3.47846198082
719    3.51711010933
862    3.54897499084
766    3.58247613907
751    3.61022496223
764    3.64721107483
786    3.68028998375
774    3.71585202217
790    3.75001811981
787    3.79090619087
805    3.83443617821
823    3.86655306816
930    3.90751099586
829    3.94538116455
828    3.97171902657
821    4.0078561306
861    4.03361797333
858    4.06493115425
861    4.09978604317
862    4.13940906525
898    4.17895412445
877    4.22195601463
878    4.24988913536
876    4.28291010857
895    4.31103110313
892    4.34325098991
909    4.37671899796
927    4.41196608543
972    4.44553208351
944    4.47884607315
944    4.52203297615
962    4.56604599953
975    4.60948204994
976    4.64776110649
981    4.67580509186
975    4.71199703217
961    4.73944401741
1097    4.77185201645
990    4.8042140007
1011    4.83654499054
995    4.86389112473
994    4.9011631012
989    4.92849516869
995    4.96075701714
1130    4.99326395988
1023    5.02255415916
1023    5.05383896828
1023    5.08736395836
1023    5.12079715729
1006    5.14922404289
1135    5.18269205093
1023    5.216173172
1023    5.24459815025
1023    5.2883939743
1009    5.32433319092
1023    5.35612511635
1023    5.38761997223
994    5.419713974
1016    5.45177316666
995    5.47996211052
992    5.51856803894
994    5.54347896576
958    5.59169912338
963    5.61893200874
945    5.65074801445
943    5.67887711525
943    5.71112799644
909    5.74342799187
906    5.7706990242
909    5.80810308456
909    5.83547902107
894    5.86785411835
893    5.90023899078
925    5.93755698204
908    5.96491408348
888    6.00219917297
874    6.04457998276
906    6.08192396164
893    6.11424612999
894    6.14669108391
878    6.1740219593
983    6.20627212524
907    6.23905706406
887    6.26668596268
878    6.29923295975
880    6.33180618286
871    6.35932302475
876    6.39191198349
875    6.42440414429
889    6.4523229599
878    6.48049902916
880    6.53399205208
872    6.57764911652
859    6.60588097572
860    6.63173913956
836    6.66451406479
820    6.6918900013
799    6.72559118271
789    6.75959014893
790    6.78630018234
824    6.81898117065
799    6.85227704048
772    6.88278698921
775    6.91846203804
792    6.95410895348
757    6.9947719574
754    7.03057599068
754    7.06417512894
751    7.10294413567
749    7.13962507248
735    7.17650103569
755    7.20814704895
841    7.24984097481
734    7.29808306694
737    7.33602714539
738    7.37592506409
756    7.4021589756
737    7.43516898155
752    7.46429395676
719    7.49654102325
752    7.52987408638
755    7.5566971302
718    7.58994698524
840    7.63319516182
787    7.67708611488
751    7.71019101143
750    7.74782204628
733    7.78585004807
767    7.82425117493
749    7.86333012581
769    7.9065580368
772    7.93331098557
751    7.96612095833
767    8.0095410347
754    8.04757499695
765    8.09591603279
737    8.13293600082
871    8.17148399353
749    8.20412302017
754    8.24115395546
769    8.27966117859
752    8.32300615311
768    8.34696412086
755    8.37958216667
874    8.42121005058
771    8.45646500587
771    8.4946269989
757    8.53548312187
771    8.57303714752
738    8.6153190136
772    8.65292215347
754    8.68506598473
747    8.71739196777
753    8.75029206276
858    8.77855110168
772    8.8139731884
719    8.84116697311
719    8.87827205658
748    8.90562295914
750    8.93300795555
751    8.97028207779
751    9.00259518623
751    9.04514217377
755    9.08212804794
753    9.10842418671
770    9.15571808815
768    9.19793605804
754    9.22581410408
788    9.25439596176
892    9.29811811447
755    9.32486796379
766    9.35538506508
787    9.38812208176
786    9.43107795715
786    9.469602108
765    9.51292610168
788    9.55546402931
769    9.58388400078
768    9.61260700226
754    9.64138507843
754    9.67173409462
787    9.7085211277
788    9.73444104195
783    9.7666490078
788    9.79737710953
782    9.84410905838
792    9.88161301613
773    9.91295003891
769    9.95716309547
788    9.99509716034
788    10.0231211185
782    10.0590960979
772    10.0906820297
737    10.1221029758
747    10.1552000046
756    10.1884691715
755    10.2151911259
749    10.2470500469
770    10.2939960957
755    10.3308150768
755    10.3649981022
753    10.4070920944
752    10.4488830566
754    10.475782156
767    10.519411087
749    10.5615680218
786    10.5872051716
767    10.6228880882
769    10.6610929966
786    10.7041540146
846    10.7446470261
824    10.7916641235
825    10.8246991634
825    10.8637349606
842    10.8965389729
951    10.930863142
858    10.9634971619
861    10.9966790676
859    11.0252439976
871    11.0585501194
844    11.089826107
858    11.1331300735
802    11.1813540459
839    11.219700098
825    11.262953043
857    11.2935490608
828    11.3250300884
803    11.3682851791
908    11.4100320339
781    11.4576289654
804    11.4911110401
806    11.5227191448
787    11.5577831268
769    11.5950920582
769    11.622426033
771    11.6598119736
788    11.6925070286
756    11.7308871746
788    11.7730510235
769    11.816245079
750    11.8543770313
735    11.8979451656
751    11.9363651276
770    11.9775950909
748    12.0158030987
768    12.063835144
752    12.107129097
747    12.1338121891
734    12.1671311855
738    12.1990950108
774    12.2282299995
767    12.2607400417
767    12.3041269779
767    12.3441751003
751    12.3742101192
771    12.4091629982
772    12.4441120625
783    12.4740610123
755    12.5089700222
914    12.5440220833
790    12.5823049545
788    12.6194319725
830    12.6563711166
805    12.7001190186
821    12.7375571728
809    12.7682650089
806    12.8000180721
802    12.8367750645
798    12.8698279858
825    12.9028379917
820    12.9458510876
844    12.9707500935
843    13.0090031624
843    13.0459170341
843    13.0894169807
860    13.1330239773
823    13.1598410606
847    13.192358017
842    13.2295210361
842    13.2596800327
839    13.3032670021
927    13.3445930481
943    13.3820121288
825    13.4152669907
836    13.4434039593
829    13.4765231609
964    13.5091731548
859    13.5460410118
822    13.5892059803
933    13.6155230999
828    13.6497871876
963    13.68551898
845    13.7214241028
841    13.7538900375
878    13.7811591625
861    13.8135399818
864    13.8524901867
864    13.8881390095
862    13.9189100266
825    13.959954977
842    13.9968941212
864    14.0398771763
858    14.0788781643
827    14.1123840809
820    14.1507840157
841    14.1834280491
827    14.2167620659
825    14.2603900433
828    14.2876410484
824    14.3206989765
933    14.3601241112
805    14.3953170776
786    14.428481102
788    14.4615650177
789    14.5039680004
771    14.5416181087
771    14.5888359547
862    14.6147370338
751    14.6488361359
751    14.6921751499
768    14.7341911793
754    14.7642951012
772    14.7950949669
750    14.8231070042
752    14.8619329929
756    14.9010360241
821    14.9380550385
735    14.976621151
747    15.0151410103
734    15.0490660667
732    15.0873360634
740    15.1285250187
736    15.1659891605
723    15.1975309849
715    15.2298731804
700    15.2710680962
701    15.3217530251
701    15.3496420383
699    15.3854930401
700    15.4163410664
686    15.4474380016
701    15.4904100895
684    15.5286870003
697    15.5669691563
718    15.600164175
719    15.6288471222
723    15.6642820835
721    15.6922061443
718    15.7204401493
735    15.7535970211
700    15.7886350155
717    15.8337659836
747    15.8609559536
752    15.8934409618
737    15.9254090786
737    15.9574320316
747    15.9981691837
838    16.0416581631
765    16.0848071575
753    16.1096589565
753    16.145001173
874    16.1881480217
788    16.2313821316
753    16.2744481564
876    16.3062040806
771    16.3377220631
772    16.3683130741
769    16.4003801346
769    16.4319779873
770    16.4670009613
772    16.4929430485
786    16.525247097
754    16.5557491779
769    16.5890421867
772    16.6361160278
767    16.6639220715
774    16.6993989944
767    16.7268071175
767    16.7620880604
769    16.8054630756
870    16.8432891369
753    16.8756110668
767    16.9088411331
786    16.9476270676
874    16.9877281189
787    17.0245471001
786    17.0576090813
785    17.090252161
806    17.1333529949
826    17.1767191887
931    17.2299849987
782    17.273597002
828    17.2991580963
842    17.3334941864
947    17.3718039989
857    17.4036359787
859    17.4354469776
861    17.4674320221
862    17.4991149902
871    17.5421020985
862    17.5867500305
894    17.6314661503
897    17.6560890675
996    17.6959121227
927    17.7300620079
1023    17.7629730701
1015    17.7925770283
942    17.82725811
930    17.8569049835
927    17.8865361214
941    17.9261269569
1070    17.9657371044
962    17.9903640747
1066    18.025316
1065    18.0739099979
