2361    0.0323400497437
2365    0.0646779537201
2468    0.0969970226288
2364    0.124355077744
2383    0.157053947449
2382    0.200088024139
2397    0.233052015305
2494    0.260352134705
2395    0.297827005386
2510    0.335235118866
2400    0.373033046722
2425    0.406265974045
2439    0.43482208252
2441    0.467438936234
2450    0.5037150383
2457    0.542027950287
2456    0.574270963669
2478    0.618440151215
2477    0.654083967209
2596    0.680519104004
2478    0.729395151138
2492    0.767467975616
2490    0.810050964355
2505    0.841288089752
2511    0.873203039169
2523    0.903397083282
2528    0.938289165497
2535    0.982998132706
2531    1.02624607086
2508    1.06149101257
2600    1.09164905548
2476    1.12324905396
2471    1.15418815613
2424    1.19702196121
2494    1.22556495667
2331    1.25794196129
2285    1.29025197029
2257    1.32257604599
2245    1.35996007919
2231    1.38738012314
2227    1.41969799995
2227    1.45211005211
2330    1.48952317238
2312    1.51186203957
2214    1.5460100174
2190    1.60496711731
2184    1.63908600807
2169    1.66328001022
2172    1.69775605202
2168    1.73196601868
2158    1.75628399849
2131    1.79309511185
2144    1.81992316246
2111    1.85336303711
2122    1.89093995094
2107    1.93271303177
2111    1.96457004547
2098    1.99786710739
2086    2.03023505211
2089    2.0634829998
2062    2.10249900818
2066    2.13532710075
2060    2.16598200798
2054    2.20591711998
2056    2.24411296844
2040    2.28487300873
2040    2.31758308411
2024    2.35073304176
2030    2.38584208488
2029    2.40994310379
2028    2.44403409958
2014    2.47600603104
2009    2.50823402405
2008    2.55107116699
2009    2.58579611778
2016    2.62565016747
1995    2.66380095482
1993    2.69947910309
1998    2.7343211174
1990    2.76917099953
1989    2.79404115677
1999    2.82901597023
1995    2.85896205902
1993    2.89898109436
2096    2.94416999817
2101    2.97905802727
1996    3.00409913063
1998    3.03930211067
1998    3.07420516014
1991    3.11181211472
1998    3.14780712128
1994    3.17470407486
1994    3.20348215103
1991    3.23716807365
1991    3.28608298302
2010    3.31972408295
2008    3.34838795662
2008    3.3804910183
2002    3.41455197334
2015    3.45049309731
2009    3.48037600517
2008    3.51289010048
2111    3.5596871376
2015    3.59585094452
2005    3.62403798103
2013    3.6575820446
2013    3.69196105003
2130    3.7263879776
2024    3.76625108719
2028    3.8030500412
2018    3.83539915085
2030    3.86642408371
2043    3.90302109718
2049    3.93965506554
2043    3.9714550972
2030    4.00334095955
2035    4.04519510269
2045    4.07749605179
2046    4.12618613243
2063    4.16324400902
2054    4.19699406624
2063    4.23777008057
2081    4.28433513641
2074    4.32751607895
2179    4.35458707809
2078    4.38572716713
2078    4.41627001762
2088    4.45004606247
2088    4.48470616341
2088    4.5231461525
2095    4.56720113754
2098    4.60564112663
2105    4.65380311012
2111    4.6858150959
2106    4.71659111977
2127    4.74806904793
2121    4.791670084
2136    4.8340280056
2140    4.87762498856
2140    4.91550898552
2149    4.95878696442
2158    5.00105810165
2164    5.03922796249
2169    5.07992601395
2283    5.12088108063
2179    5.15892314911
2188    5.19394111633
2201    5.21977615356
2203    5.25457715988
2207    5.28178310394
2208    5.31384897232
2205    5.34615516663
2314    5.37524294853
2231    5.40927314758
2241    5.45323300362
2345    5.48731803894
2257    5.52187204361
2256    5.56519794464
2279    5.59192609787
2290    5.6338801384
2288    5.67697715759
2314    5.70777511597
2312    5.74380397797
2318    5.77930903435
2325    5.82015109062
2334    5.84608197212
2345    5.88205599785
2471    5.91880297661
2373    5.9556851387
2380    5.99250006676
2372    6.02426695824
2406    6.05425810814
2404    6.08586907387
2511    6.11411714554
2532    6.15070915222
2424    6.19408011436
2545    6.23779511452
2438    6.27602815628
2448    6.30732011795
2441    6.33915495872
2422    6.37084507942
2419    6.40248394012
2413    6.4392311573
2411    6.47599315643
2404    6.51146912575
2386    6.53839302063
2481    6.58018612862
2488    6.61142516136
2385    6.64113616943
2390    6.67563199997
2367    6.70301604271
2364    6.73531413078
2363    6.76762509346
2367    6.80501103401
2451    6.84774899483
2351    6.88480806351
2350    6.91252398491
2333    6.94822001457
2344    6.97404694557
2329    7.00693511963
2313    7.04597210884
2316    7.07869410515
2309    7.11182713509
2297    7.15515708923
2310    7.18674612045
2303    7.21698904037
2290    7.24832296371
2286    7.28211402893
2289    7.31523013115
2268    7.35472416878
2276    7.39285111427
2279    7.42126607895
2358    7.46464109421
2259    7.50330996513
2235    7.54607415199
2240    7.58940505981
2348    7.6154460907
2226    7.64899611473
2225    7.69183516502
2228    7.72990012169
2328    7.76115298271
2222    7.79432606697
2315    7.82667613029
2198    7.86959910393
2227    7.91309714317
2211    7.94337201118
2214    7.98133397102
2213    8.02457904816
2206    8.06770396233
2232    8.10962295532
2233    8.16313910484
2234    8.20025205612
2330    8.23261713982
2236    8.26498007774
2228    8.29791617393
2238    8.33639907837
2240    8.3794400692
2247    8.4079451561
2242    8.46455717087
2233    8.51207113266
2256    8.54479408264
2248    8.57795715332
2248    8.61122202873
2262    8.64184498787
2268    8.68496394157
2282    8.71807098389
2280    8.77084302902
2287    8.80922198296
2432    8.85227298737
2286    8.87849998474
2301    8.91652202606
2447    8.95392298698
2309    8.98189115524
2294    9.019947052
2326    9.04609298706
2314    9.07850503922
2332    9.12009811401
2339    9.15825009346
2483    9.18670701981
2359    9.22341799736
2359    9.26155400276
2366    9.3049030304
2375    9.33584713936
2370    9.36995315552
2375    9.39407896996
2358    9.42858195305
2334    9.4709250927
2312    9.5107729435
2263    9.53758502007
2210    9.56949305534
2165    9.60278606415
2109    9.6457631588
2082    9.67639803886
2079    9.7062561512
2033    9.74165201187
2006    9.76704001427
1974    9.80049514771
1976    9.8438270092
1968    9.89128994942
1953    9.92363214493
1941    9.95545601845
1953    9.98477101326
1947    10.0179340839
1927    10.0713911057
1914    10.1134300232
1907    10.1564650536
1903    10.1921730042
1897    10.224601984
1902    10.2569379807
1900    10.2843329906
1881    10.3172650337
1881    10.3659241199
1888    10.4043850899
1874    10.4430520535
1880    10.4864730835
1876    10.5255870819
1869    10.568595171
2008    10.6117351055
1861    10.6483681202
1874    10.6809251308
1876    10.711261034
1874    10.7436740398
1861    10.786937952
1848    10.8188760281
1848    10.8653371334
1849    10.8991839886
1846    10.9316561222
1834    10.9639041424
1830    11.0074729919
1835    11.0451691151
1823    11.0761930943
1823    11.1093740463
1841    11.1426739693
1835    11.1708710194
1972    11.2036521435
1837    11.2336089611
1831    11.2715549469
1830    11.3096821308
1838    11.347728014
1835    11.3758430481
1840    11.4089241028
1829    11.4369211197
1969    11.469990015
1995    11.4981601238
1844    11.5312190056
1855    11.5591900349
1842    11.5971851349
1847    11.6404869556
1991    11.6762051582
1851    11.7062079906
1872    11.7364230156
1873    11.7722909451
1860    11.8106520176
1866    11.8384940624
1869    11.8722751141
1872    11.9031610489
2007    11.9362220764
1872    11.9734649658
1878    12.0067870617
1881    12.050178051
1881    12.091684103
2027    12.1249771118
1882    12.1534290314
1877    12.1862270832
1892    12.217031002
1889    12.2475781441
1905    12.2991840839
1901    12.334002018
1905    12.373994112
1901    12.3990499973
2045    12.4319660664
1905    12.4672131538
1906    12.5059230328
1913    12.5376729965
1917    12.5736460686
1918    12.6104710102
1924    12.6409881115
1922    12.6714270115
2059    12.7106239796
1916    12.7434220314
2059    12.766741991
1937    12.8051960468
1929    12.8435239792
1939    12.8804521561
1933    12.9287469387
1926    12.9612810612
2073    13.0047831535
1944    13.0432021618
1944    13.0845119953
1940    13.1168091297
2082    13.1492540836
1957    13.1795239449
1947    13.2158720493
1960    13.2535181046
1963    13.2965400219
1962    13.3298959732
2098    13.3631720543
1974    13.3941581249
2113    13.4259250164
1986    13.4554140568
1985    13.4949760437
1999    13.539607048
1999    13.5843391418
1991    13.6318340302
2010    13.668405056
2011    13.6982030869
2013    13.7331969738
2010    13.7733390331
2023    13.8215830326
2028    13.8582799435
2021    13.8946990967
2038    13.9283809662
2042    13.9571900368
2049    13.9961161613
2051    14.024969101
2056    14.0588490963
2056    14.0927021503
2066    14.1365301609
2077    14.1703829765
2067    14.2040860653
2079    14.2324120998
2079    14.2606749535
2096    14.2966871262
2110    14.327023983
2103    14.3698019981
2115    14.4114151001
2104    14.4534161091
2129    14.4784851074
2258    14.5114140511
2135    14.5548679829
2135    14.5979020596
2156    14.6253199577
2145    14.6625201702
2166    14.6946930885
2169    14.7322831154
2193    14.7650620937
2198    14.8074800968
2207    14.8448469639
2212    14.8822109699
2215    14.9094700813
2367    14.9416871071
2243    14.9742860794
2242    15.0062930584
2264    15.0370180607
2275    15.070027113
2277    15.0998699665
2281    15.155107975
2313    15.1878590584
2320    15.2266340256
2336    15.2648510933
2335    15.2925810814
2486    15.3300111294
2366    15.3576011658
2503    15.4005000591
2380    15.4433939457
2395    15.4867730141
2424    15.5243630409
2415    15.5726561546
2414    15.6142799854
2414    15.6385300159
2418    15.677519083
2413    15.7150199413
2393    15.7423620224
2397    15.7800941467
2392    15.8181760311
2408    15.8489091396
2409    15.8916621208
2550    15.9373660088
2419    15.9777960777
2406    16.0142641068
2416    16.0451700687
2387    16.0733580589
2531    16.1090950966
2404    16.1422600746
2388    16.1705091
2379    16.2150650024
2378    16.2530651093
2379    16.2808511257
2364    16.3164770603
2366    16.3599851131
2366    16.4017591476
2363    16.4304950237
2354    16.4646401405
2354    16.507833004
2348    16.5462110043
2350    16.5894320011
2351    16.6268000603
2333    16.6608321667
2480    16.6911759377
2332    16.7295560837
2333    16.7579700947
2342    16.7914309502
2327    16.8248131275
2316    16.8482019901
2329    16.8871619701
2330    16.9207589626
2319    16.9491140842
2324    16.9853539467
2300    17.0240809917
2302    17.0581309795
2438    17.0864281654
2438    17.120016098
2303    17.1635141373
2309    17.1906740665
2314    17.2340581417
2326    17.2780649662
2321    17.3062779903
2320    17.3396360874
2318    17.367855072
2303    17.4034261703
2312    17.4542219639
2312    17.4973781109
2332    17.5242569447
2331    17.5609810352
2332    17.5894441605
2331    17.6279301643
2343    17.6662290096
2355    17.6945800781
2354    17.731965065
2352    17.7642760277
2352    17.7965791225
2350    17.8339259624
2365    17.8662719727
2367    17.8936009407
2382    17.9260210991
2392    17.9584131241
2381    17.985722065
2382    18.0180411339
2531    18.0453770161
2398    18.077682972
