1361    0.0381979942322
1320    0.0866529941559
1173    0.121068000793
1174    0.149049043655
1174    0.185592889786
1179    0.223641872406
1178    0.25294303894
1198    0.286957979202
1198    0.315414905548
1195    0.358414888382
1343    0.39080786705
1209    0.433089017868
1233    0.461729049683
1246    0.49542593956
1279    0.524127960205
1330    0.558012962341
1352    0.59181189537
1352    0.630671024323
1379    0.664510965347
1445    0.693321943283
1401    0.722100019455
1279    0.755970001221
1262    0.799046039581
1248    0.852845907211
1232    0.891407012939
1331    0.919193029404
1150    0.954128980637
1129    0.984437942505
1087    1.0239880085
1051    1.04849100113
1023    1.08330702782
991    1.11697101593
943    1.15459799767
892    1.19194889069
825    1.22435092926
752    1.25158500671
721    1.28381490707
719    1.31094384193
838    1.34813594818
702    1.37544703484
802    1.41290903091
684    1.45588994026
685    1.49258303642
688    1.52874803543
687    1.58211183548
684    1.62127590179
668    1.66471982002
669    1.70306491852
650    1.74630498886
633    1.78993487358
567    1.82747197151
568    1.85460782051
511    1.88813591003
547    1.92478489876
580    1.96791982651
614    2.00621390343
667    2.03983902931
698    2.06675291061
739    2.09965586662
717    2.14330792427
733    2.18673992157
872    2.213534832
755    2.24415802956
755    2.27753400803
715    2.32061696053
872    2.36171102524
755    2.41317296028
737    2.45164585114
752    2.49508690834
770    2.53799891472
769    2.57502484322
785    2.60716199875
785    2.63897204399
789    2.67181801796
787    2.69638204575
787    2.7305958271
799    2.76963686943
825    2.79885196686
808    2.83311796188
828    2.87134790421
826    2.90960001945
824    2.94297504425
826    2.97463798523
824    3.00546884537
845    3.03711700439
958    3.07867193222
980    3.1083009243
845    3.14287304878
865    3.17797589302
863    3.20652699471
859    3.25384402275
863    3.2896168232
861    3.3324239254
861    3.36001205444
862    3.39552402496
878    3.42618298531
1023    3.45817494392
876    3.48987984657
911    3.53670883179
908    3.56361889839
911    3.60709190369
899    3.63685703278
896    3.66656899452
925    3.7017018795
927    3.7276058197
904    3.76208782196
908    3.80550193787
926    3.84360384941
927    3.87603902817
944    3.90948390961
927    3.95339989662
960    3.98935484886
959    4.03256702423
962    4.07076382637
959    4.10772585869
967    4.13435697556
963    4.17058801651
975    4.21572184563
996    4.25394797325
997    4.29136586189
977    4.31878995895
977    4.35621905327
973    4.38364100456
1106    4.41610383987
997    4.4435198307
995    4.47596096992
1125    4.50838685036
1128    4.53581404686
991    4.56827998161
997    4.60110783577
1124    4.6373488903
995    4.689483881
1012    4.72015190125
1000    4.75125384331
994    4.77972483635
977    4.81381297112
1144    4.85250496864
1012    4.88811802864
942    4.92620301247
749    4.95860600471
893    4.99612188339
1048    5.03442502022
1049    5.06158304214
1023    5.09374094009
1065    5.12387490273
1055    5.16216897964
1063    5.19787192345
1063    5.22961592674
1197    5.26162695885
1068    5.29738092422
1067    5.32318282127
1080    5.36396193504
1076    5.40489888191
1080    5.43551182747
1055    5.46756196022
1078    5.50018787384
1065    5.53089690208
1062    5.57399702072
1062    5.61428403854
1059    5.65648388863
1064    5.68224000931
1047    5.71906805038
1023    5.76246500015
996    5.78999996185
994    5.82327103615
957    5.85496282578
965    5.88881587982
926    5.92263698578
880    5.95831298828
856    6.00188684464
803    6.03959488869
924    6.08252692223
767    6.11016893387
754    6.15726184845
735    6.19554781914
736    6.22384881973
741    6.26193904877
741    6.28704500198
736    6.32040095329
752    6.35216283798
750    6.38515305519
757    6.41594982147
755    6.44758200645
757    6.48570203781
755    6.52843904495
738    6.57125401497
741    6.60584282875
737    6.64225387573
736    6.66994190216
739    6.70182991028
733    6.73355984688
756    6.76767396927
891    6.79186296463
754    6.8262898922
752    6.86953902245
752    6.91325092316
770    6.96663284302
804    7.00497484207
802    7.04346299171
843    7.08166003227
859    7.11465001106
877    7.14702796936
910    7.17940688133
906    7.2122938633
944    7.24503993988
980    7.28512787819
1127    7.32844090462
975    7.37551498413
946    7.40659284592
1073    7.43830800056
947    7.47750782967
892    7.51109790802
892    7.54456496239
875    7.58793902397
877    7.61479496956
857    7.64325404167
830    7.67640089989
824    7.71222686768
846    7.75597882271
823    7.78745889664
823    7.83066487312
828    7.87222385406
825    7.9105899334
803    7.9384188652
804    7.97663998604
785    8.01514792442
790    8.04536485672
783    8.07676196098
775    8.11739897728
769    8.1470580101
771    8.18797397614
755    8.23139691353
755    8.27543592453
731    8.30415201187
739    8.33289384842
732    8.36666703224
736    8.39544892311
738    8.42742586136
739    8.46416902542
718    8.49794888496
723    8.54182887077
719    8.57052993774
718    8.60440397263
719    8.63328695297
718    8.66704392433
718    8.6962120533
719    8.73932290077
714    8.77420282364
714    8.81181883812
719    8.84674286842
724    8.87853288651
721    8.91442799568
721    8.95252394676
719    8.99559688568
705    9.02230000496
700    9.0559990406
683    9.08717989922
671    9.11909985542
670    9.16520595551
647    9.20237183571
634    9.24449801445
632    9.27779102325
762    9.3161649704
628    9.35955286026
636    9.40147686005
729    9.43988490105
565    9.48320198059
694    9.51017093658
532    9.54323601723
511    9.57459187508
496    9.60298085213
492    9.63528585434
607    9.66905283928
461    9.69762992859
442    9.73661494255
426    9.77431201935
409    9.81602191925
387    9.85444784164
369    9.88744592667
358    9.91838502884
355    9.94902205467
337    9.97663092613
319    10.0191848278
302    10.0524740219
300    10.0909459591
285    10.1241679192
284    10.1573019028
255    10.1883878708
255    10.2166008949
255    10.2484829426
377    10.284265995
247    10.310931921
249    10.3526399136
248    10.3911738396
246    10.4293689728
255    10.4657659531
287    10.4970450401
305    10.5252158642
303    10.5580639839
302    10.5921428204
452    10.6191108227
319    10.6523220539
319    10.6785209179
319    10.7124400139
319    10.7463140488
319    10.7751660347
318    10.8214299679
319    10.855025053
319    10.883813858
322    10.9186608791
323    10.9628248215
339    10.9904329777
337    11.0239150524
338    11.0650868416
339    11.091850996
469    11.1229178905
486    11.1612360477
356    11.2000739574
353    11.2339220047
357    11.2758338451
359    11.3121960163
358    11.3459439278
357    11.3696548939
352    11.4091179371
354    11.4508628845
356    11.4805629253
354    11.5104899406
373    11.543489933
371    11.5866498947
374    11.6170599461
374    11.6499688625
375    11.6927230358
371    11.7202539444
372    11.754472971
371    11.7977278233
372    11.8357958794
505    11.8679449558
371    11.911618948
390    11.9503319263
511    11.9944958687
391    12.0379319191
392    12.0761270523
389    12.1032729149
391    12.1351230145
388    12.1669929028
391    12.2092819214
390    12.246835947
386    12.2914838791
390    12.3149869442
389    12.3540458679
374    12.3936598301
376    12.4235818386
374    12.4560949802
368    12.4850108624
500    12.525895834
372    12.5616648197
372    12.6049218178
511    12.6315629482
389    12.6716959476
389    12.7047269344
389    12.7425398827
388    12.7803199291
511    12.8081388474
392    12.8408658504
511    12.8892829418
391    12.9225449562
391    12.9508719444
390    12.9984169006
408    13.0364289284
393    13.0797438622
391    13.1230089664
392    13.1498498917
390    13.1829659939
391    13.2131340504
511    13.246078968
391    13.2788789272
392    13.3133380413
511    13.3600988388
389    13.4034318924
511    13.4334440231
393    13.4636619091
391    13.4920020103
511    13.5337278843
390    13.5714049339
408    13.6097679138
405    13.6408238411
406    13.6749248505
409    13.7134218216
407    13.7566268444
410    13.7876720428
536    13.8161878586
405    13.849406004
410    13.8927240372
411    13.9185240269
404    13.951376915
406    13.9946248531
406    14.0231790543
409    14.0547389984
390    14.0980818272
511    14.1368179321
368    14.1649649143
374    14.1983599663
374    14.231580019
393    14.2742438316
391    14.3039088249
511    14.3465299606
389    14.3780939579
385    14.4301729202
391    14.458386898
388    14.4941139221
537    14.5260128975
536    14.5695769787
420    14.6126508713
427    14.6367850304
408    14.6691758633
409    14.7019088268
428    14.7448399067
425    14.7873358727
425    14.8291449547
438    14.8675680161
441    14.9112918377
425    14.9497308731
405    14.98158288
409    15.0129609108
406    15.0448498726
410    15.0769138336
406    15.1091148853
477    15.1519310474
583    15.1852350235
615    15.2238209248
632    15.2516849041
633    15.2894799709
631    15.3272969723
619    15.3643269539
615    15.3976299763
614    15.4302508831
617    15.4679579735
584    15.5064599514
568    15.5487940311
566    15.5815489292
565    15.607945919
579    15.6454060078
728    15.6727888584
583    15.7051529884
583    15.7375538349
711    15.764895916
581    15.8023219109
578    15.8446729183
602    15.8673729897
599    15.9048469067
730    15.9466559887
599    15.9898638725
744    16.0328090191
743    16.0711429119
615    16.1084468365
633    16.1388599873
760    16.1762959957
633    16.2084889412
634    16.240819931
633    16.2731180191
649    16.305809021
650    16.3324148655
778    16.3736820221
670    16.397536993
667    16.4308729172
669    16.4640870094
665    16.5021028519
667    16.5399098396
667    16.5665659904
796    16.598484993
669    16.6300859451
669    16.6633479595
670    16.6903059483
669    16.7325539589
666    16.7584798336
666    16.7931249142
665    16.8394420147
667    16.8730828762
665    16.9061160088
667    16.9676809311
797    16.9932248592
670    17.0311448574
669    17.0693919659
667    17.1031088829
796    17.1468670368
683    17.176003933
685    17.2069559097
813    17.2503180504
683    17.2913570404
681    17.3172769547
687    17.3505418301
684    17.3822820187
687    17.4130158424
683    17.4482588768
687    17.4747619629
686    17.5082769394
681    17.5361969471
680    17.5682618618
685    17.6013610363
687    17.6494138241
687    17.6911180019
686    17.7177510262
835    17.7494409084
701    17.7771110535
701    17.8103280067
684    17.8447580338
702    17.8829028606
697    17.9149348736
700    17.9582870007
699    18.0016870499
