1978    0.033215045929
1983    0.0626609325409
1980    0.11098408699
1983    0.151006937027
1984    0.176347970963
1971    0.216196060181
1974    0.256067037582
1984    0.28605890274
1984    0.316035032272
2109    0.351005077362
1984    0.41116809845
1957    0.444055080414
1970    0.472048044205
1964    0.510483980179
1962    0.533564090729
1969    0.572450876236
1961    0.610699892044
1978    0.643488883972
2123    0.674501895905
1966    0.706568002701
1968    0.747494935989
1967    0.773207902908
1977    0.804542064667
2098    0.842000007629
1974    0.88446187973
1959    0.921853065491
1961    0.949225902557
1963    0.981510877609
1962    1.00895786285
1954    1.0413980484
1977    1.07378602028
1965    1.11115694046
1976    1.14343190193
1974    1.17065501213
2118    1.20305204391
1961    1.25057888031
1961    1.28807997704
1959    1.31530809402
2098    1.34759807587
1963    1.3799200058
1965    1.41260194778
1985    1.43878006935
1976    1.48221087456
1961    1.51597094536
1970    1.56450295448
1976    1.6074090004
1978    1.65292191505
2096    1.7021510601
1970    1.72955703735
1965    1.76452898979
1977    1.80255293846
1968    1.83845591545
1968    1.87689590454
1975    1.91977095604
2096    1.96279597282
1985    1.98902201653
1968    2.02270388603
1978    2.04969787598
2111    2.08219504356
1962    2.1157040596
1958    2.1537759304
1975    2.18679308891
2114    2.21952390671
2124    2.26253986359
1963    2.28984093666
1953    2.32724690437
1975    2.3549618721
1974    2.39775395393
1972    2.43680787086
1955    2.48080897331
1976    2.539249897
1976    2.5771188736
1976    2.57969999313
1971    2.61239409447
0    2.64483189583
1969    2.67309689522
2110    2.69716191292
1980    2.70567202568
1976    2.72847795486
0    2.76148605347
1981    2.79446792603
1984    2.79727888107
1978    2.83531594276
1987    2.87229704857
1986    2.89930391312
1977    2.94284701347
1978    2.97120594978
1974    3.00320601463
1972    3.03920888901
1979    3.08162093163
2122    3.12115907669
1980    3.14799499512
1981    3.18028402328
1984    3.22304797173
1976    3.25072693825
1970    3.28749704361
1976    3.32566308975
1976    3.35736203194
1981    3.39000892639
1976    3.42155694962
1984    3.45977306366
1972    3.48803186417
1980    3.52159905434
1970    3.55006289482
1982    3.58091807365
1983    3.61256599426
1976    3.64445304871
1973    3.68661808968
1989    3.72144508362
1986    3.74810600281
1984    3.78725600243
1984    3.82852292061
1982    3.85255908966
2108    3.88573002815
1980    3.91574192047
1984    3.94907593727
1978    3.99184894562
2115    4.03516387939
1977    4.07345890999
1977    4.10131406784
1985    4.1381778717
1977    4.17991495132
1978    4.21130108833
1975    4.24870491028
1976    4.2761490345
1974    4.31347703934
1973    4.34589409828
2116    4.37832999229
1981    4.41121792793
1978    4.45345187187
1993    4.49678087234
1973    4.53859901428
1980    4.58061695099
1990    4.61912608147
1992    4.65133094788
1993    4.6828379631
2002    4.71438908577
1989    4.74426698685
1989    4.77726387978
1991    4.80876088142
1999    4.84038996696
1992    4.89791989326
1991    4.94093203545
1987    4.97656202316
1999    5.01211190224
2136    5.04384207726
1989    5.08709287643
1992    5.11402106285
2000    5.14775204659
1992    5.19103503227
1996    5.22157597542
1994    5.25361990929
1992    5.29145097733
1987    5.3195040226
1990    5.34761786461
1991    5.38088798523
1993    5.4137160778
1996    5.457062006
1989    5.49516892433
2002    5.53061389923
1994    5.57400393486
1991    5.61213994026
1994    5.6404030323
1994    5.67383003235
2125    5.70621490479
1991    5.73367786407
2125    5.76667809486
2004    5.80269694328
2134    5.85041999817
1995    5.88223099709
1991    5.92553186417
1992    5.95313596725
2000    5.98426198959
1992    6.02739787102
1984    6.0630068779
1992    6.09542894363
2130    6.12788009644
1993    6.15566086769
1999    6.19325590134
1988    6.22117710114
2016    6.25706195831
2004    6.29449105263
1990    6.33338189125
1993    6.36674690247
1986    6.39326095581
2014    6.42450594902
2138    6.48155903816
2134    6.51460289955
2014    6.5515370369
2151    6.57827687263
2017    6.61021900177
2018    6.63929104805
2005    6.67747187614
2004    6.72065091133
2009    6.77351093292
2014    6.79814100266
2015    6.83283305168
2006    6.85848593712
2015    6.89393687248
2012    6.92752599716
2014    6.96574187279
2015    6.99807405472
2010    7.02865004539
2009    7.06934905052
2016    7.10116887093
2015    7.13659286499
2141    7.16229701042
2008    7.19569587708
2000    7.23676395416
2005    7.26599788666
2018    7.29774403572
2015    7.32978200912
2002    7.37365007401
2000    7.41620588303
2010    7.45453190804
2009    7.4929049015
2006    7.53580093384
2007    7.57990002632
2016    7.60626888275
2009    7.6500120163
2009    7.68834090233
2014    7.71965909004
2000    7.75279808044
2023    7.79606795311
2005    7.83895492554
2010    7.86576509476
2006    7.89810109138
2012    7.9289150238
2004    7.97190308571
2006    8.00510907173
2022    8.04851508141
2008    8.09095001221
2005    8.12382006645
2005    8.15614104271
2030    8.18852806091
2023    8.21587109566
2005    8.25325894356
2002    8.28065109253
2161    8.31338000298
2002    8.34488105774
2026    8.387789011
2017    8.41126489639
2006    8.44934606552
2019    8.49267506599
2009    8.53165793419
2009    8.57465291023
2017    8.61530208588
2023    8.65838599205
2027    8.69696688652
2031    8.72669386864
2032    8.75851488113
2028    8.80558896065
2032    8.83140897751
2029    8.86729001999
2029    8.90505599976
2019    8.94675898552
2021    8.97491908073
2029    9.01198887825
2028    9.03922200203
2026    9.07216000557
2030    9.10294795036
2030    9.13953995705
2030    9.17036390305
2166    9.20171809196
2029    9.23231291771
2024    9.26528096199
2018    9.2933139801
2024    9.33148598671
2023    9.36452198029
2023    9.39758992195
2023    9.43068003654
2032    9.46363401413
2027    9.50163197517
2024    9.53473806381
2016    9.5631210804
2019    9.60617399216
2158    9.6340239048
2024    9.6726500988
2023    9.72115397453
2021    9.76450705528
2019    9.80377101898
2165    9.83196091652
2024    9.86524105072
2157    9.90844798088
2018    9.95052289963
2020    9.993227005
2154    10.0206489563
2029    10.0547370911
2028    10.0936589241
2016    10.139934063
2029    10.1768379211
2158    10.2199060917
2019    10.2617549896
2025    10.298691988
2028    10.3343589306
2021    10.3599300385
2031    10.3955750465
2023    10.4233829975
2024    10.4596219063
2037    10.4863400459
2039    10.5189659595
2038    10.5506739616
2044    10.5831980705
2037    10.6364300251
2034    10.6644620895
2045    10.7011370659
2181    10.7313849926
2047    10.7603728771
2043    10.7938649654
2038    10.8225250244
2039    10.8552920818
2048    10.8852338791
2049    10.9204308987
2040    10.9565250874
2175    10.9962029457
2040    11.0413930416
2041    11.0848178864
2040    11.1282019615
2038    11.1669728756
2038    11.1987230778
2030    11.2420320511
2034    11.2803740501
2036    11.3085269928
2041    11.3458619118
2044    11.3728940487
2036    11.4108910561
2040    11.4492940903
2174    11.4759569168
2039    11.5090229511
2049    11.537676096
2040    11.5718948841
2032    11.6106081009
2038    11.638958931
2039    11.6745920181
2034    11.7180249691
2037    11.7609078884
2045    11.814357996
2041    11.8511440754
2048    11.8899838924
2043    11.9287788868
2049    11.9677789211
2048    12.0058910847
2036    12.0493299961
2036    12.0928120613
2042    12.1174259186
2040    12.1498119831
2045    12.1920280457
2038    12.2251629829
2038    12.2576439381
2040    12.2966070175
2035    12.3298549652
2034    12.3579440117
2179    12.395788908
2051    12.4285540581
2051    12.4551260471
2046    12.4921550751
2036    12.530274868
2037    12.5583798885
2046    12.5936939716
2035    12.6211209297
2040    12.6585390568
2039    12.6863050461
2038    12.7245910168
2037    12.7579219341
2038    12.8012559414
2043    12.8271560669
2045    12.8618519306
2038    12.8928010464
2041    12.9295248985
2033    12.9726259708
2157    13.000854969
2022    13.034003973
2030    13.0674190521
2157    13.0998170376
2022    13.143157959
2020    13.1865210533
2017    13.2230389118
2022    13.2570979595
2019    13.2847549915
2018    13.3172619343
2033    13.3530619144
2030    13.3917279243
2026    13.4347560406
2025    13.4764668941
2155    13.5149679184
2030    13.5487089157
2033    13.572122097
2021    13.5956978798
2016    13.6289720535
2152    13.6569490433
2158    13.6917850971
2023    13.7196600437
2031    13.7573730946
2017    13.7854568958
2028    13.8439350128
2030    13.8840758801
2008    13.9223880768
2011    13.9541940689
2013    13.9849760532
2007    14.0154280663
2015    14.0481040478
2009    14.0760378838
2004    14.1095619202
2006    14.1566050053
2014    14.2001280785
2009    14.2384750843
2009    14.2703158855
1999    14.3023278713
2013    14.3340220451
2006    14.3770558834
2007    14.4203140736
2006    14.4566879272
2013    14.486579895
2014    14.5257620811
2014    14.5605959892
2007    14.5854449272
2003    14.6080350876
2007    14.6431679726
2002    14.6866049767
2007    14.7249078751
2144    14.7556679249
2016    14.7983000278
2006    14.841588974
2000    14.8798160553
2007    14.911714077
2003    14.9548239708
2006    15.0031270981
1991    15.0380990505
2014    15.0696210861
2007    15.0996460915
2001    15.1328339577
2006    15.1710109711
1992    15.2041790485
1994    15.2316229343
2133    15.2682440281
1996    15.31508708
2000    15.3637299538
1992    15.3970530033
1995    15.4304459095
1993    15.4688270092
1995    15.5018639565
2132    15.5332520008
1989    15.5763590336
1997    15.6020960808
1999    15.6353540421
2132    15.6671199799
1996    15.699862957
1985    15.7322480679
2119    15.7747120857
1995    15.8115050793
1991    15.844201088
1991    15.8967208862
1990    15.929172039
1996    15.957089901
1995    15.9873490334
1984    16.0158760548
1993    16.0513529778
2001    16.0844888687
1988    16.1242480278
2128    16.1510460377
1997    16.182847023
1990    16.2258639336
1999    16.2558610439
1997    16.2896649837
1999    16.313462019
1991    16.35232687
1993    16.3759880066
1999    16.414634943
1993    16.4433979988
2002    16.4771459103
2002    16.5023219585
1990    16.5338020325
2120    16.5681228638
1992    16.6114389896
1974    16.6392939091
1974    16.6725850105
1993    16.7055900097
1994    16.7407920361
1990    16.765611887
1991    16.8069219589
1982    16.832253933
1974    16.8673939705
1985    16.897578001
1984    16.9328510761
1982    16.9712290764
1977    17.0093998909
1976    17.0430219173
1976    17.0921828747
1975    17.1306099892
1978    17.1721060276
1986    17.2102179527
1986    17.2352190018
1979    17.267621994
1976    17.3045830727
1975    17.3427410126
1976    17.3745920658
1981    17.4044308662
1986    17.4436380863
1987    17.4780259132
1986    17.5098459721
1982    17.5486080647
1980    17.592238903
1974    17.6158409119
1982    17.6496450901
1984    17.6804590225
1975    17.7080199718
1977    17.7458400726
1970    17.778646946
1976    17.8064460754
1979    17.8392419815
