1876    0.0331418514252
1902    0.076602935791
1902    0.114870786667
1912    0.158415794373
1925    0.185716867447
1929    0.217829942703
1921    0.246388912201
1939    0.283340930939
1939    0.321782827377
2063    0.368598937988
1937    0.394533872604
1929    0.426829814911
1930    0.459217786789
1925    0.486613988876
1929    0.524522781372
1928    0.56174492836
2055    0.605026960373
1923    0.642937898636
2053    0.681432008743
1936    0.721856832504
1923    0.762191772461
2059    0.789833784103
1930    0.825542926788
1938    0.85107588768
1936    0.888956785202
1932    0.916974782944
1932    0.949999809265
1929    0.978262901306
1939    1.02585482597
1921    1.06910181046
1928    1.10098981857
1922    1.13379979134
1916    1.16642999649
1913    1.19380283356
1918    1.23119497299
1913    1.25856399536
1915    1.28582000732
1916    1.31808900833
1914    1.37550497055
1926    1.41284799576
1912    1.44566893578
1911    1.48387289047
1937    1.51605081558
1938    1.54678297043
1917    1.5782058239
1904    1.62532496452
1920    1.66318178177
1913    1.70614385605
1926    1.73355078697
1928    1.77596688271
1926    1.80848193169
1924    1.84307384491
1923    1.87754893303
2060    1.90106391907
1927    1.93346595764
1935    1.97300386429
1930    2.00632882118
1929    2.04178881645
1930    2.07429480553
2060    2.11317682266
1937    2.15645194054
1931    2.20002794266
1928    2.23863077164
1928    2.26694178581
1928    2.30041885376
1927    2.3340280056
1936    2.37675595284
1930    2.40481996536
1937    2.45285081863
1929    2.4911839962
1928    2.53455281258
1923    2.577865839
1922    2.6214029789
1927    2.65928983688
1928    2.70219397545
1931    2.73581790924
1923    2.77393698692
1931    2.81713485718
2052    2.84457993507
2060    2.87695789337
1929    2.90935492516
1937    2.95177197456
1933    2.98921084404
1923    3.0166349411
1929    3.05462789536
1931    3.09326577187
1938    3.13690590858
1932    3.17525887489
1929    3.21812200546
2070    3.24907684326
1933    3.29225587845
1954    3.32225489616
2068    3.36325097084
1949    3.40110087395
1940    3.43357586861
2068    3.46139979362
1945    3.49489998817
1942    3.52207183838
1950    3.54709482193
1942    3.58987188339
1945    3.62843585014
1942    3.65872788429
1943    3.69184994698
1944    3.7301697731
2067    3.758507967
1950    3.79176878929
1947    3.82002997398
1943    3.85325694084
1945    3.88145685196
1951    3.9153008461
1949    3.95872592926
1944    4.00291800499
1960    4.03603100777
1951    4.0814499855
1955    4.114579916
1961    4.15270996094
1951    4.18610286713
1961    4.21684098244
1963    4.25287699699
1970    4.27879786491
1963    4.31313490868
1966    4.34339880943
1967    4.3749229908
1965    4.40663290024
1969    4.44826483727
1960    4.4864449501
1963    4.51427698135
2082    4.55118393898
2086    4.59497690201
1979    4.63347578049
1985    4.67159891129
1970    4.70361185074
1984    4.7345468998
1976    4.76278185844
1976    4.80040788651
1974    4.8431289196
1972    4.8705098629
1984    4.90459394455
1982    4.93469285965
1983    4.96648979187
1980    5.00534296036
1991    5.04951381683
1989    5.09297394753
2111    5.13109397888
2111    5.17447400093
1995    5.21680378914
1995    5.25522899628
1990    5.29868793488
2010    5.32580494881
2008    5.35868477821
2012    5.39008998871
2005    5.43344593048
2006    5.47658896446
2003    5.51475477219
2011    5.54291081429
2004    5.57798194885
2007    5.62022781372
2014    5.66810584068
2133    5.71048092842
2007    5.7431678772
2026    5.77085900307
2010    5.80853796005
2022    5.83625078201
2025    5.86877584457
2015    5.89629077911
2024    5.92892193794
2030    5.96154284477
2018    5.99912881851
2043    6.04120087624
2038    6.0793659687
2036    6.12134194374
2045    6.1532227993
2037    6.18492794037
2168    6.21670794487
2050    6.24851679802
2040    6.28025197983
2045    6.31200480461
2033    6.35851788521
2041    6.39189982414
2175    6.4397778511
2051    6.47336387634
2050    6.51203799248
2056    6.54870796204
2062    6.57540798187
2056    6.60871195793
2067    6.64061784744
2058    6.68350791931
2066    6.71428084373
2064    6.74324679375
2059    6.77745580673
2065    6.81916689873
2079    6.84538793564
2076    6.8823158741
2081    6.90797281265
2072    6.94062685966
2072    6.97311997414
2188    7.01679086685
2066    7.05525279045
2086    7.09858393669
2087    7.14218378067
2090    7.19001078606
2211    7.2223918438
2090    7.25936293602
2095    7.29541778564
2090    7.3328499794
2219    7.36826992035
2210    7.39612984657
2096    7.43164896965
2093    7.46303486824
2103    7.50627994537
2230    7.53589391708
2223    7.57922577858
2110    7.60714483261
2114    7.63799595833
2110    7.6759967804
2108    7.72013187408
2104    7.75281882286
2105    7.79607582092
2108    7.82714891434
2096    7.86860895157
2104    7.89826893806
2104    7.93305897713
2113    7.97003388405
2103    8.00271987915
2110    8.03440189362
2117    8.06513285637
2116    8.10827183723
2108    8.13625884056
2114    8.17141699791
2227    8.21712779999
2110    8.25789999962
2130    8.28461289406
2118    8.31490683556
2120    8.34683799744
2122    8.37798190117
2124    8.41060590744
2123    8.4539949894
2124    8.49682784081
2121    8.53451681137
2129    8.57656288147
2127    8.61846995354
2136    8.66001796722
2143    8.69284796715
2144    8.72826480865
2147    8.75980591774
2138    8.79300689697
2132    8.83642888069
2139    8.87431693077
2256    8.91162490845
2138    8.94907689095
2135    8.98143100739
2134    9.00880885124
2145    9.04622197151
2151    9.07365679741
2160    9.11108779907
2154    9.13851881027
2156    9.17600178719
2150    9.20334386826
2143    9.2302877903
2159    9.27757096291
2156    9.31523990631
2273    9.34375786781
2152    9.37629199028
2160    9.4111468792
2152    9.44852781296
2150    9.4758939743
2148    9.51330685616
2164    9.54069399834
2168    9.57303786278
2169    9.60034394264
2166    9.63276791573
2165    9.66518688202
2165    9.69765686989
2166    9.73058080673
2161    9.76881599426
2167    9.79652500153
2166    9.82977485657
2291    9.8638279438
2171    9.88778996468
2166    9.92189788818
2167    9.95803284645
2191    9.9989118576
2180    10.0372848511
2182    10.0665428638
2183    10.1104779243
2185    10.1486449242
2192    10.1887738705
2303    10.241907835
2313    10.2718038559
2183    10.3026099205
2184    10.3463277817
2192    10.3820137978
2303    10.4295217991
2300    10.4571669102
2183    10.494066
2182    10.5246047974
2181    10.5680408478
2188    10.594878912
2181    10.6306729317
2186    10.6563668251
2192    10.6923158169
2183    10.7197158337
2185    10.7557759285
2183    10.7846097946
2175    10.8229908943
2181    10.8609287739
2300    10.904531002
2299    10.9321467876
2182    10.9646279812
2192    10.9974298477
2188    11.0258829594
2174    11.0689959526
2178    11.0980978012
2175    11.1265349388
2181    11.1588377953
2183    11.188158989
2192    11.2273647785
2192    11.2666318417
2191    11.2958250046
2188    11.3397388458
2185    11.3788588047
2183    11.4209418297
2184    11.4586508274
2192    11.4956510067
2167    11.5326039791
2168    11.5759398937
2169    11.619396925
2172    11.6576309204
2173    11.7094128132
2165    11.7529599667
2163    11.7912797928
2166    11.8240718842
2173    11.854695797
2174    11.8859138489
2175    11.9172599316
2174    11.9490628242
2164    11.9775679111
2172    12.0158019066
2158    12.0526118279
2160    12.0844688416
2167    12.1228327751
2172    12.1541647911
2162    12.185751915
2152    12.2285869122
2154    12.2720317841
2152    12.3155109882
2153    12.3519368172
2162    12.3831110001
2152    12.4166138172
2156    12.4434688091
2151    12.4856109619
2148    12.5228447914
2148    12.5610280037
2148    12.5966379642
2136    12.6223039627
2139    12.6579809189
2147    12.6881229877
2135    12.7181868553
2141    12.777315855
2120    12.8207089901
2101    12.8590049744
2102    12.9029989243
2103    12.9413368702
2108    12.9730038643
2099    13.0159008503
2107    13.0592668056
2102    13.1018869877
2102    13.1400279999
2225    13.1830918789
2119    13.2077608109
2128    13.2427418232
2126    13.2724368572
2131    13.3073868752
2131    13.3454868793
2123    13.3759269714
2121    13.4090719223
2104    13.4415779114
2102    13.4847447872
2105    13.5321588516
2114    13.5718138218
2225    13.6151678562
2104    13.6419429779
2102    13.6727178097
2103    13.7083687782
2111    13.7387979031
2105    13.7650640011
2110    13.7999088764
2106    13.8345658779
2102    13.8692018986
2103    13.9055628777
2093    13.9324088097
2087    13.9762279987
2087    14.019810915
2087    14.0563089848
2079    14.0968339443
2085    14.1300377846
2207    14.1585929394
2085    14.201540947
2088    14.2359318733
2098    14.2636058331
2085    14.3078320026
2089    14.3402349949
2086    14.3831238747
2072    14.4213209152
2079    14.4597139359
2071    14.4931249619
2064    14.5312049389
2082    14.5845098495
2082    14.6214249134
2072    14.6648278236
2069    14.7029719353
2076    14.7344198227
2074    14.7676978111
2064    14.7958657742
2071    14.8290858269
2072    14.8572928905
2079    14.890599966
2075    14.9341619015
2080    14.9663388729
2080    15.0053517818
2064    15.0396208763
2055    15.0740058422
2054    15.1118919849
2053    15.1434679031
2058    15.173391819
2059    15.2049977779
2048    15.2425630093
2044    15.2792708874
2038    15.3076999187
2041    15.3394708633
2044    15.3741250038
2046    15.4036948681
2019    15.4334290028
2025    15.4683618546
2033    15.4949948788
2030    15.5264499187
2022    15.558218956
2023    15.5899088383
2023    15.6301429272
2020    15.6732327938
2140    15.7001547813
2035    15.7320067883
2031    15.7676858902
2028    15.7934968472
2014    15.825360775
2007    15.8684549332
2011    15.8974609375
2007    15.9306848049
2009    15.9746038914
2015    16.0218529701
2005    16.0645329952
2008    16.1032710075
2126    16.1520349979
1997    16.1854338646
1989    16.2285089493
2123    16.2570819855
2001    16.2903079987
1999    16.3221538067
1999    16.3535299301
1992    16.3845999241
1997    16.4284188747
1984    16.4712808132
1979    16.4995038509
1972    16.5319149494
1976    16.5643069744
1973    16.5915908813
1977    16.6287260056
1986    16.6513957977
1980    16.6892838478
1974    16.7272357941
1958    16.7595479488
1959    16.7969458103
1960    16.8246998787
1954    16.8725588322
1961    16.8998777866
1964    16.932259798
1961    16.9645819664
1963    16.9919679165
2083    17.0243289471
2085    17.0567088127
1963    17.0840909481
1951    17.1114099026
1966    17.1534938812
1960    17.1955080032
1965    17.2322349548
1967    17.2677829266
1949    17.2971839905
1950    17.3294999599
1939    17.3612728119
1945    17.3929028511
1946    17.4301548004
1947    17.4675757885
1947    17.5110650063
1954    17.5376708508
1939    17.5710418224
1940    17.6037728786
1948    17.6356959343
1943    17.6645829678
1947    17.6978168488
1951    17.7322249413
1947    17.7599020004
1938    17.7882797718
1944    17.8304338455
1939    17.871368885
1938    17.9098680019
1927    17.952575922
1929    17.9849288464
1926    18.0122859478
1932    18.0446588993
1927    18.0770177841
