828    0.0332179069519
827    0.076141834259
824    0.114264011383
825    0.142352819443
828    0.179189920425
830    0.215548992157
826    0.259059906006
935    0.283709049225
822    0.317123889923
826    0.351795911789
820    0.380041837692
827    0.433177947998
828    0.47078704834
820    0.503415822983
822    0.540725946426
827    0.578070878983
827    0.605455875397
823    0.6327688694
933    0.665149927139
826    0.692498922348
828    0.729861021042
827    0.762246847153
825    0.799595832825
824    0.82692694664
936    0.859244823456
825    0.891680955887
823    0.924667835236
942    0.965981006622
828    1.00402498245
829    1.04005503654
821    1.07826495171
828    1.11009693146
830    1.14302682877
822    1.17041802406
824    1.19786691666
824    1.23021697998
827    1.2575750351
825    1.28492903709
820    1.31723499298
825    1.34465098381
827    1.37706184387
826    1.42444682121
829    1.45686197281
828    1.48922991753
824    1.52665901184
824    1.55361294746
820    1.58228087425
822    1.61457705498
825    1.64802885056
827    1.68654584885
828    1.7198369503
824    1.76320290565
829    1.79136586189
821    1.84331202507
827    1.87170791626
939    1.91035604477
827    1.93482089043
825    1.9690849781
936    2.0129430294
937    2.05034804344
828    2.08176898956
825    2.11054301262
828    2.14313602448
828    2.17499184608
821    2.20666003227
937    2.23259401321
822    2.26621103287
826    2.30844497681
827    2.33918905258
828    2.3734190464
827    2.39751791954
825    2.43187189102
821    2.46531105042
830    2.49942088127
830    2.52359604836
822    2.55679488182
825    2.60054588318
828    2.62757587433
825    2.67491698265
820    2.71242594719
827    2.74016499519
825    2.77397084236
822    2.8096818924
830    2.84521389008
829    2.87589693069
822    2.91152596474
828    2.94804596901
828    2.97783684731
824    3.0157289505
828    3.05756783485
822    3.09595704079
936    3.12362098694
825    3.15685296059
826    3.18529391289
824    3.21842288971
825    3.25039291382
827    3.284512043
824    3.32366585732
825    3.36303496361
825    3.39110684395
824    3.42430186272
828    3.45232987404
826    3.48905682564
824    3.52620482445
822    3.56410193443
824    3.60265994072
824    3.63090491295
826    3.67904996872
826    3.71419286728
824    3.75817799568
825    3.80618000031
828    3.84129095078
824    3.86736702919
821    3.90061402321
823    3.93240785599
822    3.97576785088
826    4.00402188301
831    4.03698086739
820    4.0743830204
825    4.10171294212
825    4.13407301903
825    4.16647601128
825    4.19893693924
828    4.22630882263
825    4.25873684883
825    4.29104399681
828    4.33405900002
827    4.3773419857
827    4.40368103981
822    4.44548797607
824    4.48307299614
823    4.51589798927
822    4.5598089695
823    4.59045982361
828    4.62115192413
825    4.67225003242
823    4.70556497574
824    4.74391698837
827    4.77707386017
824    4.80761003494
827    4.84815692902
830    4.88233804703
826    4.92799401283
830    4.9638710022
827    5.00675487518
829    5.03614282608
826    5.08392095566
829    5.12696385384
941    5.16252088547
830    5.19333696365
828    5.2366039753
827    5.26479387283
822    5.29688501358
824    5.34377288818
824    5.37953591347
938    5.41284394264
824    5.45599198341
824    5.49811387062
829    5.53672599792
825    5.56524896622
824    5.59828996658
824    5.6330678463
827    5.66781902313
829    5.70274496078
828    5.74581289291
827    5.77078795433
827    5.81391787529
822    5.857213974
824    5.89943099022
830    5.92642498016
830    5.95731282234
827    5.98804593086
941    6.01863193512
937    6.05428791046
829    6.0950319767
824    6.12600183487
821    6.15951800346
828    6.20279693604
825    6.24056100845
829    6.27304387093
827    6.30125284195
822    6.33413982391
824    6.36701393127
825    6.39561700821
944    6.43619084358
828    6.47437691689
828    6.50626087189
828    6.54786992073
831    6.58483695984
830    6.61666703224
822    6.64849495888
822    6.68085098267
938    6.71267294884
826    6.7444589138
825    6.77582597733
830    6.80664205551
828    6.84605097771
938    6.87021803856
827    6.90598893166
935    6.94600105286
825    6.98209905624
825    7.00999498367
829    7.04267787933
828    7.08575987816
831    7.11137199402
827    7.1444849968
827    7.18694400787
825    7.2121720314
942    7.24558186531
827    7.27898383141
827    7.30728793144
824    7.34073400497
825    7.38423800468
940    7.40800094604
828    7.4441819191
937    7.48745203018
829    7.51365184784
828    7.54178094864
827    7.57167601585
825    7.60217285156
825    7.63857889175
937    7.676831007
829    7.70771098137
828    7.74491882324
825    7.78064990044
831    7.81635284424
830    7.84215188026
829    7.87784194946
827    7.92367482185
828    7.95574402809
827    7.98728489876
824    8.0306558609
825    8.06770801544
820    8.10125398636
824    8.1499569416
822    8.18356204033
828    8.21423101425
824    8.24740386009
821    8.27566599846
827    8.31869387627
830    8.35807394981
826    8.40517783165
824    8.44356703758
825    8.4759349823
827    8.50326991081
936    8.53565692902
824    8.56812095642
824    8.59552693367
937    8.62790489197
936    8.68030595779
937    8.70763897896
827    8.73500704765
820    8.77232193947
825    8.7996430397
825    8.8319580555
826    8.86424183846
827    8.8917298317
938    8.92203497887
826    8.9576280117
937    8.98481893539
824    9.02226185799
825    9.05964589119
823    9.09200692177
830    9.12928700447
827    9.15666604042
823    9.18908190727
824    9.21689295769
823    9.26021885872
824    9.2982840538
825    9.32963991165
825    9.36772894859
828    9.4045958519
820    9.45262384415
822    9.49004387856
825    9.52243185043
826    9.54976081848
827    9.58209896088
826    9.60942196846
826    9.64677882195
938    9.67419505119
828    9.70664095879
828    9.74402785301
827    9.77142286301
937    9.80374193192
823    9.8311419487
911    9.86854195595
934    9.90627789497
935    9.95028090477
824    9.98370885849
826    10.0071959496
826    10.0456328392
934    10.0740938187
826    10.1125438213
820    10.1410388947
820    10.184871912
825    10.223181963
824    10.2595019341
826    10.2951960564
824    10.3260748386
822    10.360337019
831    10.387130022
824    10.4241728783
824    10.4678099155
825    10.4945149422
827    10.5282099247
820    10.5642888546
937    10.5898580551
827    10.6231269836
824    10.6665248871
827    10.7044129372
829    10.7377538681
825    10.7799968719
826    10.8137559891
820    10.8568129539
828    10.8886940479
934    10.933467865
828    10.9600410461
824    10.9917228222
828    11.0222909451
829    11.0562129021
827    11.0959029198
827    11.1272230148
941    11.1597459316
829    11.2029240131
829    11.2462718487
827    11.2843990326
831    11.3157670498
828    11.3455998898
940    11.3781628609
822    11.4059119225
830    11.4401519299
830    11.4693379402
822    11.510226965
822    11.5429718494
822    11.5790159702
828    11.6140518188
828    11.6408798695
825    11.669533968
827    11.7125039101
827    11.7450349331
827    11.7755639553
826    11.806347847
828    11.8383009434
935    11.8818869591
821    11.9250600338
937    11.9615499973
825    11.998939991
937    12.0366399288
824    12.0634319782
821    12.1015169621
820    12.1400718689
825    12.1834189892
825    12.226569891
825    12.2527630329
828    12.2956199646
825    12.3386390209
825    12.376639843
826    12.4046390057
827    12.4377000332
824    12.4657299519
825    12.5090739727
825    12.5372719765
935    12.5702419281
828    12.602036953
825    12.635311842
830    12.6722838879
831    12.7142169476
825    12.7572889328
829    12.7889668941
830    12.8195779324
826    12.8628768921
827    12.9011018276
827    12.932284832
937    12.9648790359
934    12.9968018532
829    13.033520937
825    13.0755000114
828    13.119052887
937    13.1438839436
828    13.1793758869
822    13.2227380276
828    13.2542529106
825    13.2822740078
825    13.3184299469
826    13.3441638947
825    13.3831238747
826    13.4168930054
828    13.4506368637
822    13.4879169464
825    13.5156488419
824    13.5480120182
824    13.5805108547
828    13.6132528782
826    13.638906002
830    13.6746258736
830    13.7106699944
827    13.7491099834
822    13.7864348888
827    13.8131370544
824    13.8452780247
823    13.8738338947
823    13.9112420082
829    13.9458220005
830    13.9818079472
823    14.0251469612
826    14.0681710243
825    14.1039500237
828    14.1370019913
830    14.1689538956
825    14.1964888573
828    14.2214598656
824    14.2530798912
831    14.2875709534
830    14.3256039619
824    14.3575658798
933    14.390447855
819    14.4184539318
934    14.4540929794
820    14.4952068329
825    14.5415759087
827    14.5834720135
823    14.6214668751
824    14.6571578979
940    14.6828889847
826    14.7160129547
827    14.7526168823
827    14.7878308296
825    14.8209819794
826    14.8526659012
819    14.8956029415
824    14.9386148453
829    14.9684939384
825    14.9992618561
822    15.0298528671
823    15.070442915
828    15.1011638641
828    15.1326918602
825    15.1641478539
828    15.2109558582
825    15.2492229939
828    15.2762699127
827    15.313079834
824    15.343930006
824    15.3752310276
826    15.4062068462
829    15.464040041
827    15.5070159435
824    15.5446119308
823    15.581291914
826    15.6184649467
822    15.6459488869
828    15.68253088
830    15.7137098312
822    15.7515590191
934    15.7841598988
939    15.8156068325
934    15.8586509228
824    15.8968069553
824    15.9241299629
825    15.9569678307
827    15.9895019531
822    16.0218958855
823    16.0543589592
825    16.0838589668
827    16.122576952
823    16.1559150219
824    16.1994700432
939    16.2365670204
937    16.2691278458
829    16.2994408607
828    16.3329529762
830    16.3624529839
821    16.3954789639
822    16.423596859
825    16.4567918777
826    16.484913826
824    16.5181179047
826    16.5613319874
825    16.6005239487
827    16.6388058662
830    16.6669979095
824    16.7078518867
825    16.7455089092
824    16.7727899551
820    16.8000400066
828    16.8322720528
826    16.8696558475
826    16.9120008945
828    16.9497549534
828    16.9876909256
830    17.0226340294
824    17.0526440144
820    17.0845479965
828    17.116286993
935    17.1592428684
828    17.1900520325
823    17.2214379311
936    17.2648048401
829    17.2907128334
826    17.3334829807
830    17.3668358326
824    17.4102339745
824    17.4379680157
937    17.4713308811
824    17.5150308609
825    17.5533289909
824    17.5861079693
825    17.633548975
827    17.6584730148
824    17.6871900558
