2266    0.0373449325562
2393    0.0801410675049
2272    0.116816997528
2400    0.148505926132
2272    0.179212093353
2282    0.21108007431
2278    0.247852087021
2276    0.280116081238
2279    0.31680893898
2279    0.352561950684
2280    0.382758140564
2272    0.411293983459
2273    0.453302145004
2275    0.486886978149
2274    0.530467033386
2275    0.573852062225
2279    0.599450111389
2279    0.638921022415
2288    0.677277088165
2288    0.720575094223
2274    0.758367061615
2291    0.80487704277
2270    0.842834949493
2267    0.885294914246
2295    0.913774967194
2289    0.947157144547
2402    0.980657100677
2402    1.00909900665
2272    1.05879402161
2286    1.0918879509
2294    1.11989092827
2280    1.15272092819
2406    1.1868789196
2296    1.21502494812
2285    1.24797797203
2287    1.27528309822
2288    1.29766893387
2406    1.33056497574
2286    1.37418293953
2289    1.41241192818
2289    1.44416594505
2285    1.47611403465
2404    1.51937413216
2280    1.56233811378
2294    1.58858013153
2286    1.61702203751
2286    1.65031909943
2285    1.6790599823
2288    1.71751594543
2288    1.76022410393
2296    1.79019713402
2286    1.83012294769
2287    1.86517810822
2294    1.89550995827
2404    1.93864893913
2280    1.97686195374
2401    2.01536512375
2284    2.05246114731
2284    2.1007900238
2286    2.14383912086
2287    2.18206810951
2286    2.215280056
2287    2.24353098869
2292    2.28680610657
2286    2.31406712532
2288    2.35237503052
2293    2.39023399353
2416    2.42105793953
2296    2.45848894119
2289    2.49708294868
2288    2.52916312218
2290    2.5681540966
2289    2.61183810234
2282    2.6543431282
2287    2.68110609055
2286    2.71275305748
2286    2.74446892738
2411    2.77453494072
2303    2.8067920208
2299    2.83796906471
2289    2.86624312401
2300    2.90991997719
2286    2.94833493233
2302    2.97624611855
2300    3.00909113884
2301    3.04321813583
2300    3.08632898331
2309    3.11139798164
2312    3.14737892151
2311    3.17363500595
2300    3.20720911026
2303    3.23932003975
2300    3.28027391434
2424    3.31215000153
2303    3.35379195213
2301    3.38570213318
2426    3.41846299171
2303    3.4618639946
2422    3.50529313087
2302    3.54340004921
2299    3.58516812325
2303    3.61220812798
2303    3.65484595299
2294    3.69327712059
2300    3.73503804207
2300    3.76631307602
2303    3.80131912231
2313    3.83769893646
2294    3.86915898323
2310    3.90114498138
2303    3.93345093727
2311    3.96421313286
2432    4.00763702393
2295    4.0408449173
2299    4.07912802696
2314    4.12215995789
2303    4.15323615074
2313    4.18465805054
2303    4.21757793427
2316    4.25590515137
2423    4.28842592239
2321    4.31782102585
2322    4.35555791855
2325    4.39622306824
2325    4.43699598312
2316    4.4750931263
2303    4.50793814659
2325    4.53785800934
2328    4.56930208206
2316    4.60064792633
2322    4.63805198669
2323    4.67541599274
2316    4.70282697678
2301    4.73520493507
2295    4.76276707649
2303    4.79241108894
2420    4.82745313644
2301    4.87388896942
2299    4.91098093987
2290    4.94021391869
2295    4.97153496742
2288    5.00299501419
2288    5.06254601479
2286    5.09003400803
2292    5.12259912491
2311    5.15531110764
2303    5.18301892281
2303    5.22072792053
2303    5.2535340786
2302    5.28582000732
2303    5.31312513351
2303    5.35041999817
2303    5.37770104408
2300    5.4050450325
2301    5.43737912178
2299    5.48621296883
2310    5.51844906807
2311    5.55074596405
2318    5.58310604095
2329    5.6204969883
2436    5.65787196159
2321    5.68527698517
2316    5.71763205528
2318    5.74500703812
2315    5.77735495567
2429    5.80965995789
2321    5.85200715065
2320    5.88945412636
2318    5.93182110786
2318    5.95919108391
2315    5.99161410332
2318    6.02443003654
2338    6.05266094208
2332    6.09573411942
2324    6.13890004158
2330    6.18033003807
2330    6.21982312202
2330    6.24537801743
2340    6.27873301506
2332    6.31331396103
2325    6.35834813118
2446    6.40183115005
2332    6.4403591156
2336    6.47868800163
2326    6.52209210396
2335    6.58181905746
2335    6.6135699749
2341    6.64531993866
2339    6.67709207535
2331    6.70812892914
2456    6.74004507065
2324    6.7829720974
2332    6.81287193298
2344    6.85200595856
2464    6.88551902771
2353    6.91410303116
2350    6.95172691345
2343    6.98965191841
2343    7.02193212509
2360    7.05432200432
2467    7.08910512924
2360    7.11564302444
2353    7.14715003967
2350    7.1950750351
2353    7.23293209076
2342    7.26068305969
2345    7.28864502907
2373    7.32373094559
2348    7.35514712334
2354    7.38673210144
2362    7.42893695831
2360    7.46597599983
2350    7.50357699394
2378    7.53856611252
2370    7.57361912727
2359    7.60887312889
2365    7.64686203003
2363    7.68384313583
2367    7.72044110298
2373    7.75683903694
2371    7.78621101379
2480    7.81855201721
2369    7.85131502151
2374    7.89249014854
2362    7.93573999405
2366    7.97379803658
2376    8.00373196602
2367    8.03373599052
2371    8.05891013145
2367    8.0999341011
2365    8.13404607773
2375    8.16921305656
2372    8.19575500488
2388    8.23373293877
2392    8.27187299728
2383    8.300385952
2374    8.33381414413
2375    8.36229205132
2500    8.40077114105
2389    8.42964196205
2383    8.47287106514
2392    8.50780296326
2384    8.53576612473
2379    8.57129406929
2372    8.61374592781
2390    8.66223812103
2381    8.70046305656
2382    8.73318314552
2386    8.76686501503
2388    8.80567908287
2378    8.83464193344
2380    8.8666510582
2380    8.89450907707
2392    8.93128204346
2383    8.96933507919
2383    8.9971871376
2379    9.03408408165
2387    9.07201194763
2387    9.11075401306
2363    9.15731906891
2367    9.18304991722
2371    9.21382498741
2366    9.24467611313
2375    9.27607893944
2367    9.30721402168
2365    9.33808803558
2374    9.37041497231
2372    9.40594792366
2364    9.4300839901
2376    9.46426606178
2374    9.50353097916
2365    9.53280305862
2493    9.56708192825
2365    9.59127998352
2361    9.63060712814
2377    9.65489792824
2366    9.69415092468
2367    9.72871208191
2364    9.76609110832
2366    9.80344009399
2365    9.83583402634
2364    9.87322902679
2350    9.90561413765
2352    9.93295311928
2354    9.96535491943
2464    9.99769902229
2359    10.0301890373
2358    10.0643079281
2348    10.0984840393
2350    10.1355581284
2345    10.1739449501
2350    10.2174921036
2468    10.2563259602
2349    10.2843401432
2361    10.3202209473
2354    10.3521621227
2353    10.3955070972
2359    10.4387390614
2350    10.4824371338
2470    10.519464016
2351    10.5576360226
2347    10.5917570591
2352    10.6400940418
2347    10.6774170399
2476    10.7211329937
2472    10.7650740147
2349    10.7975261211
2358    10.8363239765
2331    10.8746099472
2329    10.917976141
2340    10.9563391209
2341    10.9994051456
2328    11.0362849236
2351    11.0782649517
2337    11.1049330235
2333    11.1421320438
2329    11.1804749966
2323    11.2150290012
2333    11.254858017
2330    11.2929849625
2332    11.3207681179
2343    11.3525779247
2333    11.3857021332
2331    11.4123980999
2339    11.4443020821
2342    11.4761641026
2335    11.512804985
2331    11.5508470535
2344    11.5843849182
2460    11.6078691483
2326    11.6314301491
2335    11.6650159359
2333    11.6934361458
2331    11.7268819809
2335    11.7639639378
2340    11.7948620319
2331    11.8231129646
2342    11.8595380783
2328    11.8857970238
2316    11.9218609333
2333    11.94885993
2326    11.9811310768
2324    12.0130729675
2320    12.0460910797
2311    12.0742681026
2303    12.1174640656
2317    12.1562421322
2315    12.1996591091
2315    12.2263190746
2317    12.2724320889
2318    12.3150129318
2303    12.3425040245
2317    12.3747889996
2315    12.4021420479
2320    12.4363529682
2320    12.4790990353
2315    12.5174040794
2329    12.5499501228
2320    12.5930390358
2328    12.6330280304
2312    12.6680600643
2320    12.6982989311
2316    12.7407710552
2329    12.7713899612
2313    12.8020839691
2312    12.8457291126
2325    12.8862719536
2318    12.9246990681
2323    12.9679341316
2323    13.0112071037
2303    13.0495390892
2300    13.080450058
2301    13.1186709404
2312    13.1506090164
2300    13.183893919
2425    13.2118499279
2302    13.2452509403
2303    13.2836351395
2313    13.3216400146
2311    13.3522429466
2297    13.3896369934
2302    13.4270250797
2302    13.4549350739
2309    13.4924969673
2310    13.5181241035
2303    13.5572710037
2311    13.5953860283
2303    13.6238760948
2300    13.6600830555
2301    13.698166132
2296    13.7258861065
2303    13.7633569241
2296    13.805740118
2300    13.8332490921
2303    13.8655869961
2303    13.8931660652
2301    13.9257421494
2303    13.9532260895
2301    13.9957280159
2300    14.0337920189
2299    14.0709879398
2303    14.1019821167
2297    14.1338789463
2289    14.1623439789
2287    14.1962170601
2285    14.2241611481
2285    14.2627580166
2294    14.3010549545
2288    14.3395769596
2398    14.383122921
2280    14.4221169949
2292    14.4570300579
2278    14.4969670773
2295    14.5272619724
2287    14.5706510544
2286    14.6148641109
2281    14.6534149647
2405    14.6910190582
2296    14.7254209518
2285    14.7534499168
2281    14.791875124
2289    14.8367609978
2280    14.8743650913
2283    14.9127631187
2284    14.9559860229
2294    14.9978320599
2310    15.0411200523
2303    15.0787289143
2301    15.1218149662
2303    15.1566529274
2310    15.1920621395
2302    15.2260289192
2298    15.2645750046
2295    15.3026199341
2302    15.3410990238
2299    15.3799920082
2300    15.4237830639
2303    15.4497921467
2303    15.4833741188
2313    15.514523983
2302    15.5581009388
2289    15.5964670181
2292    15.6441559792
2297    15.6808810234
2294    15.7126860619
2288    15.7442939281
2279    15.787181139
2289    15.830160141
2427    15.8687970638
2297    15.9042830467
2291    15.9419901371
2289    15.9702539444
2286    16.0062119961
2287    16.0481300354
2287    16.0865290165
2279    16.1147079468
2295    16.1546700001
2291    16.1943900585
2296    16.2195520401
2279    16.2559540272
2289    16.2832710743
2285    16.3156311512
2288    16.3529980183
2288    16.3803999424
2285    16.4177730083
2288    16.4451620579
2289    16.4725320339
2398    16.4948990345
2283    16.5272870064
2290    16.5597479343
2290    16.6035289764
2403    16.6419360638
2298    16.672755003
2283    16.7130720615
2296    16.7378311157
2293    16.7759399414
2294    16.8014891148
2408    16.8369259834
2402    16.8767330647
2288    16.9098269939
2299    16.946502924
2294    16.9816920757
2284    17.0123620033
2288    17.0529050827
2410    17.0786890984
2403    17.1153690815
2280    17.1467850208
2293    17.1830749512
2271    17.2111301422
2273    17.2440040112
2272    17.2772870064
2398    17.320374012
2383    17.3583159447
2294    17.3940639496
2395    17.4311990738
2280    17.4643671513
2278    17.4950699806
2272    17.5383300781
2268    17.5817711353
2280    17.6076850891
2398    17.6434381008
2272    17.682901144
2275    17.7204930782
2283    17.7561950684
2281    17.7878470421
2270    17.8233530521
2273    17.8571240902
2272    17.885915041
2279    17.9171080589
2268    17.9604120255
