2708    0.0332820415497
2709    0.0716860294342
2709    0.108463048935
2715    0.135655879974
2719    0.167530059814
2816    0.211073875427
2710    0.254302978516
2826    0.279065847397
2712    0.313832044601
2724    0.348573923111
2711    0.388284921646
2817    0.443028926849
2722    0.482750892639
2818    0.522369861603
2725    0.551940917969
2723    0.586657047272
2714    0.611424922943
2722    0.646213054657
2832    0.675956010818
2725    0.710739850998
2724    0.74543595314
2725    0.770303964615
2725    0.815011978149
2716    0.850178003311
2715    0.913052082062
2828    0.95059800148
2725    0.986930847168
2715    1.0209710598
2722    1.0531270504
2725    1.09222507477
2721    1.14485788345
2694    1.18240189552
2638    1.2215590477
2637    1.26095986366
2595    1.29377985001
2715    1.32947087288
2612    1.36015605927
2612    1.39588499069
2601    1.4215118885
2608    1.45731806755
2599    1.49299287796
2690    1.52861785889
2582    1.55914902687
2585    1.58980607986
2573    1.62047290802
2553    1.66158390045
2551    1.70260906219
2532    1.7287979126
2521    1.76658892632
2505    1.80152606964
2493    1.83644294739
2462    1.86135387421
2466    1.89823698997
2441    1.93639397621
2441    1.96883797646
2432    1.99855399132
2401    2.03144097328
2403    2.0738658905
2378    2.11383295059
2492    2.1537759304
2356    2.19585895538
2352    2.23319387436
2344    2.26125001907
2335    2.32091593742
2335    2.35368990898
2317    2.3592710495
2316    2.39689493179
0    2.43016290665
2313    2.43528795242
2303    2.47009086609
2286    2.51877093315
2299    2.56158089638
2266    2.6060090065
2272    2.63811397552
2272    2.68099689484
2256    2.72438097
2264    2.76105904579
2258    2.79548192024
2254    2.83834505081
2361    2.88532495499
2360    2.9174618721
2248    2.94537997246
2250    2.98506498337
2235    3.02159404755
2227    3.06511807442
2227    3.09842300415
2230    3.14053797722
2227    3.17754793167
2235    3.21544504166
2227    3.25114893913
2238    3.28697085381
2230    3.32491993904
2235    3.35720896721
2224    3.4046459198
2229    3.44141292572
2244    3.48421692848
2358    3.52702403069
2241    3.56013989449
2235    3.59840106964
2355    3.64711785316
2257    3.68532991409
2257    3.72859787941
2255    3.76672506332
2257    3.80500292778
2254    3.83683085442
2281    3.86875605583
2272    3.89740800858
2270    3.93583989143
2270    3.9738919735
2279    4.00552988052
2274    4.0386300087
2269    4.06601786613
2281    4.0987830162
2282    4.14102888107
2288    4.18385696411
2309    4.21124505997
2303    4.24457597733
2300    4.27292299271
2311    4.30527687073
2317    4.34000086784
2326    4.36686301231
2327    4.40004491806
2436    4.43098402023
2338    4.4740588665
2331    4.51259899139
2330    4.55593800545
2353    4.59452986717
2354    4.62631106377
2459    4.6686270237
2359    4.69593596458
2360    4.73334789276
2380    4.76062703133
2384    4.78792786598
2379    4.82529902458
2396    4.85261702538
2390    4.88491797447
2516    4.91731500626
2408    4.95966506004
2428    5.00200891495
2437    5.03445196152
2438    5.08187007904
2453    5.10923099518
2459    5.14160704613
2472    5.16899991035
2465    5.20640301704
2460    5.23379993439
2480    5.2677359581
2506    5.29464197159
2512    5.32763886452
2507    5.36332702637
2520    5.39411401749
2520    5.42871403694
2527    5.46344995499
2552    5.48914384842
2559    5.52759003639
2574    5.56044387817
2573    5.5880150795
2593    5.62638902664
2709    5.65931797028
2598    5.69165492058
2630    5.72895002365
2626    5.76127886772
2643    5.80410289764
2654    5.84227585793
2664    5.88038396835
2685    5.91196894646
2699    5.94412708282
2687    5.97592496872
2695    6.00720405579
2706    6.06406903267
2707    6.09688997269
2716    6.13872003555
2718    6.18042087555
2723    6.20854091644
2713    6.24180293083
2716    6.27447986603
2715    6.31782507896
2716    6.3610329628
2724    6.39764285088
2710    6.43499088287
2835    6.47147107124
2725    6.50378298759
2722    6.53436684608
2709    6.56694698334
2718    6.59829187393
2708    6.63012599945
2706    6.67364192009
2708    6.71173501015
2713    6.74663090706
2816    6.78174996376
2705    6.82322502136
2687    6.86674594879
2678    6.9036359787
2676    6.93374204636
2662    6.96903586388
2644    6.99426698685
2640    7.02767705917
2631    7.07096290588
2626    7.10200595856
2625    7.13377785683
2600    7.16652607918
2600    7.20756697655
2586    7.25149202347
2585    7.28220891953
2597    7.31388497353
2576    7.34699988365
2557    7.39002895355
2559    7.41992402077
2551    7.45069384575
2553    7.48265194893
2539    7.51346993446
2544    7.55538201332
2547    7.59381389618
2549    7.62384796143
2537    7.66879200935
2536    7.69387292862
2527    7.72883605957
2538    7.75889801979
2530    7.79420089722
2534    7.82031106949
2535    7.85380887985
2535    7.89571404457
2505    7.92388391495
2517    7.96089100838
2519    8.00079393387
2537    8.02751803398
2530    8.06083106995
2525    8.0889749527
2526    8.12745785713
2533    8.15498304367
2522    8.19832801819
2534    8.22972607613
2541    8.27395701408
2552    8.30745601654
2540    8.34315299988
2546    8.37876987457
2544    8.41271591187
2552    8.4426279068
2551    8.47483301163
2556    8.51755285263
2576    8.56220602989
2583    8.60546994209
2581    8.64325904846
2583    8.68583297729
2585    8.72876286507
2598    8.75290799141
2583    8.78629493713
2601    8.82325196266
2591    8.86146688461
2612    8.90483784676
2614    8.9428229332
2625    8.97459292412
2630    9.0077419281
2642    9.03559398651
2646    9.07332086563
2644    9.10176801682
2643    9.13476991653
2661    9.17218995094
2660    9.20420694351
2665    9.23238396645
2668    9.26539206505
2665    9.30176997185
2678    9.33779287338
2679    9.37510299683
2686    9.41241288185
2697    9.45002102852
2687    9.49360799789
2701    9.5360929966
2715    9.57437491417
2719    9.60271000862
2720    9.63858890533
2710    9.6660220623
2709    9.70363688469
2708    9.74130487442
2712    9.76886487007
2711    9.80646586418
2713    9.83401799202
2713    9.86658596992
2720    9.89760494232
2715    9.94092202187
2724    9.97171807289
2716    10.0044739246
2830    10.0321888924
2724    10.0702998638
2725    10.123955965
2715    10.1621038914
2726    10.2029850483
2727    10.2399749756
2830    10.2654769421
2724    10.2973520756
2716    10.3251590729
2716    10.3620860577
2717    10.4004480839
2715    10.443363905
2823    10.4778149128
2724    10.5150740147
2726    10.5460259914
2724    10.5771620274
2714    10.60978508
2713    10.6485378742
2710    10.6868128777
2705    10.7252500057
2716    10.7681510448
2677    10.8022499084
2657    10.8354070187
2653    10.8635239601
2603    10.9088740349
2559    10.9413619041
2537    10.9742329121
2507    11.0004348755
2484    11.033495903
2465    11.0651879311
2451    11.1085028648
2448    11.1517679691
2478    11.1888978481
2612    11.235585928
2548    11.2725250721
2559    11.3054080009
2603    11.336979866
2601    11.3666949272
2606    11.39939785
2620    11.4372179508
2617    11.4789509773
2619    11.5109109879
2638    11.5419528484
2646    11.5693719387
2641    11.6068160534
2654    11.6341400146
2667    11.666492939
2675    11.7139699459
2683    11.7514529228
2694    11.7788820267
2704    11.8110280037
2707    11.8422970772
2700    11.8807680607
2715    11.9184579849
2717    11.9450628757
2706    11.9882018566
2714    12.0240569115
2710    12.057240963
2718    12.0890550613
2829    12.1324789524
2710    12.1649489403
2828    12.193295002
2712    12.2265520096
2713    12.255012989
2711    12.288351059
2713    12.3170518875
2830    12.3586058617
2723    12.3844099045
2713    12.4172959328
2724    12.4482078552
2712    12.4765398502
2713    12.5090529919
2818    12.5407159328
2720    12.5774309635
2723    12.6141819954
2723    12.6436748505
2712    12.6769149303
2712    12.7139649391
2713    12.7470629215
2718    12.7889759541
2720    12.8198769093
2724    12.8500008583
2720    12.8817949295
2714    12.9182229042
2713    12.956619978
2721    12.9946389198
2713    13.0283329487
2713    13.0566630363
2712    13.0898900032
2712    13.1180949211
2722    13.1540670395
2723    13.1843869686
2725    13.2232408524
2714    13.2565979958
2713    13.2850179672
2818    13.3221838474
2722    13.3535180092
2712    13.3969678879
2723    13.4389798641
2820    13.4768218994
2713    13.5146758556
2713    13.5575840473
2713    13.5959968567
2712    13.629242897
2722    13.6610238552
2721    13.6926488876
2723    13.7277679443
2710    13.7627670765
2716    13.8029050827
2698    13.8406670094
2705    13.8789639473
2686    13.9021658897
2686    13.9403839111
2687    13.9785399437
2661    14.0072050095
2657    14.0455429554
2630    14.0900950432
2613    14.11719203
2599    14.1501200199
2587    14.1768519878
2559    14.2224850655
2528    14.253289938
2616    14.2842710018
2467    14.3150820732
2451    14.3490538597
2451    14.3828020096
2418    14.4065420628
2377    14.4394829273
2352    14.4746148586
2338    14.500936985
2303    14.5463888645
2283    14.5715470314
2267    14.6032600403
2254    14.6343820095
2249    14.6716060638
2234    14.7248170376
2235    14.7671449184
2235    14.8051419258
2257    14.8481609821
2319    14.8750269413
2379    14.9137899876
2526    14.9520440102
2450    14.9797890186
2492    15.0173919201
2505    15.0454828739
2559    15.0738408566
2556    15.1070718765
2601    15.1354899406
2615    15.1680600643
2638    15.1958868504
2643    15.238270998
2695    15.2713849545
2700    15.2999229431
2697    15.3470468521
2708    15.3856699467
2711    15.4176259041
2719    15.4587469101
2708    15.4964158535
2709    15.5404920578
2709    15.5788660049
2711    15.6221048832
2713    15.6503539085
2711    15.6936938763
2713    15.7277069092
2726    15.7546780109
2714    15.7983019352
2715    15.8286619186
2726    15.868229866
2715    15.9090549946
2714    15.9522140026
2722    15.9889779091
2830    16.0210120678
2725    16.0515699387
2723    16.0873968601
2714    16.1255550385
2716    16.1657700539
2721    16.1975338459
2724    16.2398788929
2722    16.2764508724
2711    16.3091518879
2711    16.3448929787
2712    16.3819899559
2710    16.425205946
2712    16.4687559605
2708    16.5020430088
2718    16.5389740467
2714    16.5852599144
2808    16.6220059395
2702    16.6546978951
2714    16.6822619438
2705    16.7156150341
2819    16.7424860001
2704    16.7788589001
2711    16.8051719666
2707    16.8407828808
2701    16.871407032
2700    16.9121580124
2701    16.9455258846
2700    16.9887268543
2711    17.0240240097
2804    17.0516068935
2701    17.0871908665
2712    17.1178078651
2711    17.1485080719
2701    17.1791360378
2699    17.2097818851
2711    17.2398090363
2712    17.2750570774
2701    17.3136188984
2700    17.3422169685
2698    17.39032197
2701    17.4280469418
2701    17.4708719254
2701    17.5141029358
2701    17.5517549515
2711    17.58284688
2709    17.6145029068
2710    17.6457169056
2700    17.6890358925
2760    17.7323839664
2706    17.7591838837
2704    17.7928638458
2705    17.8365330696
2816    17.8798089027
2719    17.9158399105
2816    17.9438390732
2709    17.9769799709
2821    18.0080459118
