246    0.0322787761688
244    0.0596158504486
360    0.0923187732697
247    0.133683919907
246    0.176944971085
246    0.214938879013
246    0.258239984512
255    0.284217834473
255    0.320224761963
255    0.34601688385
377    0.3786008358
255    0.409889936447
255    0.448588848114
255    0.487520933151
255    0.523452997208
255    0.556464910507
281    0.599356889725
255    0.642036914825
286    0.669066905975
286    0.702315807343
287    0.73410487175
284    0.772823810577
287    0.805730819702
286    0.837070941925
285    0.8680768013
300    0.90137386322
303    0.944255828857
303    0.986746788025
283    1.02466487885
285    1.06311678886
285    1.0914337635
287    1.12435984612
287    1.15830588341
286    1.18740081787
286    1.22190093994
286    1.26024699211
282    1.30851387978
287    1.34169578552
286    1.38511395454
284    1.42250680923
255    1.45488595963
255    1.48726177216
255    1.51461982727
247    1.56002879143
245    1.58688187599
249    1.62358283997
249    1.66676878929
225    1.70520377159
353    1.74729895592
226    1.79017877579
211    1.8271458149
332    1.86853599548
207    1.89602684975
196    1.93260478973
196    1.97264099121
196    2.00342178345
193    2.03662991524
190    2.06972289085
173    2.0978178978
316    2.13098788261
178    2.16916298866
191    2.21287679672
175    2.25088596344
195    2.2805018425
179    2.3108189106
177    2.34702682495
176    2.38460087776
177    2.4170229435
177    2.45069789886
176    2.48450183868
176    2.52326798439
176    2.5520567894
179    2.5858309269
178    2.61970090866
173    2.66349577904
176    2.68736481667
177    2.72614479065
177    2.76534485817
287    2.80305981636
175    2.84149193764
173    2.87671685219
175    2.91905593872
173    2.95188784599
176    2.987210989
173    3.02974486351
174    3.0570909977
175    3.08951687813
178    3.12189292908
175    3.14925384521
173    3.1822218895
176    3.22570681572
175    3.26401281357
282    3.30151486397
175    3.33013296127
191    3.36443591118
172    3.40580677986
282    3.43830084801
178    3.48318386078
193    3.53079891205
175    3.56257390976
193    3.6053879261
193    3.63818693161
194    3.66591596603
196    3.70519590378
196    3.74133896828
194    3.77322292328
191    3.80160784721
190    3.83961296082
193    3.89286184311
192    3.92950582504
193    3.95705699921
194    3.99156594276
193    4.0196249485
195    4.05332779884
195    4.08892893791
193    4.12145280838
191    4.14866876602
211    4.18120479584
193    4.2135078907
210    4.25082278252
214    4.2786989212
210    4.31137084961
211    4.35525584221
211    4.39839076996
315    4.43835496902
212    4.48161482811
207    4.51989388466
229    4.54665398598
229    4.58477783203
229    4.62667894363
231    4.67030191422
229    4.70848989487
231    4.7404999733
231    4.78947091103
246    4.82316493988
249    4.85922288895
248    4.89559292793
248    4.92906188965
243    4.96358680725
244    5.00200390816
255    5.03929185867
255    5.07116293907
255    5.10130786896
255    5.13300776482
255    5.16251778603
255    5.19526982307
283    5.22349786758
391    5.27197790146
390    5.31036496162
282    5.34219384193
283    5.38520693779
284    5.40932178497
284    5.44345998764
287    5.4781267643
255    5.51220989227
255    5.54153180122
255    5.5680038929
281    5.60181498528
255    5.63882899284
366    5.67448091507
255    5.71773386002
246    5.75550985336
255    5.79734396935
245    5.82485485077
248    5.85881686211
245    5.88778686523
242    5.92178082466
229    5.94851088524
328    6.00815486908
231    6.05518889427
230    6.09694385529
213    6.13305687904
213    6.17660188675
210    6.21449995041
213    6.24569797516
211    6.27774786949
207    6.31070685387
210    6.33868479729
191    6.37712192535
190    6.41465377808
193    6.4486079216
191    6.49144077301
191    6.52880096436
192    6.56103587151
195    6.58833479881
193    6.62071299553
192    6.65307188034
190    6.68037796021
191    6.73113179207
172    6.77276778221
175    6.81042981148
255    6.8422088623
175    6.87527394295
255    6.91053986549
177    6.9363629818
172    6.97181487083
179    7.01479482651
174    7.04968881607
174    7.0782418251
174    7.10380196571
173    7.13469576836
177    7.16728687286
177    7.21070790291
177    7.23796486855
173    7.27118992805
176    7.30236291885
175    7.33999085426
173    7.37547492981
175    7.40834593773
255    7.44616484642
176    7.48899197578
179    7.52143096924
178    7.55398797989
255    7.58794879913
255    7.63125491142
178    7.6643269062
176    7.6993098259
173    7.72750282288
175    7.76144886017
175    7.79216480255
178    7.8285279274
175    7.88045597076
255    7.91174197197
178    7.94439196587
176    7.97668290138
255    8.00923895836
172    8.03665995598
175    8.07427096367
175    8.11197376251
175    8.14255189896
174    8.17323684692
178    8.20879888535
172    8.24843597412
176    8.28398990631
175    8.31944084167
176    8.35501194
175    8.39059495926
176    8.41632294655
175    8.45210790634
177    8.48269295692
195    8.51367497444
193    8.54276776314
191    8.58191585541
193    8.61602497101
278    8.65013599396
193    8.68444895744
191    8.72779989243
191    8.76577591896
191    8.80302286148
279    8.84144496918
194    8.87831091881
191    8.91247081757
209    8.95049476624
213    8.9864718914
212    9.01655983925
210    9.05011487007
294    9.09343481064
211    9.13129782677
213    9.17957997322
213    9.20626497269
210    9.24587988853
297    9.28067088127
296    9.31541895866
229    9.35522580147
225    9.38269686699
229    9.41762185097
229    9.45764493942
225    9.50233078003
229    9.53692984581
227    9.56653189659
228    9.60128378868
230    9.63643693924
229    9.67476677895
230    9.71813488007
231    9.75664281845
230    9.79001283646
226    9.8333029747
229    9.88172388077
227    9.914965868
228    9.95804095268
211    9.98835587502
213    10.0188148022
212    10.0521907806
211    10.082297802
210    10.114677906
211    10.1528568268
210    10.1961288452
210    10.2242457867
194    10.2576627731
196    10.2893929482
195    10.3327109814
195    10.3585848808
191    10.390447855
191    10.4218349457
191    10.4542279243
194    10.4916319847
177    10.5189418793
194    10.5664029121
177    10.6060049534
174    10.6435849667
175    10.6863939762
255    10.7140038013
176    10.7470629215
175    10.781624794
176    10.8263189793
176    10.8658998013
175    10.9054288864
171    10.939994812
174    10.9662327766
176    10.9971818924
254    11.0299208164
178    11.0617389679
254    11.0981528759
254    11.1335179806
176    11.1893548965
226    11.2271318436
175    11.2705938816
175    11.3138868809
175    11.3570828438
176    11.384062767
253    11.414495945
177    11.4443237782
176    11.4790418148
174    11.5077188015
172    11.5419259071
176    11.5695619583
174    11.616245985
175    11.6411168575
177    11.6743249893
175    11.7027089596
174    11.7360999584
175    11.7691979408
175    11.8066208363
176    11.8430848122
176    11.8699529171
178    11.9018919468
175    11.9366929531
174    11.9629259109
174    12.0170259476
175    12.0588879585
175    12.0905358791
175    12.122456789
174    12.1512317657
175    12.1875889301
252    12.2261168957
176    12.2535479069
174    12.2889969349
250    12.3181128502
175    12.3522629738
175    12.3917088509
175    12.4176118374
174    12.4673509598
175    12.5005378723
250    12.5356369019
175    12.5781869888
175    12.6200158596
175    12.6581249237
175    12.690335989
175    12.7335259914
248    12.7643687725
249    12.7920238972
246    12.8253557682
175    12.8686468601
193    12.9055058956
172    12.9381809235
255    12.9743459225
190    13.0175259113
190    13.0600829124
191    13.09836483
193    13.1264338493
255    13.1579217911
193    13.1996128559
191    13.2433657646
193    13.2796928883
192    13.3156018257
210    13.3511018753
207    13.3964819908
209    13.4316017628
209    13.4669678211
210    13.4999608994
211    13.5279669762
212    13.5708777905
213    13.5958609581
210    13.6308238506
279    13.6605849266
209    13.7002577782
210    13.7440237999
210    13.7776999474
210    13.8063099384
212    13.8400609493
212    13.8737778664
207    13.9092729092
280    13.9523348808
206    13.9858789444
193    14.0179338455
206    14.055398941
192    14.0927507877
193    14.1349799633
191    14.1675047874
191    14.1949839592
255    14.2324848175
189    14.2749798298
192    14.3074159622
194    14.3499498367
192    14.388122797
193    14.4177877903
195    14.4488768578
255    14.4809429646
193    14.5108218193
255    14.5437688828
193    14.576666832
189    14.6146249771
195    14.6480109692
194    14.6755628586
191    14.7088289261
193    14.739689827
192    14.7711949348
194    14.8021709919
195    14.83355093
193    14.8652567863
191    14.8977408409
191    14.9258458614
193    14.9612767696
193    15.0013699532
190    15.0295679569
195    15.0773699284
195    15.1030218601
194    15.1352288723
191    15.1671447754
192    15.1984128952
193    15.2311069965
192    15.263671875
212    15.3065779209
213    15.3417649269
213    15.375027895
213    15.4081888199
207    15.4466657639
206    15.480493784
207    15.5090959072
208    15.5425479412
212    15.5855929852
207    15.6286559105
211    15.6543028355
280    15.6858668327
230    15.7345898151
228    15.7781708241
229    15.8054318428
231    15.840061903
286    15.8799479008
495    15.9083697796
490    15.9412288666
511    15.9799509048
565    16.0160219669
580    16.0419788361
581    16.0754299164
667    16.1139039993
602    16.1542458534
617    16.1942639351
602    16.225112915
616    16.2685658932
595    16.3118629456
616    16.3502278328
598    16.3929498196
601    16.4259779453
598    16.4642658234
596    16.4930047989
600    16.52628088
596    16.569562912
617    16.6080517769
613    16.6413538456
670    16.6730978489
667    16.7012798786
600    16.742071867
581    16.7766559124
597    16.8061888218
585    16.8410007954
599    16.8886749744
581    16.934183836
598    16.9592299461
584    16.9950408936
600    17.0330619812
595    17.0679447651
594    17.1064457893
600    17.1380908489
599    17.1699359417
600    17.2180299759
633    17.2550008297
595    17.2842619419
610    17.3086779118
619    17.3455297947
617    17.3734898567
682    17.407422781
700    17.4365038872
699    17.4646139145
630    17.5131928921
633    17.5610787868
649    17.5935997963
668    17.6320619583
735    17.6704378128
665    17.7081408501
661    17.7465629578
682    17.778649807
687    17.8095779419
688    17.8413197994
685    17.8840889931
685    17.927312851
685    17.9548127651
683    17.9931747913
683    18.016700983
686    18.0788249969
