2208    0.0374698638916
2206    0.0687029361725
2219    0.100705862045
2229    0.13112783432
2228    0.176405906677
2237    0.19998884201
2236    0.238574981689
2249    0.267335891724
2264    0.314191818237
2376    0.351189851761
2270    0.394572973251
2286    0.437939882278
2297    0.476182937622
2317    0.503389835358
2341    0.534953832626
2329    0.56884598732
2356    0.598698854446
2353    0.631922960281
2451    0.670219898224
2376    0.71834397316
2365    0.756309986115
2391    0.782638788223
2476    0.820890903473
2382    0.84694981575
2404    0.878628969193
2400    0.92196393013
2407    0.965149879456
2433    0.991928815842
2433    1.03561091423
2425    1.07291483879
2444    1.09951591492
2441    1.13084197044
2436    1.1741528511
2445    1.20652580261
2468    1.23891496658
2481    1.26632380486
2585    1.29869580269
2492    1.3310649395
2486    1.36836099625
2466    1.39568185806
2451    1.4280807972
2422    1.46046996117
2391    1.50781393051
2360    1.54556798935
2358    1.5722990036
2316    1.60412788391
2285    1.64707279205
2282    1.67687487602
2260    1.70532894135
2256    1.75400090218
2248    1.78056287766
2243    1.81561899185
2230    1.84532880783
2327    1.87397289276
2220    1.90522789955
2213    1.93904590607
2205    1.96743583679
2216    2.00464892387
2197    2.03142094612
2293    2.06611895561
2206    2.10818886757
2180    2.14628791809
2192    2.17586684227
2169    2.20828080177
2172    2.24048089981
2163    2.27164077759
2146    2.32451677322
2157    2.35778284073
2135    2.38963699341
2128    2.42094492912
2139    2.46097588539
2128    2.4859919548
2123    2.51859092712
2120    2.55679583549
2129    2.59307789803
2105    2.62784695625
2110    2.65769696236
2111    2.68698191643
2104    2.72739386559
2105    2.75938892365
2100    2.78841686249
2099    2.83051490784
2109    2.86385583878
2096    2.90773200989
2089    2.94631099701
2089    2.98435497284
2088    3.01643395424
2079    3.05026292801
2179    3.07622981071
2170    3.11220598221
2079    3.13890480995
2072    3.17239093781
2070    3.21087384224
2071    3.2444589138
2168    3.28290486336
2061    3.32634496689
2093    3.35981583595
2094    3.38521695137
2081    3.41854500771
2094    3.44653081894
2094    3.48325300217
2106    3.51000094414
2100    3.53522396088
2120    3.56912589073
2122    3.60081291199
2124    3.64769697189
2121    3.68553781509
2120    3.7287838459
2120    3.77085900307
2125    3.7975897789
2107    3.82941889763
2104    3.86625981331
2104    3.90296792984
2203    3.92954897881
2096    3.96208500862
2105    3.99250388145
2115    4.02746486664
2111    4.06952691078
2116    4.10551285744
2122    4.13681697845
2111    4.16499090195
2120    4.20004582405
2136    4.23206591606
2134    4.27556586266
2148    4.31875991821
2158    4.35639977455
2166    4.38715100288
2169    4.42045092583
2192    4.45004892349
2183    4.47857189178
2180    4.51736879349
2188    4.54297494888
2193    4.57538986206
2197    4.60261297226
2196    4.63974881172
2200    4.66708493233
2191    4.69951581955
2191    4.73178887367
2196    4.75918579102
2292    4.79151797295
2203    4.818972826
2234    4.8581058979
2233    4.89545178413
2233    4.92812895775
2255    4.9715077877
2262    5.00967383385
2266    5.04396891594
2272    5.08619999886
2278    5.12813186646
2272    5.16618895531
2288    5.19810390472
2386    5.22882294655
2293    5.26948690414
2310    5.30275988579
2318    5.34600090981
2317    5.38931083679
2314    5.43282985687
2340    5.47196888924
2339    5.50530195236
2350    5.57055687904
2350    5.60298395157
2375    5.6051568985
2372    5.63235282898
0    5.66956996918
2366    5.67487287521
2377    5.704007864
2378    5.74128079414
2395    5.78435897827
2418    5.82157588005
2400    5.86457180977
2432    5.89543795586
2439    5.93727588654
2559    5.96924996376
2468    5.99609994888
2502    6.03332996368
2515    6.07771277428
2623    6.11625695229
2545    6.15961480141
2649    6.18415784836
2544    6.22141885757
2537    6.24858498573
2541    6.27662587166
2652    6.31781077385
2519    6.35475897789
2507    6.38477897644
2496    6.4146938324
2486    6.4548099041
2466    6.48963594437
2463    6.52946782112
2457    6.56827783585
2559    6.60242700577
2457    6.62926077843
2453    6.66251683235
2447    6.69297885895
2451    6.72317886353
2449    6.75797700882
2425    6.79092597961
2408    6.82394599915
2409    6.86206293106
2404    6.89520597458
2381    6.92320585251
2387    6.956553936
2383    7.00016593933
2380    7.03854179382
2362    7.06679987907
2355    7.099629879
2366    7.13306379318
2445    7.16203594208
2350    7.19532585144
2338    7.23792481422
2322    7.26912498474
2316    7.30806493759
2303    7.34025478363
2303    7.37207698822
2400    7.41473889351
2303    7.44513893127
2284    7.48840785027
2284    7.52685689926
2284    7.55912494659
2286    7.5864739418
2285    7.62892389297
2267    7.67138695717
2272    7.69376087189
2274    7.72618579865
2264    7.75861477852
2274    7.79744291306
2271    7.83494281769
2365    7.86739587784
2272    7.89482784271
2265    7.92733383179
2283    7.96475696564
2268    7.99726986885
2258    8.02520298958
2265    8.06840991974
2256    8.10170292854
2261    8.13992500305
2257    8.17079401016
2265    8.20160293579
2362    8.23257279396
2259    8.2633368969
2264    8.29567980766
2256    8.32416892052
2255    8.35658788681
2257    8.41781878471
2265    8.44450378418
2264    8.47641777992
2257    8.50853490829
2263    8.54504799843
2258    8.5892329216
2257    8.62359499931
2260    8.65515780449
2268    8.6884598732
2254    8.71941900253
2260    8.75795984268
2271    8.80093479156
2281    8.84345293045
2296    8.88171386719
2293    8.91290783882
2310    8.94656991959
2301    8.98068499565
2287    9.01863884926
2303    9.04870295525
2324    9.07876491547
2344    9.10874891281
2332    9.1490008831
2366    9.17576980591
2388    9.20650482178
2409    9.23757886887
2432    9.28619098663
2439    9.32944488525
2433    9.3679049015
2454    9.40622878075
2465    9.44411683083
2481    9.47479987144
2493    9.51000595093
2599    9.5632557869
2493    9.59704899788
2517    9.63605880737
2513    9.67293596268
2537    9.69968891144
2528    9.73245596886
2539    9.76422786713
2535    9.79774093628
2524    9.83178877831
2541    9.87008690834
2552    9.9103307724
2533    9.93614387512
2556    9.99519777298
2555    10.0281479359
2576    10.0620419979
2578    10.0908389091
2589    10.1195509434
2604    10.1532328129
2607    10.1819598675
2600    10.2161819935
2607    10.246945858
2635    10.2770488262
2654    10.3143308163
2646    10.3628959656
2665    10.4150278568
2684    10.4527449608
2685    10.484197855
2685    10.5276978016
2696    10.552328825
2678    10.5870549679
2760    10.6220448017
2644    10.6519038677
2643    10.6953539848
2614    10.738866806
2570    10.782460928
2567    10.8088707924
2555    10.8433799744
2540    10.8717429638
2545    10.9195168018
2525    10.9613649845
2525    10.9997839928
2521    11.0325229168
2504    11.0687918663
2499    11.1070568562
2487    11.138835907
2477    11.1708447933
2452    11.1987040043
2467    11.2323157787
2441    11.2606039047
2435    11.2903490067
2422    11.3200318813
2407    11.368901968
2391    11.4050059319
2396    11.4630489349
2378    11.4958598614
2380    11.5286719799
2363    11.5627799034
2364    11.6011009216
2363    11.6441299915
2342    11.6850259304
2442    11.7132430077
2349    11.750330925
2391    11.7863259315
2327    11.8195118904
2317    11.8464188576
2323    11.8763818741
2324    11.9164869785
2326    11.9533929825
2309    11.9844307899
2410    12.015583992
2406    12.0445640087
2303    12.0771479607
2283    12.1146547794
2262    12.1575479507
2265    12.1892437935
2264    12.234172821
2259    12.2624108791
2254    12.2958929539
2256    12.3349649906
2267    12.3742129803
2278    12.3996779919
2295    12.4331009388
2303    12.4605708122
2300    12.4937520027
2295    12.526293993
2318    12.5583980083
2325    12.6002168655
2326    12.6369547844
2326    12.668738842
2325    12.7008838654
2298    12.7444047928
2396    12.7878518105
2287    12.8206188679
2290    12.8559169769
2280    12.8944299221
2387    12.923047781
2289    12.9713618755
2290    13.019769907
2294    13.0532348156
2303    13.0866339207
2303    13.1150939465
2302    13.1481769085
2416    13.1797289848
2303    13.2105958462
2411    13.2389819622
2319    13.2749087811
2343    13.3183789253
2432    13.3628299236
2357    13.3861749172
2356    13.4099287987
2350    13.4434859753
2365    13.4774677753
2459    13.538672924
2388    13.5760228634
2380    13.6045718193
2393    13.6380968094
2407    13.6700468063
2418    13.7170407772
2427    13.7539868355
2449    13.7855489254
2446    13.8289189339
2463    13.8551309109
2472    13.8911859989
2471    13.9345169067
2471    13.9655349255
2474    13.997895956
2482    14.040779829
2488    14.0681669712
2492    14.1003308296
2504    14.1381378174
2512    14.175511837
2528    14.2134277821
2528    14.2468719482
2641    14.2751438618
2552    14.3193259239
2559    14.3460748196
2559    14.3821589947
2573    14.422773838
2680    14.4485299587
2584    14.4795229435
2603    14.5126738548
2619    14.5445809364
2617    14.5754978657
2725    14.6138978004
2633    14.6473469734
2753    14.6857199669
2650    14.7215168476
2758    14.747330904
2645    14.7833077908
2641    14.8102929592
2627    14.8438220024
2618    14.8774738312
2592    14.9027760029
2556    14.9363079071
2529    14.9796588421
2526    15.0194239616
2498    15.0474188328
2497    15.0787148476
2499    15.1102619171
2492    15.1409778595
2584    15.1770567894
2470    15.2202658653
2433    15.2586808205
2421    15.2966549397
2408    15.3402509689
2394    15.3831038475
2380    15.4156868458
2367    15.4774689674
2451    15.5202767849
2345    15.5574908257
2331    15.59014678
2340    15.6241250038
2320    15.6621448994
2314    15.6958758831
2401    15.7342498302
2393    15.765403986
2278    15.7932698727
2375    15.8365659714
2267    15.8751358986
2270    15.9079289436
2248    15.9509768486
2253    15.9864239693
2256    16.0199289322
2249    16.0527899265
2244    16.0886538029
2229    16.126816988
2225    16.1551668644
2233    16.1912579536
2235    16.2281439304
2235    16.2582638264
2218    16.3115439415
2216    16.3397819996
2209    16.3779468536
2211    16.421476841
2210    16.4601678848
2209    16.5033228397
2214    16.5444598198
2210    16.5824148655
2209    16.6104898453
2219    16.6481659412
2211    16.6811118126
2210    16.712212801
2195    16.7561759949
2193    16.7990570068
2198    16.8372979164
2203    16.8680598736
2197    16.9063098431
2301    16.9577498436
2197    16.9939308167
2204    17.0248279572
2199    17.056814909
2195    17.099601984
2194    17.1426818371
2288    17.180824995
2192    17.2128779888
2199    17.2429788113
2196    17.2821598053
2195    17.3180809021
2194    17.3517107964
2195    17.3949859142
2196    17.437817812
2173    17.4636108875
2172    17.4981968403
2190    17.5348927975
2175    17.5631699562
2179    17.6016387939
2205    17.6293540001
2196    17.6606678963
2203    17.7011578083
2195    17.7261469364
2204    17.7623438835
2204    17.7936618328
2195    17.8233249187
2205    17.8582940102
2218    17.8886168003
