393    0.0345849990845
319    0.0641570091248
319    0.0987839698792
303    0.128264904022
317    0.162844896317
319    0.207565069199
317    0.252360105515
317    0.277050018311
319    0.335608005524
319    0.370320081711
319    0.395015954971
394    0.430109024048
319    0.461258888245
316    0.493815898895
319    0.536721944809
319    0.579120874405
319    0.611696958542
318    0.654790878296
319    0.69820189476
316    0.735864877701
317    0.769309997559
316    0.817420959473
337    0.854121923447
319    0.881087064743
392    0.914254903793
322    0.951215028763
319    0.984548091888
319    1.03178405762
319    1.07992100716
318    1.11298298836
319    1.14581799507
319    1.17821002007
318    1.20548200607
390    1.23788905144
319    1.27623510361
319    1.3106610775
389    1.35398006439
319    1.39224100113
318    1.44056200981
319    1.47258496284
319    1.50339198112
319    1.53517007828
319    1.5653090477
319    1.59867501259
319    1.64196300507
319    1.66892504692
317    1.70186591148
319    1.73319292068
319    1.77647805214
319    1.80511808395
317    1.84853887558
318    1.88386893272
319    1.932295084
319    1.96416497231
319    1.99461889267
304    2.02698802948
301    2.05929803848
301    2.09666490555
302    2.13458991051
302    2.17163395882
302    2.20383501053
300    2.24091100693
299    2.28792405128
302    2.32497000694
375    2.35581994057
302    2.38767194748
377    2.41971993446
305    2.45173406601
303    2.48032307625
301    2.52076387405
372    2.54805207253
300    2.57542800903
305    2.61489510536
300    2.6577899456
299    2.69634795189
300    2.73977398872
302    2.77804803848
302    2.82151794434
372    2.86519598961
319    2.90365695953
319    2.94207501411
317    2.97519993782
319    3.00520610809
319    3.04068803787
319    3.08405208588
319    3.12226700783
319    3.1653740406
334    3.19109797478
410    3.22308802605
339    3.26022791862
339    3.30662798882
336    3.33489394188
335    3.37704706192
337    3.41305208206
337    3.4562060833
338    3.48694705963
335    3.51756906509
336    3.55840706825
335    3.59733200073
409    3.63297605515
337    3.66419005394
335    3.69678997993
409    3.73423099518
339    3.77102303505
335    3.80933189392
340    3.85024189949
334    3.88846588135
335    3.93192410469
337    3.95967006683
339    3.99110507965
337    4.03430008888
339    4.06352710724
351    4.09437203407
349    4.12335109711
335    4.16021299362
354    4.21706390381
353    4.25505399704
351    4.2950630188
355    4.331854105
352    4.36498093605
426    4.39563703537
353    4.42931199074
355    4.45603990555
355    4.49271702766
355    4.53103804588
354    4.57004404068
350    4.59738898277
355    4.62970399857
401    4.6571419239
339    4.68950796127
338    4.72237992287
338    4.76511192322
340    4.8082818985
337    4.84604096413
339    4.88018393517
337    4.90510702133
338    4.945125103
319    4.97276496887
317    5.00534892082
318    5.0333199501
315    5.06504702568
318    5.09318995476
317    5.12634801865
319    5.16461205482
303    5.21843504906
300    5.25672602654
372    5.3002679348
303    5.32699990273
301    5.35680890083
302    5.39177203178
303    5.41922688484
286    5.44985198975
358    5.48521590233
282    5.51307106018
284    5.54136395454
285    5.57460999489
287    5.61795091629
286    5.65356087685
255    5.67718410492
255    5.71125793457
255    5.742800951
339    5.78861999512
338    5.82444691658
255    5.8602449894
255    5.88771390915
255    5.93560290337
255    5.96341991425
255    5.99691700935
255    6.04020404816
255    6.06891489029
255    6.10268688202
255    6.13635492325
255    6.18006205559
255    6.21411800385
255    6.24479293823
255    6.27796006203
255    6.31172704697
255    6.34805107117
255    6.38633108139
255    6.42997002602
255    6.46823596954
255    6.50652909279
255    6.5398080349
255    6.57332587242
255    6.6161570549
255    6.65932607651
255    6.70263004303
255    6.74087810516
255    6.76942110062
255    6.81263899803
255    6.8381690979
341    6.87257194519
255    6.91952395439
255    6.94669294357
255    6.97958803177
255    7.00963497162
339    7.04436898232
255    7.08402609825
255    7.11889004707
342    7.15737891197
255    7.20064687729
255    7.23775291443
255    7.26946997643
255    7.29768300056
339    7.33031606674
255    7.35852408409
255    7.39145088196
255    7.42262601852
255    7.4651389122
255    7.49250888824
255    7.52997398376
255    7.55725908279
339    7.58969593048
285    7.62950491905
286    7.65988087654
285    7.70330905914
284    7.74714493752
283    7.78444504738
281    7.82799601555
286    7.86652898788
284    7.91020989418
282    7.94856595993
284    7.98001503944
285    8.01256608963
283    8.04508304596
283    8.08267593384
286    8.11516094208
280    8.14279007912
282    8.17544603348
284    8.21849989891
284    8.25687599182
284    8.2951259613
302    8.32341504097
284    8.35671305656
300    8.39499187469
301    8.42703795433
305    8.45889496803
301    8.49579405785
299    8.5575299263
299    8.58963704109
302    8.59707903862
301    8.61760306358
0    8.65404105186
304    8.66214609146
303    8.69003510475
0    8.72328495979
303    8.7313170433
371    8.77535700798
0    8.82030510902
300    8.82356405258
373    8.84659099579
305    8.89175605774
300    8.93027806282
305    8.96165108681
304    8.9915831089
300    9.0235490799
300    9.05213093758
319    9.08620595932
302    9.12950491905
319    9.1717710495
319    9.21068096161
319    9.24747896194
391    9.28054094315
319    9.31364893913
322    9.34874987602
319    9.38703298569
319    9.42017388344
319    9.46297693253
318    9.49459791183
390    9.53594708443
315    9.56404089928
317    9.59716200829
319    9.6499979496
318    9.68289589882
318    9.71060490608
319    9.74314498901
300    9.78094100952
306    9.81869602203
304    9.84141802788
302    9.8741209507
372    9.91682910919
302    9.94998788834
302    9.98175597191
304    10.012130022
373    10.055464983
300    10.0985720158
303    10.1354389191
299    10.1677429676
305    10.195070982
301    10.2278320789
302    10.271089077
301    10.3144099712
305    10.3560950756
305    10.3945450783
302    10.4331769943
300    10.4615859985
298    10.4951190948
298    10.5277888775
301    10.5600938797
302    10.6030509472
301    10.6314339638
357    10.6648919582
285    10.7083289623
281    10.7416548729
286    10.7801148891
287    10.8175699711
286    10.8459029198
358    10.8834779263
284    10.9215419292
286    10.9504458904
286    10.9867839813
282    11.0253629684
286    11.0604650974
286    11.1015949249
285    11.1403870583
284    11.1840150356
282    11.2223680019
255    11.265570879
255    11.3087160587
255    11.3471040726
255    11.3788619041
255    11.4216439724
255    11.4643220901
255    11.5060548782
248    11.5535299778
245    11.5964179039
247    11.6256730556
249    11.6579129696
243    11.6881020069
317    11.7161998749
316    11.7492690086
243    11.781208992
246    11.824215889
245    11.8671159744
255    11.90122509
255    11.9301528931
255    11.9654560089
255    12.0056819916
255    12.0494840145
255    12.0928928852
255    12.1343178749
255    12.1678299904
255    12.2061219215
255    12.2396979332
286    12.2726950645
286    12.3135631084
357    12.3417420387
255    12.3748738766
284    12.4030499458
285    12.4412629604
285    12.46935606
283    12.4965400696
283    12.5286509991
282    12.5661439896
285    12.593900919
287    12.6205980778
356    12.6635620594
286    12.6892979145
282    12.7250130177
285    12.7508900166
283    12.7872040272
285    12.814357996
285    12.8514709473
285    12.88824296
285    12.9202299118
281    12.9530088902
284    12.9961829185
355    13.0304319859
281    13.0679318905
356    13.1148269176
285    13.1525440216
282    13.1788110733
282    13.212020874
281    13.2601780891
282    13.2970969677
286    13.327739954
356    13.3631060123
287    13.4032990932
301    13.4417638779
299    13.4859569073
303    13.5343720913
299    13.5657029152
356    13.5936050415
300    13.6386430264
285    13.6820418835
298    13.725924015
303    13.7596590519
301    13.7926590443
302    13.8357610703
304    13.8662369251
303    13.9000570774
304    13.9442110062
302    13.9775021076
303    14.0165250301
375    14.049323082
302    14.0859510899
301    14.1231629848
302    14.1561880112
301    14.1838629246
301    14.2174270153
284    14.2608540058
281    14.3038709164
286    14.3282659054
287    14.3629539013
282    14.4108169079
255    14.4446110725
336    14.4760658741
248    14.5072278976
242    14.5386850834
245    14.5719070435
242    14.6053431034
296    14.6334810257
230    14.6684319973
230    14.698579073
227    14.729724884
296    14.7730340958
228    14.8163919449
230    14.8544590473
228    14.8963599205
301    14.9297699928
226    14.9731431007
225    14.9999990463
318    15.033413887
317    15.0613620281
318    15.0983440876
246    15.1365909576
246    15.1646430492
245    15.2006549835
317    15.2414970398
245    15.2748720646
243    15.3081018925
246    15.3412940502
246    15.3748190403
242    15.417953968
243    15.4441690445
248    15.475673914
244    15.5091280937
241    15.5523769855
247    15.5905549526
245    15.6225199699
246    15.6531960964
315    15.6914310455
245    15.7247059345
244    15.7579460144
247    15.7965950966
316    15.8298239708
255    15.8626918793
255    15.8993899822
255    15.9376370907
255    15.9805579185
255    16.0044739246
255    16.0469620228
255    16.0845470428
255    16.112197876
255    16.1446890831
255    16.1821949482
255    16.2147979736
255    16.2473919392
255    16.2800478935
255    16.3114778996
255    16.359375
255    16.3923358917
255    16.420156002
255    16.4538619518
285    16.4846830368
357    16.516741991
284    16.5743329525
281    16.6068389416
283    16.6442499161
356    16.6767530441
286    16.7091670036
286    16.741615057
284    16.7740700245
285    16.8014850616
284    16.8390090466
284    16.8665370941
287    16.904006958
285    16.9365038872
283    16.9638650417
284    16.9962658882
356    17.0337350368
284    17.0763399601
283    17.116300106
283    17.1547079086
286    17.1862208843
300    17.2169089317
302    17.2475841045
303    17.2875070572
304    17.3250319958
300    17.355645895
301    17.387280941
298    17.4300611019
301    17.4594390392
302    17.4911620617
302    17.5214860439
305    17.556442976
302    17.5864140987
302    17.6213269234
301    17.6612958908
303    17.6861360073
301    17.7225120068
301    17.765611887
301    17.7933659554
303    17.8416800499
299    17.8799059391
302    17.917304039
317    17.9607310295
302    17.9915349483
319    18.033082962
319    18.0687310696
