668    0.0332379341125
648    0.0662360191345
651    0.0999529361725
633    0.133100032806
632    0.167609930038
686    0.199689149857
595    0.243083000183
596    0.281028032303
575    0.320397138596
583    0.360600948334
563    0.393552064896
565    0.429290056229
562    0.471411943436
562    0.495923995972
567    0.530869960785
564    0.568120002747
582    0.621379137039
563    0.664994955063
559    0.703303098679
546    0.73015999794
548    0.765354156494
547    0.795864105225
567    0.826975107193
566    0.856203079224
618    0.895328998566
562    0.936856031418
563    0.975316047668
563    1.01872611046
561    1.04713606834
648    1.08066010475
596    1.12393093109
615    1.15162301064
614    1.18407702446
636    1.21572494507
650    1.25920295715
651    1.29746103287
670    1.32984900475
701    1.37636113167
700    1.41515612602
702    1.45842599869
711    1.49598693848
734    1.52409005165
806    1.56299209595
734    1.61622905731
734    1.6458799839
740    1.68043494225
735    1.70915102959
734    1.74388694763
735    1.76852607727
806    1.80312108994
739    1.83618402481
738    1.88092303276
722    1.91718912125
737    1.95784807205
718    1.99138212204
738    2.01483893394
733    2.05064296722
734    2.0808429718
751    2.1237051487
730    2.15236902237
755    2.18306994438
753    2.21577811241
816    2.25419712067
749    2.28985714912
732    2.32498693466
748    2.35733699799
751    2.38508200645
751    2.41809201241
730    2.47326397896
806    2.50764894485
719    2.54428815842
682    2.5812690258
511    2.61983394623
317    2.65775203705
387    2.69652414322
318    2.73224806786
316    2.76537299156
318    2.80822014809
319    2.84661197662
317    2.87501811981
317    2.90845012665
319    2.93618702888
317    2.96783208847
318    3.00014400482
319    3.03236293793
317    3.0801460743
388    3.1222910881
319    3.16449904442
319    3.2017519474
319    3.24490809441
318    3.28343009949
319    3.3164730072
317    3.35305595398
317    3.3860411644
319    3.41971111298
317    3.46298503876
317    3.50488209724
317    3.53322911263
319    3.57649898529
318    3.61981606483
319    3.66256308556
318    3.7012860775
318    3.74423098564
319    3.7819890976
372    3.81424593925
319    3.84315013885
319    3.8755941391
319    3.90798807144
385    3.940335989
318    3.97263598442
319    4.00989413261
319    4.03714394569
319    4.06941509247
319    4.10208511353
319    4.15312814713
319    4.19109797478
319    4.22795200348
319    4.26623702049
381    4.29965496063
319    4.33777213097
317    4.37694811821
319    4.41603899002
318    4.44020009041
319    4.47427105904
390    4.51522707939
317    4.54848408699
385    4.59230303764
318    4.63529896736
319    4.68526315689
319    4.72319197655
319    4.75529813766
318    4.78359913826
316    4.8192460537
319    4.85005807877
319    4.88252210617
319    4.92593312263
388    4.96951913834
441    5.00798797607
717    5.03632903099
773    5.0735411644
754    5.11586403847
736    5.15847802162
730    5.19621014595
721    5.22320103645
718    5.25525903702
699    5.2888250351
703    5.32446193695
683    5.35797214508
683    5.39155507088
665    5.43009305
662    5.46366000175
670    5.48729610443
664    5.52082705498
667    5.5541870594
667    5.58263897896
664    5.6179690361
666    5.64289498329
667    5.68060803413
684    5.71885895729
681    5.74651813507
679    5.78083705902
684    5.81204509735
666    5.8461420536
688    5.8857319355
680    5.93878793716
683    5.96469211578
698    5.9952890873
702    6.02786397934
699    6.0713789463
701    6.11319208145
719    6.14982414246
719    6.18267893791
716    6.22527694702
718    6.27331805229
736    6.31679701805
750    6.35495901108
729    6.38215708733
752    6.41692304611
751    6.45528411865
753    6.49389195442
754    6.5206489563
767    6.55304098129
770    6.59889411926
816    6.62299609184
816    6.65715193748
773    6.69629502296
821    6.74039006233
767    6.76452612877
766    6.79862809181
769    6.8286819458
770    6.8603041172
769    6.90670609474
767    6.94425106049
764    6.97662901878
770    7.00835394859
767    7.05191493034
763    7.0953271389
767    7.1352751255
753    7.17234802246
748    7.21897792816
771    7.26023197174
767    7.28403401375
771    7.32273316383
766    7.34644412994
773    7.38507914543
756    7.40877795219
753    7.44742512703
767    7.48120093346
754    7.52004599571
767    7.5439119339
752    7.5728161335
751    7.61453914642
769    7.65111613274
767    7.67606401443
819    7.71132898331
771    7.73843598366
750    7.77169799805
770    7.814661026
767    7.84781002998
769    7.88622808456
765    7.92984604836
837    7.95713496208
767    7.99215292931
764    8.0305981636
770    8.06169104576
749    8.09185600281
751    8.12695503235
733    8.16437315941
747    8.19278097153
739    8.23153614998
754    8.26832199097
755    8.30397200584
737    8.34070301056
735    8.37384295464
731    8.41720914841
733    8.46040296555
737    8.50352215767
735    8.55028510094
717    8.57725214958
719    8.61296606064
718    8.64388012886
717    8.6869969368
715    8.72886896133
731    8.75297403336
719    8.78718400002
700    8.81903409958
715    8.85085296631
701    8.89422607422
701    8.93226194382
702    8.98176407814
700    9.00896406174
702    9.03627204895
698    9.06867599487
701    9.11106300354
681    9.15017199516
683    9.18800902367
685    9.22598600388
685    9.27089595795
671    9.30779910088
670    9.34275698662
682    9.38563513756
671    9.42947006226
668    9.46778202057
734    9.5060210228
665    9.55427408218
668    9.58416199684
668    9.61675810814
671    9.65986800194
667    9.69805407524
671    9.72977495193
685    9.77078413963
669    9.79880213737
667    9.83439397812
666    9.8657579422
664    9.89417099953
665    9.92724108696
668    9.96034502983
666    9.99296498299
751    10.0185129642
737    10.0517060757
685    10.0853099823
667    10.1235339642
681    10.158698082
737    10.1965870857
668    10.2293720245
664    10.2657971382
681    10.2989990711
666    10.3470430374
732    10.3816421032
668    10.4123470783
649    10.4556009769
666    10.4990270138
668    10.5257639885
666    10.5703780651
668    10.5952789783
668    10.6301000118
666    10.6750490665
664    10.7101609707
665    10.7380030155
666    10.798167944
666    10.8307030201
661    10.8340649605
647    10.862005949
0    10.8953959942
668    10.9088981152
649    10.9373941422
0    10.9711689949
664    10.977492094
671    10.9983310699
0    11.03424716
667    11.0408160686
664    11.0612559319
663    11.1050131321
668    11.1381530762
666    11.1699700356
668    11.2022271156
733    11.2457900047
647    11.284058094
651    11.3149840832
653    11.3457670212
648    11.3816919327
665    11.4167361259
665    11.4546649456
650    11.4845130444
666    11.5174510479
666    11.5483970642
651    11.5804190636
633    11.623677969
651    11.6656210423
717    11.7023339272
645    11.7355380058
651    11.7640149593
648    11.8060560226
634    11.8425340652
629    11.8809289932
651    11.9227831364
649    11.9598801136
651    11.9896090031
651    12.0245349407
649    12.0650730133
697    12.0981960297
649    12.128690958
633    12.1704120636
631    12.2088840008
614    12.2521359921
615    12.2953801155
632    12.3214039803
634    12.3585190773
616    12.3858029842
614    12.4131121635
610    12.4454519749
632    12.47783494
614    12.5202670097
615    12.548222065
616    12.5914890766
615    12.6284301281
615    12.6713421345
685    12.7053079605
683    12.7436201572
616    12.786894083
613    12.8248081207
611    12.8570711613
618    12.8894000053
615    12.9267759323
610    12.9640769958
628    12.9968860149
614    13.0383570194
610    13.0672900677
632    13.110024929
610    13.1475851536
615    13.1790809631
614    13.2126390934
615    13.253690958
598    13.2970809937
612    13.3278279305
680    13.3687739372
630    13.4003150463
613    13.4434051514
614    13.4869689941
679    13.5253009796
685    13.5525109768
618    13.5857031345
617    13.6179430485
616    13.6547811031
614    13.6877839565
630    13.7186379433
616    13.7505400181
679    13.7825160027
615    13.8311049938
629    13.8641679287
614    13.8969991207
619    13.9271810055
613    13.9598879814
613    13.9929630756
699    14.0333061218
631    14.0719239712
633    14.1032049656
612    14.1498241425
632    14.1880960464
631    14.2312979698
610    14.2743430138
632    14.3120200634
616    14.3429579735
700    14.3882191181
614    14.4313709736
633    14.4580390453
631    14.4898090363
630    14.5215680599
632    14.5570099354
613    14.598567009
632    14.6355531216
632    14.6671581268
634    14.6983261108
702    14.7301809788
615    14.7669551373
609    14.7986290455
631    14.8304340839
700    14.8598179817
633    14.8975470066
632    14.9252390862
632    14.9580280781
634    14.9930269718
633    15.0298340321
650    15.0732030869
649    15.1163330078
631    15.1479580402
630    15.1794910431
696    15.2083170414
627    15.2418100834
651    15.280133009
633    15.312942028
628    15.3461270332
647    15.375813961
648    15.418900013
652    15.4546949863
648    15.4878880978
652    15.5242021084
668    15.5551791191
684    15.5833280087
749    15.6197810173
699    15.6676859856
736    15.7048969269
736    15.7452399731
739    15.773373127
805    15.8047590256
701    15.8376071453
596    15.8943719864
335    15.9261460304
283    15.9583320618
282    15.9930660725
350    16.0197579861
286    16.0528850555
285    16.0808141232
284    16.1169669628
284    16.1427221298
284    16.1763260365
255    16.2184131145
255    16.2451269627
287    16.2856640816
287    16.321625948
286    16.3653309345
285    16.4036819935
255    16.431401968
255    16.4641430378
255    16.5123181343
255    16.5507259369
255    16.5771090984
255    16.6036300659
255    16.6371581554
352    16.6751170158
255    16.7150650024
255    16.7574760914
255    16.7991440296
335    16.8407959938
255    16.8791871071
255    16.9113769531
255    16.9493801594
255    16.9841499329
255    17.0159010887
255    17.0455460548
255    17.0925371647
255    17.1309151649
255    17.1699819565
255    17.198964119
284    17.2281849384
285    17.2677841187
255    17.3010449409
255    17.3360829353
255    17.366984129
287    17.4027359486
255    17.436699152
255    17.4732151031
255    17.5106770992
255    17.5389370918
255    17.5721819401
282    17.6006131172
283    17.63393116
286    17.667427063
286    17.7158660889
286    17.7493259907
286    17.7776651382
284    17.8112521172
284    17.8446280956
255    17.8730211258
285    17.9163551331
284    17.9550499916
284    17.9892830849
284    18.0261390209
284    18.0631160736
284    18.0949931145
