645    0.0281629562378
649    0.0654900074005
632    0.108212947845
615    0.146315097809
615    0.177893877029
614    0.21023607254
647    0.238455057144
636    0.274280071259
632    0.299921989441
614    0.33690905571
649    0.375128030777
668    0.407883882523
665    0.446042060852
665    0.478888034821
666    0.512151956558
648    0.555334091187
647    0.591355085373
648    0.620027065277
633    0.663147926331
632    0.700023889542
636    0.731136083603
632    0.774682044983
618    0.814619064331
617    0.858042955399
599    0.89644408226
602    0.925685882568
599    0.962100028992
581    0.990628957748
562    1.03125500679
510    1.06933403015
337    1.09962892532
303    1.13444209099
302    1.1631128788
463    1.19410395622
459    1.22530198097
719    1.26107692719
614    1.29888701439
717    1.33178687096
632    1.37520098686
752    1.41873002052
703    1.45588898659
599    1.48426389694
530    1.5170340538
458    1.54794406891
427    1.57872509956
409    1.62530994415
373    1.66789889336
372    1.70098996162
304    1.73311305046
302    1.77322006226
303    1.81136798859
302    1.83912396431
374    1.87597298622
302    1.91440391541
301    1.95728302002
299    1.98898792267
302    2.03682589531
299    2.07358193398
303    2.13029408455
303    2.16764688492
303    2.16976499557
304    2.20177292824
300    2.25464892387
302    2.29297304153
374    2.32455587387
306    2.35513687134
300    2.40264606476
300    2.42957806587
301    2.46343708038
372    2.50008797646
319    2.53607392311
319    2.5787498951
319    2.62204289436
319    2.66047096252
319    2.6884829998
319    2.73617506027
302    2.76857209206
319    2.79601287842
316    2.82848405838
317    2.85586309433
317    2.88830804825
319    2.92078089714
319    2.95320796967
389    2.99056386948
319    3.02296805382
319    3.05022788048
323    3.08248996735
319    3.10975909233
319    3.13204193115
319    3.16936707497
319    3.19688892365
315    3.22478103638
318    3.2631149292
319    3.30058097839
319    3.34068489075
318    3.37749099731
319    3.42049789429
389    3.46345901489
391    3.49828290939
319    3.52963399887
319    3.56135392189
319    3.59317398071
319    3.63645792007
319    3.67955899239
319    3.70765709877
319    3.74352693558
323    3.78196787834
319    3.8097820282
319    3.84772801399
319    3.89168405533
315    3.92793989182
319    3.95885705948
319    3.99048995972
319    4.02110910416
319    4.05376291275
319    4.09320497513
319    4.13145589828
323    4.16236901283
317    4.19780707359
323    4.23921489716
317    4.26660203934
390    4.29905605316
318    4.331553936
316    4.35905408859
319    4.39630794525
318    4.42354488373
316    4.46097207069
319    4.49372196198
317    4.54691004753
319    4.58492898941
317    4.61559796333
388    4.64952301979
319    4.68862104416
319    4.72008490562
318    4.75608992577
317    4.78494095802
319    4.82870101929
319    4.87196588516
316    4.90075302124
323    4.92977595329
317    4.96073698997
319    4.9926109314
315    5.02868890762
319    5.06705498695
316    5.1060860157
319    5.13766407967
319    5.18095397949
319    5.22483110428
319    5.26315307617
316    5.30617904663
319    5.33153009415
319    5.36713290215
319    5.39618396759
319    5.42935800552
319    5.45943307877
319    5.49282288551
319    5.53546309471
319    5.57737803459
319    5.61318087578
317    5.64960193634
318    5.69324207306
319    5.73162198067
319    5.76443505287
318    5.80183792114
316    5.83425402641
315    5.86670899391
319    5.89460086823
316    5.92648291588
319    5.96512293816
318    6.00367903709
318    6.04216504097
318    6.06760287285
319    6.09969186783
317    6.1311340332
319    6.18402695656
392    6.2152159214
315    6.24437403679
319    6.27951407433
300    6.30702710152
301    6.33948087692
319    6.36688995361
303    6.40446686745
301    6.44744586945
319    6.47543907166
387    6.50848793983
371    6.53657698631
319    6.56967306137
302    6.60265994072
318    6.63067698479
316    6.66897797585
305    6.70228409767
302    6.73741197586
303    6.79790902138
303    6.83561205864
302    6.84101605415
303    6.87109589577
0    6.90665197372
300    6.91102790833
306    6.9448029995
0    6.98050689697
303    6.98590087891
305    7.01599407196
0    7.05100607872
303    7.05888700485
303    7.09338092804
304    7.12841892242
303    7.15938091278
303    7.19049406052
300    7.23286008835
301    7.28089499474
302    7.31907486916
302    7.35785293579
300    7.40048599243
302    7.43873596191
303    7.46927690506
300    7.51258707047
304    7.55096793175
302    7.59421110153
303    7.62535810471
372    7.66902399063
302    7.7123670578
303    7.7459590435
299    7.78524208069
300    7.82230806351
304    7.87101793289
302    7.91403889656
302    7.95000696182
304    7.98570895195
304    8.01141905785
374    8.04650807381
303    8.07305002213
300    8.10641789436
304    8.13688397408
304    8.17173409462
304    8.2140378952
305    8.25235199928
305    8.2830529213
302    8.31069898605
302    8.35728907585
303    8.38709807396
301    8.42059087753
301    8.46365308762
301    8.50329494476
370    8.53689908981
281    8.56491994858
305    8.60284900665
286    8.63085007668
355    8.6619451046
302    8.69026088715
302    8.72398710251
282    8.75488996506
304    8.79075503349
286    8.82869386673
303    8.87224197388
286    8.90794301033
285    8.94119501114
286    8.98479008675
286    9.02330899239
286    9.06651186943
280    9.11003994942
284    9.14785599709
286    9.17948198318
282    9.20759487152
281    9.2407040596
282    9.28756594658
287    9.32056307793
284    9.35406708717
284    9.39409399033
283    9.42677307129
283    9.46258687973
284    9.50070309639
283    9.53338003159
284    9.57635092735
283    9.61955809593
282    9.65315294266
281    9.68704104424
280    9.71963095665
286    9.74668908119
280    9.77984809875
283    9.81323695183
280    9.85677695274
282    9.89493393898
284    9.9256310463
281    9.96039295197
283    9.99816203117
281    10.0307688713
282    10.0684158802
287    10.106003046
287    10.1435980797
287    10.1763110161
283    10.2089419365
283    10.2466299534
355    10.2815659046
282    10.3073129654
355    10.3403739929
284    10.3832089901
285    10.4136939049
284    10.4623749256
353    10.5056390762
283    10.5408809185
255    10.5790429115
255    10.6226270199
284    10.6600940228
283    10.6915159225
255    10.7345490456
338    10.7647459507
255    10.7997028828
255    10.8252990246
255    10.8616220951
255    10.8981809616
255    10.9400339127
255    10.9734370708
255    11.0117199421
255    11.0452399254
255    11.0842680931
283    11.115046978
255    11.1633079052
255    11.2004630566
255    11.2264070511
255    11.2584469318
255    11.2971930504
255    11.325948
340    11.3569600582
255    11.385504961
255    11.4229779243
255    11.4702289104
255    11.5036258698
255    11.5346848965
255    11.5667130947
255    11.6100139618
255    11.6538159847
255    11.6967120171
335    11.7346858978
255    11.7677969933
339    11.8046720028
339    11.8411529064
255    11.87855196
255    11.9101660252
255    11.9399139881
255    11.9751930237
255    12.013712883
255    12.0416419506
255    12.0744519234
255    12.1062030792
255    12.152369976
255    12.1991961002
255    12.2422530651
255    12.2730529308
255    12.3050339222
255    12.3384459019
255    12.3660888672
255    12.3992569447
335    12.4427709579
255    12.4810500145
255    12.5110690594
255    12.5462470055
255    12.5731039047
255    12.6079039574
255    12.6388618946
338    12.6714088917
255    12.7147369385
255    12.7581930161
255    12.7950649261
255    12.8277840614
255    12.8643898964
255    12.8987050056
255    12.9417479038
255    12.9908599854
255    13.0196509361
255    13.0527980328
338    13.0959780216
255    13.1386909485
255    13.1820991039
255    13.2201709747
255    13.262953043
255    13.2927360535
255    13.3418440819
255    13.3828999996
338    13.4251050949
255    13.4631829262
255    13.5058779716
255    13.5416009426
255    13.5773348808
255    13.6081309319
255    13.651006937
255    13.681773901
255    13.7137179375
255    13.7571249008
255    13.7878949642
255    13.8188290596
255    13.8671379089
255    13.9034268856
339    13.9335238934
281    13.9649789333
255    13.9971840382
255    14.0396199226
255    14.0825440884
255    14.1082320213
255    14.1490490437
287    14.1901118755
255    14.2312560081
284    14.2748498917
255    14.3163590431
284    14.3572170734
255    14.3953080177
284    14.4277479649
283    14.4705500603
356    14.5141329765
282    14.5526049137
283    14.5791139603
337    14.6116080284
284    14.6544408798
282    14.6975739002
284    14.7401828766
255    14.7863819599
283    14.8339650631
352    14.8763830662
285    14.9101920128
285    14.9369208813
283    14.9688329697
355    15.0013980865
284    15.0338349342
286    15.0667719841
283    15.0979681015
280    15.1413099766
283    15.1840770245
285    15.2252209187
255    15.2656900883
286    15.2980639935
283    15.3253850937
283    15.3577539921
284    15.3857049942
283    15.4188270569
287    15.4554789066
286    15.4911561012
282    15.5228700638
284    15.5661969185
284    15.6130900383
354    15.6612889767
283    15.6944029331
284    15.7263119221
287    15.7693319321
287    15.7992179394
284    15.8310520649
283    15.8635480404
284    15.8957989216
280    15.9378299713
286    15.9671680927
284    16.0001928806
287    16.0398318768
287    16.0649530888
284    16.1032879353
284    16.1415569782
283    16.1847229004
286    16.2268550396
287    16.2531080246
282    16.2855439186
353    16.3193309307
294    16.3481988907
285    16.3869290352
285    16.4206590652
287    16.4544820786
285    16.4905378819
353    16.51613307
354    16.5508708954
285    16.5765330791
286    16.6122648716
287    16.6389238834
284    16.6750049591
284    16.7013280392
353    16.7430269718
285    16.7745060921
284    16.8042180538
287    16.8388109207
286    16.883439064
287    16.9206330776
287    16.9538059235
284    16.9911930561
285    17.0297000408
354    17.0570380688
285    17.0843880177
356    17.1216878891
285    17.1640179157
282    17.1913559437
286    17.2236750126
284    17.2510800362
281    17.2883980274
284    17.3307318687
355    17.3581469059
282    17.3906068802
283    17.4179680347
284    17.4553329945
284    17.4931468964
286    17.5314319134
282    17.5704710484
284    17.6126198769
286    17.6611039639
354    17.6993529797
282    17.7310400009
287    17.7646739483
285    17.7957398891
284    17.8388650417
286    17.8656520844
281    17.8990619183
283    17.9426729679
284    17.9845039845
284    18.0132780075
286    18.0420749187
284    18.0877668858
285    18.1315078735
