333    0.0482199192047
255    0.0865209102631
255    0.129841804504
255    0.160769939423
255    0.188897848129
255    0.224267959595
255    0.251770019531
255    0.284987926483
330    0.317044019699
255    0.347374916077
255    0.378667831421
255    0.406949996948
255    0.440681934357
255    0.47306895256
255    0.508430957794
255    0.545972824097
255    0.57528090477
255    0.617295980453
255    0.656221866608
255    0.69907784462
255    0.737384796143
255    0.781054973602
255    0.82529091835
255    0.86084985733
255    0.897884845734
255    0.939610958099
255    0.977957010269
255    1.02128791809
334    1.06477594376
255    1.10201692581
351    1.12777686119
351    1.16504096985
283    1.19243001938
286    1.22533488274
282    1.25626683235
283    1.28396391869
350    1.33222985268
284    1.37101197243
285    1.40474200249
350    1.44093084335
284    1.47438192368
286    1.50499296188
287    1.53651881218
286    1.56907892227
282    1.61233496666
285    1.65592598915
283    1.69426584244
353    1.74059391022
285    1.76795482635
284    1.80528688431
284    1.84267497063
280    1.87998485565
284    1.90734696388
280    1.9397289753
283    1.97208094597
284    1.99983501434
286    2.03303194046
285    2.06490182877
282    2.10799479485
287    2.15077590942
286    2.19370388985
285    2.22177791595
284    2.25258994102
283    2.2880988121
285    2.31410002708
284    2.34573483467
284    2.38065195084
285    2.41058182716
283    2.44553184509
282    2.47211289406
284    2.49688696861
283    2.53164196014
285    2.56634688377
284    2.59911990166
369    2.63707685471
284    2.66838788986
299    2.69788789749
300    2.73879384995
304    2.77195882797
304    2.80516195297
299    2.83351588249
299    2.88137602806
302    2.91419291496
301    2.94571590424
368    2.98892402649
299    3.03237700462
303    3.07012701035
302    3.0977640152
298    3.13103795052
302    3.16305589676
302    3.20635700226
367    3.24996781349
301    3.29342103004
369    3.33721184731
301    3.37571787834
302    3.40763282776
303    3.43828392029
303    3.46907401085
305    3.50006484985
303    3.53287601471
300    3.56706595421
299    3.60508680344
299    3.6383228302
303    3.67330598831
299    3.70824599266
301    3.76347994804
301    3.80676293373
303    3.8445827961
301    3.87698698044
302    3.90437889099
301    3.93728995323
302    3.96958994865
305    4.0007519722
301    4.03166794777
369    4.06167793274
302    4.09037590027
303    4.1331179142
303    4.17704796791
302    4.22042989731
300    4.25789690018
303    4.28423786163
302    4.33939981461
369    4.37171888351
301    4.40396690369
366    4.43622088432
369    4.46901702881
304    4.51290988922
302    4.55093693733
302    4.58095884323
303    4.6160929203
303    4.65872097015
304    4.69696688652
304    4.7399828434
305    4.76981496811
368    4.80442786217
300    4.82947993279
301    4.86233687401
299    4.90560388565
301    4.93211293221
303    4.96535587311
302    4.99723887444
301    5.04060387611
303    5.07891583443
304    5.12583994865
302    5.16446399689
305    5.19019079208
301    5.22580289841
302    5.25185799599
302    5.29503583908
367    5.33843994141
301    5.36849594116
303    5.39824795723
299    5.43795394897
369    5.47253584862
304    5.51215600967
301    5.55670189857
303    5.58123397827
369    5.61589980125
301    5.64564394951
302    5.67532587051
302    5.70996284485
303    5.73960494995
305    5.77432179451
299    5.79878592491
283    5.82834386826
300    5.85286688805
301    5.88617491722
284    5.92088198662
284    5.96075296402
300    6.00336790085
284    6.04551386833
285    6.08388590813
285    6.11214184761
280    6.14513587952
302    6.17794084549
347    6.21117401123
284    6.24956893921
349    6.27742290497
286    6.3147418499
285    6.35313892365
285    6.38149881363
285    6.43491792679
286    6.47324895859
286    6.51141786575
286    6.54192495346
285    6.58498692513
287    6.62226700783
285    6.65596795082
284    6.6934800148
281    6.72835183144
280    6.77462887764
286    6.81287097931
348    6.8425078392
282    6.87487101555
284    6.90726590157
285    6.9345998764
285    6.95705986023
281    6.98959183693
282    7.02184581757
283    7.05421996117
282    7.08681488037
285    7.13372802734
348    7.16711688042
285    7.21250581741
285    7.24991893768
284    7.28314185143
287    7.31810879707
286    7.35865592957
286    7.38602685928
312    7.41901183128
284    7.45203900337
348    7.48702502251
348    7.52591991425
283    7.55612897873
283    7.58755493164
287    7.61850380898
284    7.65875101089
283    7.69238495827
284    7.73112893105
284    7.75511193275
255    7.79179096222
334    7.818972826
348    7.8613679409
255    7.90563988686
255    7.93209385872
285    7.96113586426
284    7.99453997612
255    8.02299690247
255    8.06622385979
255    8.10936284065
255    8.14508390427
334    8.17695593834
255    8.20577597618
255    8.23949193954
255    8.26856684685
255    8.30182695389
255    8.33381581306
255    8.36643195152
255    8.41331195831
255    8.45647096634
255    8.48796701431
255    8.51736783981
255    8.54937696457
255    8.58301997185
255    8.61175680161
255    8.64557099342
255    8.67323899269
255    8.70544290543
255    8.74623298645
255    8.78125786781
255    8.81962490082
255    8.84855389595
255    8.87584900856
255    8.91311192513
255    8.94048094749
255    8.977891922
255    9.00518679619
255    9.05256485939
255    9.08993792534
255    9.11738586426
255    9.15975499153
255    9.19716000557
255    9.22950696945
333    9.25694179535
255    9.28969287872
255    9.32846593857
255    9.38128089905
332    9.41973686218
330    9.4646718502
245    9.50191283226
242    9.52895498276
246    9.56117582321
255    9.59163284302
248    9.6211400032
246    9.65575289726
309    9.69041085243
243    9.71719288826
245    9.74522280693
247    9.77710485458
245    9.80604481697
244    9.83958601952
244    9.87295794487
245    9.90469694138
243    9.94369792938
247    9.97819495201
247    10.0167119503
247    10.0486719608
246    10.0827338696
244    10.1068179607
246    10.1465740204
243    10.1845788956
244    10.2166759968
242    10.2599849701
244    10.3029158115
311    10.3265678883
248    10.3653428555
247    10.3981659412
241    10.4214038849
245    10.454818964
245    10.4981129169
312    10.5360689163
246    10.5712509155
245    10.6085619926
245    10.6405539513
246    10.6987199783
246    10.7460319996
244    10.7483079433
246    10.7857918739
0    10.8233067989
247    10.8313629627
246    10.8692657948
312    10.8774328232
241    10.9072849751
0    10.9372608662
244    10.9418649673
246    10.9822349548
0    11.0165889263
246    11.0216498375
248    11.051306963
0    11.0786099434
246    11.0892469883
241    11.1217939854
0    11.1571648121
310    11.1617698669
245    11.2028918266
245    11.2387459278
245    11.272110939
243    11.3154809475
241    11.3537819386
245    11.3839688301
245    11.4139738083
246    11.4496908188
242    11.4751908779
310    11.5090899467
240    11.5468728542
226    11.5850338936
244    11.6286489964
229    11.6768319607
241    11.712528944
248    11.7432568073
242    11.7753069401
245    11.8187220097
244    11.8453819752
245    11.8889708519
227    11.9218130112
243    11.954365015
311    11.9819188118
246    12.0195069313
247    12.0470929146
244    12.0797388554
227    12.112334013
227    12.1399040222
231    12.1777589321
295    12.2156348228
226    12.2587399483
225    12.2855529785
247    12.3167519569
246    12.3503329754
228    12.3900399208
243    12.4284930229
292    12.4559149742
227    12.4911270142
228    12.5263338089
227    12.5618698597
248    12.595140934
229    12.6385087967
242    12.6817579269
246    12.707736969
247    12.7408869267
245    12.7832570076
247    12.8167989254
246    12.8526937962
228    12.8960678577
227    12.9297969341
245    12.9619259834
245    12.99700284
246    13.0233309269
248    13.0596048832
248    13.0979559422
229    13.1261129379
226    13.1591658592
227    13.1956858635
224    13.2189078331
247    13.2420578003
242    13.2802968025
245    13.3235609531
246    13.356705904
245    13.3949279785
310    13.4231848717
245    13.451458931
246    13.4895977974
246    13.5182468891
246    13.5611548424
247    13.5939469337
244    13.6220459938
227    13.665943861
241    13.7120368481
246    13.7604928017
243    13.8035550117
245    13.8422620296
245    13.8856220245
241    13.9290859699
245    13.96240592
245    13.9979829788
242    14.0363678932
246    14.0796778202
242    14.1230349541
312    14.1708948612
242    14.2094268799
246    14.2527608871
248    14.288328886
246    14.3198328018
244    14.3532109261
245    14.3965988159
243    14.4384438992
245    14.472026825
241    14.5053298473
243    14.537968874
247    14.5734598637
243    14.6092920303
245    14.6479179859
245    14.6909039021
245    14.7296628952
243    14.7731609344
311    14.8097598553
245    14.8505308628
309    14.8837749958
243    14.9170789719
247    14.9453999996
248    14.9891560078
243    15.0277469158
244    15.0741918087
245    15.1075499058
248    15.1389899254
247    15.1673119068
245    15.203125
242    15.2335338593
244    15.2624249458
244    15.2955739498
313    15.3354768753
248    15.3705778122
247    15.4005198479
244    15.4304339886
246    15.4617009163
245    15.5048499107
244    15.5479099751
241    15.5732529163
245    15.6065168381
244    15.6397209167
247    15.6789698601
247    15.7279548645
310    15.7665348053
243    15.803208828
241    15.8377389908
248    15.8655488491
245    15.8987858295
255    15.9265940189
243    15.9596948624
246    15.9905889034
255    16.0211589336
255    16.0573070049
255    16.1009938717
334    16.1435649395
255    16.1811518669
255    16.2245028019
255    16.2515859604
255    16.2842919827
255    16.3162999153
242    16.3435590267
334    16.3766589165
255    16.4072008133
255    16.4394488335
255    16.4831569195
255    16.5211899281
255    16.563988924
255    16.6058959961
255    16.6461298466
255    16.6734588146
255    16.7056570053
330    16.7379698753
255    16.7655279636
332    16.7990808487
255    16.8472778797
255    16.8869550228
255    16.9303870201
255    16.9680159092
255    17.0111429691
333    17.0546839237
255    17.0931708813
255    17.1365969181
255    17.1749668121
255    17.2179839611
255    17.2433538437
255    17.279558897
255    17.3104248047
255    17.3380479813
255    17.3753249645
255    17.4078979492
255    17.4354479313
255    17.4629700184
255    17.4960329533
255    17.5291240215
255    17.560407877
334    17.5898578167
255    17.6296977997
255    17.6751170158
255    17.7109358311
255    17.7445378304
332    17.7715079784
255    17.8041307926
