2325    0.0431470870972
2340    0.0763599872589
2332    0.10941696167
2406    0.142823934555
2328    0.186322927475
2338    0.222687005997
2332    0.260363101959
2340    0.307430028915
2402    0.332503080368
2338    0.356164932251
2334    0.387850046158
2337    0.419425964355
2335    0.451746940613
2346    0.484414100647
2337    0.511157035828
2334    0.555805921555
2339    0.589309930801
2343    0.629004001617
2343    0.653670072556
2338    0.688169002533
2329    0.720803976059
2425    0.755444049835
2424    0.78017115593
2333    0.814671993256
2335    0.847017049789
2353    0.879377126694
2350    0.906929969788
2407    0.936435937881
2331    0.984256982803
2345    1.01723098755
2350    1.04579901695
2343    1.07905197144
2330    1.1122739315
2329    1.15208601952
2397    1.18967103958
2343    1.22745394707
2357    1.25226807594
2391    1.28559494019
2331    1.31387400627
2339    1.35026812553
2357    1.39812302589
2352    1.42685198784
2345    1.46892404556
2406    1.51087999344
2341    1.54934310913
2343    1.59324002266
2346    1.63158893585
2328    1.67501306534
2334    1.71830701828
2331    1.76135897636
2358    1.78815603256
2349    1.82398700714
2330    1.85211992264
2324    1.88956713676
2340    1.92640209198
2332    1.97318410873
2334    2.00884008408
2338    2.04046297073
2406    2.07095909119
2328    2.10653114319
2340    2.14261507988
2335    2.1782989502
2330    2.20287203789
2336    2.23731708527
2339    2.27034711838
2339    2.2950220108
2336    2.32964992523
2329    2.36308097839
2334    2.40160012245
2330    2.44624400139
2337    2.48592305183
2340    2.51560401917
2344    2.54538393021
2332    2.58040904999
2326    2.61068797112
2339    2.64379692078
2328    2.67207193375
2336    2.70488405228
2344    2.73162913322
2397    2.76787900925
2390    2.81463599205
2322    2.86131906509
2303    2.89369702339
2300    2.92098712921
2302    2.94338297844
2303    2.97577095032
2303    3.00860214233
2302    3.05242395401
2312    3.08457803726
2292    3.11758995056
2303    3.1563179493
2300    3.18441295624
2296    3.22707700729
2301    3.26468992233
2361    3.30774593353
2303    3.33849406242
2300    3.36867403984
2303    3.40220093727
2312    3.43816995621
2314    3.4856979847
2316    3.51808309555
2303    3.55058693886
2300    3.57798099518
2315    3.61037111282
2379    3.63767004013
2324    3.67038011551
2320    3.71188306808
2328    3.74573612213
2322    3.79911208153
2320    3.84221792221
2303    3.8792989254
2303    3.91763710976
2314    3.96133613586
2323    4.00967597961
2317    4.05777812004
2328    4.09355401993
2328    4.12728404999
2318    4.16096305847
2324    4.19994306564
2316    4.23805999756
2316    4.28162002563
2323    4.31957292557
2325    4.35438394547
2324    4.38033795357
2315    4.4238679409
2314    4.46228599548
2303    4.50514793396
2317    4.54686713219
2316    4.59052610397
2316    4.6292309761
2390    4.6584250927
2316    4.68662309647
2317    4.7233710289
2323    4.74945497513
2328    4.78594112396
2324    4.83442997932
2392    4.8726940155
2303    4.91130805016
2309    4.95485210419
2324    4.98561096191
2316    5.01849007607
2328    5.05462694168
2320    5.09280395508
2326    5.12361598015
2318    5.15165805817
2322    5.18968605995
2311    5.23276209831
2310    5.26626706123
2323    5.30463695526
2316    5.34841895103
2323    5.37599205971
2317    5.40822100639
2314    5.45698595047
2316    5.49027013779
2303    5.5220079422
2315    5.56527996063
2342    5.60569000244
2330    5.64555501938
2333    5.67574095726
2343    5.71093511581
2334    5.74661898613
2335    5.77830004692
2339    5.80996203423
2332    5.85331296921
2339    5.88835597038
2340    5.93656802177
2331    5.96968102455
2328    6.00214910507
2331    6.0352871418
2331    6.07246303558
2340    6.10467100143
2339    6.14156198502
2420    6.18004107475
2350    6.22369194031
2346    6.26208209991
2349    6.30536103249
2352    6.3321890831
2363    6.36712908745
2353    6.40545201302
2353    6.43394494057
2351    6.46720409393
2356    6.50268101692
2416    6.54621005058
2413    6.58415412903
2345    6.62692499161
2350    6.66508603096
2345    6.7083170414
2333    6.7666311264
2331    6.80842709541
2336    6.85089707375
2329    6.88832306862
2329    6.92067098618
2331    6.9489159584
2393    6.97724795341
2331    7.00990700722
2326    7.04232907295
2329    7.07010602951
2332    7.10329413414
2334    7.14179706573
2335    7.16907215118
2329    7.20142912865
2340    7.2317199707
2392    7.27617001534
2330    7.30360412598
2323    7.33594894409
2318    7.36838793755
2318    7.40089511871
2334    7.42837810516
2313    7.46071910858
2321    7.4991209507
2378    7.54156208038
2322    7.57903409004
2321    7.60653305054
2321    7.63980793953
2318    7.6732480526
2318    7.70624613762
2303    7.7443780899
2324    7.77520394325
2303    7.82070803642
2317    7.85395503044
2309    7.89669394493
2326    7.9299249649
2320    7.96747493744
2312    8.00311207771
2324    8.03978896141
2315    8.06720995903
2328    8.10265111923
2325    8.13495898247
2315    8.16740703583
2315    8.19481396675
2316    8.23216414452
2300    8.25955700874
2324    8.29191613197
2317    8.31920909882
2300    8.35701107979
2316    8.3940050602
2296    8.4328751564
2296    8.47159004211
2367    8.51033115387
2303    8.53414106369
2301    8.57277703285
2303    8.61169695854
2302    8.64050602913
2312    8.67432498932
2303    8.70817804337
2303    8.73197793961
2301    8.76575398445
2365    8.81456208229
2361    8.84838199615
2300    8.87881803513
2300    8.91289305687
2312    8.93922615051
2365    8.98152112961
2303    9.0199649334
2303    9.04809808731
2303    9.08393001556
2303    9.12223100662
2303    9.16948914528
2299    9.19773507118
2300    9.24101305008
2300    9.28436899185
2298    9.31866002083
2303    9.35917901993
2303    9.38530111313
2295    9.41885900497
2376    9.45456600189
2379    9.48004198074
2303    9.51557707787
2296    9.55629706383
2299    9.58410811424
2297    9.62662196159
2301    9.65948104858
2302    9.69462513924
2301    9.74229192734
2303    9.79671311378
2303    9.83423614502
2303    9.83637309074
2302    9.87893915176
0    9.91262698174
2300    9.92029905319
2296    9.96495914459
2303    9.97181415558
2303    10.0006420612
2298    10.0396931171
2298    10.0737540722
2303    10.1128621101
2298    10.1419570446
2311    10.1709280014
2295    10.2050359249
2310    10.2391369343
2295    10.2633070946
2313    10.297426939
2303    10.3315429688
2301    10.3814640045
2298    10.4248189926
2297    10.45789814
2310    10.4889929295
2303    10.5221221447
2371    10.5503120422
2299    10.5835709572
2300    10.6115889549
2303    10.6446881294
2303    10.677850008
2301    10.7059559822
2297    10.7340509892
2303    10.7671420574
2303    10.8001189232
2303    10.8283090591
2302    10.8664059639
2375    10.8996050358
2301    10.9329280853
2300    10.9612760544
2300    10.9944829941
2313    11.0276620388
2303    11.0608689785
2369    11.0991039276
2303    11.1272499561
2367    11.1608190536
2309    11.2042269707
2297    11.242538929
2296    11.2756791115
2324    11.3074669838
2316    11.3353409767
2324    11.3702831268
2303    11.4011349678
2297    11.4291050434
2320    11.4670369625
2316    11.4952459335
2312    11.5278100967
2319    11.570622921
2317    11.6088161469
2327    11.644174099
2321    11.6856629848
2319    11.7136440277
2312    11.7465970516
2314    11.7795820236
2324    11.818103075
2312    11.8599469662
2390    11.8869199753
2316    11.9199900627
2317    11.9522480965
2327    11.9824061394
2317    12.0127639771
2321    12.044975996
2323    12.0937509537
2303    12.1259679794
2391    12.1621589661
2323    12.2054009438
2386    12.2327270508
2312    12.2660200596
2300    12.3030920029
2303    12.3365261555
2303    12.3677790165
2299    12.3985009193
2310    12.4341549873
2293    12.4750380516
2294    12.5188360214
2390    12.5571789742
2315    12.5980811119
2326    12.6258530617
2315    12.6589860916
2312    12.6898210049
2316    12.7220821381
2318    12.7536940575
2314    12.8044860363
2314    12.832818985
2316    12.8704829216
2313    12.9120619297
2318    12.9547870159
2343    12.9929511547
2342    13.0238959789
2325    13.0571501255
2330    13.1000819206
2340    13.1326191425
2325    13.1600511074
2331    13.1924860477
2335    13.2198519707
2331    13.2522139549
2330    13.290033102
2358    13.3332719803
2358    13.3577780724
2352    13.3910181522
2356    13.4243481159
2414    13.4671609402
2337    13.493942976
2334    13.5272099972
2334    13.5701150894
2335    13.5982551575
2323    13.6313929558
2323    13.6644890308
2390    13.7080039978
2403    13.7457540035
2339    13.7723331451
2325    13.8114290237
2339    13.8504941463
2351    13.8947069645
2350    13.9287979603
2357    13.9629919529
2340    14.006991148
2352    14.0460889339
2357    14.0851910114
2341    14.1143131256
2335    14.1483979225
2341    14.1774849892
2335    14.2217559814
2341    14.2592799664
2333    14.2975590229
2333    14.3410301208
2334    14.367757082
2328    14.4003880024
2340    14.4295649529
2330    14.4569330215
2353    14.4903810024
2350    14.521351099
2349    14.5514030457
2350    14.5842111111
2342    14.6140899658
2354    14.6516120434
2355    14.6893861294
2353    14.7326359749
2332    14.7710690498
2337    14.8139679432
2332    14.8554880619
2340    14.8935050964
2330    14.9212930202
2334    14.9588899612
2332    15.0038239956
2393    15.0364000797
2334    15.0750861168
2335    15.1142101288
2335    15.1515769958
2343    15.1833329201
2331    15.2091090679
2341    15.244946003
2329    15.2817370892
2331    15.3150229454
2332    15.3533079624
2327    15.3890089989
2332    15.4199631214
2334    15.4521620274
2334    15.478937149
2329    15.5275061131
2333    15.5548889637
2331    15.5828311443
2338    15.6213650703
2338    15.658506155
2398    15.6964211464
2337    15.7292921543
2328    15.7675180435
2335    15.8001439571
2407    15.8317320347
2338    15.8618810177
2329    15.8989920616
2338    15.9379620552
2339    15.9809780121
2340    16.0124540329
2322    16.0558760166
2328    16.0943830013
2333    16.1269459724
2359    16.1569359303
2343    16.1918251514
2334    16.2317631245
2338    16.2655820847
2340    16.2907230854
2401    16.3305680752
2323    16.3673410416
2397    16.4109809399
2331    16.4489710331
2332    16.4766149521
2339    16.51167202
2330    16.5540430546
2328    16.5921919346
2337    16.6347360611
2331    16.6777911186
2359    16.7013299465
2350    16.7410440445
2399    16.7810640335
2331    16.8159821033
2341    16.8509609699
2346    16.8862421513
2333    16.9246780872
2353    16.9568910599
2345    17.0145599842
2356    17.0468649864
2346    17.0742931366
2348    17.1116330624
2348    17.1389760971
2351    17.1713399887
2340    17.2087669373
2327    17.2461960316
2329    17.2736020088
2357    17.3059990406
2349    17.3333740234
2346    17.3612239361
2358    17.3932449818
2345    17.4250569344
2343    17.4588239193
2405    17.4825670719
2357    17.5213770866
2358    17.5481529236
2323    17.5789589882
2353    17.6111390591
2350    17.6455590725
2330    17.6789369583
2350    17.7066819668
2347    17.7349100113
2343    17.7743840218
2332    17.807215929
2362    17.838971138
2355    17.8708260059
