1912    0.0382070541382
1911    0.0764110088348
1908    0.119683027267
1991    0.161635160446
1928    0.199649095535
1929    0.227080106735
1926    0.265213012695
1920    0.308822154999
2023    0.346724033356
1943    0.379158973694
1941    0.407737016678
1951    0.442166090012
1937    0.47075510025
1957    0.499311923981
1951    0.542253017426
1965    0.589163064957
1958    0.616678953171
1975    0.649127006531
1979    0.681890010834
1990    0.709156036377
1983    0.742841959
1987    0.775295972824
1990    0.805125951767
1992    0.834953069687
2008    0.870008945465
2008    0.903805971146
2013    0.942800045013
2014    0.96884894371
2092    1.00196099281
2021    1.04479408264
2022    1.07732415199
2022    1.11001801491
2044    1.13999700546
2040    1.1723511219
2035    1.21110296249
2044    1.2448990345
2029    1.28279209137
2050    1.31564092636
2055    1.354170084
2052    1.38896799088
2053    1.42360806465
2070    1.44633698463
2071    1.4841439724
2071    1.53862309456
2071    1.54209208488
2079    1.58042907715
0    1.60411906242
2063    1.62792801857
2065    1.64418101311
2060    1.68059015274
0    1.71332907677
2050    1.72100710869
2039    1.74109697342
2027    1.78453207016
1995    1.81770706177
1971    1.85010504723
1935    1.8825199604
1990    1.92078995705
1859    1.94890403748
1867    1.98216199875
1803    2.01654314995
1755    2.04225492477
1679    2.07685494423
1607    2.11458492279
1527    2.16297507286
1411    2.19840407372
1320    2.23074507713
1261    2.26355814934
1225    2.30688309669
1226    2.33508706093
1247    2.36789393425
1244    2.40070009232
1279    2.43845915794
1298    2.47624707222
1321    2.50460314751
1343    2.54806613922
1361    2.58660793304
1395    2.63009405136
1405    2.67343902588
1427    2.71665692329
1447    2.7417550087
1475    2.77700805664
1485    2.82529997826
1496    2.86565613747
1508    2.90388011932
1523    2.94713306427
1525    2.98520207405
1623    3.01579594612
1550    3.05661702156
1561    3.09466695786
1577    3.1270430088
1574    3.17077207565
1571    3.21245408058
1589    3.25074911118
1595    3.28242206573
1589    3.32509994507
1611    3.36062407494
1611    3.39405798912
1607    3.4324259758
1613    3.47095012665
1603    3.50968408585
1628    3.54781913757
1615    3.5796790123
1629    3.61153006554
1631    3.64365005493
1630    3.67361307144
1622    3.71316695213
1624    3.75923609734
1625    3.80285811424
1627    3.83983016014
1626    3.87252402306
1625    3.91597604752
1625    3.95787096024
1626    3.98439002037
1621    4.03164601326
1643    4.06905794144
1641    4.11255812645
1648    4.15074110031
1633    4.17814803123
1639    4.21694803238
1638    4.25572395325
1637    4.29487609863
1641    4.33324313164
1638    4.37655806541
1658    4.41990113258
1743    4.45866799355
1658    4.49945402145
1662    4.53541612625
1657    4.57351708412
1663    4.6001560688
1661    4.63692712784
1651    4.66378092766
1649    4.71211004257
1654    4.75046992302
1663    4.78853011131
1669    4.83119893074
1757    4.87500405312
1673    4.91334009171
1678    4.94121098518
1674    4.9762699604
1687    5.0146279335
1681    5.04678201675
1683    5.0786049366
1680    5.1218149662
1686    5.15274000168
1688    5.18999695778
1706    5.22722196579
1705    5.25457000732
1703    5.28750896454
1701    5.33097600937
1701    5.3742480278
1784    5.41179299355
1710    5.44184494019
1807    5.48372411728
1725    5.509745121
1725    5.54808402061
1713    5.58120799065
1718    5.60944509506
1744    5.64790010452
1740    5.68638014793
1742    5.73365998268
1739    5.77222204208
1731    5.80286002159
1753    5.84548711777
1751    5.87882995605
1752    5.92108297348
1838    5.9628880024
1749    6.0013461113
1769    6.03248906136
1766    6.06307196617
1772    6.09365510941
1763    6.12931394577
1847    6.1676671505
1781    6.21114015579
1782    6.24935603142
1781    6.29270195961
1782    6.33578801155
1802    6.37250494957
1796    6.40569496155
1797    6.43395209312
1792    6.47240805626
1818    6.5107550621
1813    6.55386614799
1819    6.58014202118
1825    6.61238408089
1840    6.64850592613
1831    6.67905712128
1908    6.70968914032
1845    6.73966908455
1838    6.77456998825
1847    6.80180001259
1846    6.83403706551
1947    6.86629915237
1869    6.8986389637
1869    6.93151402473
1884    6.96934700012
1962    6.9968290329
1889    7.03242993355
1876    7.0624461174
1894    7.09989714622
1897    7.12320804596
1905    7.15929198265
1920    7.18779492378
1906    7.22043204308
1911    7.25769996643
1908    7.29495310783
1911    7.32404494286
1934    7.36471295357
2010    7.39824700356
1926    7.43342113495
1933    7.46894812584
1945    7.49858403206
1946    7.53079795837
2022    7.56206798553
1942    7.60647892952
1943    7.63818693161
2025    7.67486000061
1946    7.7166121006
1940    7.74442911148
1941    7.77729296684
2027    7.80517196655
2020    7.83801603317
1943    7.8707420826
1930    7.89859199524
1932    7.93137192726
1912    7.97421598434
1977    8.00158715248
1888    8.03395700455
1877    8.07628798485
1882    8.10873508453
1843    8.15108704567
1910    8.18867111206
1792    8.2160551548
1773    8.25344395638
1736    8.29082608223
1703    8.31824302673
1671    8.35061097145
1625    8.38360214233
1597    8.42668104172
1575    8.47009396553
1559    8.51327896118
1542    8.55643105507
1526    8.59265112877
1526    8.62534213066
1536    8.66860103607
1635    8.70675206184
1574    8.73810100555
1588    8.76808309555
1597    8.79910993576
1613    8.83547306061
1606    8.86910510063
1628    8.89767003059
1722    8.93145513535
1644    8.96017193794
1657    8.99345207214
1655    9.02179098129
1670    9.05475306511
1670    9.10261011124
1684    9.13495707512
1681    9.16731309891
1688    9.21000504494
1702    9.24358010292
1703    9.27918505669
1743    9.3175880909
1779    9.36068415642
1702    9.40161299706
1710    9.43990707397
1719    9.48322606087
1715    9.51144099236
1723    9.54354810715
1722    9.57642102242
1718    9.61319804192
1726    9.64389514923
1808    9.68305706978
1716    9.72008895874
1815    9.75830602646
1729    9.80223703384
1736    9.84440803528
1728    9.87700605392
1814    9.90457701683
1734    9.93749094009
1734    9.98233413696
1811    10.01475811
1738    10.0397651196
1741    10.0748550892
1735    10.1150050163
1740    10.1431269646
1756    10.1783709526
1752    10.2124681473
1751    10.2398359776
1754    10.2772610188
1760    10.3146159649
1753    10.3419039249
1752    10.3696680069
1744    10.402518034
1749    10.4341800213
1760    10.466012001
1743    10.5091249943
1760    10.5356969833
1755    10.5714640617
1818    10.6192200184
1737    10.65209198
1821    10.6819040775
1736    10.7177920341
1741    10.7547180653
1741    10.7916300297
1730    10.8236470222
1734    10.8672299385
1740    10.9056880474
1820    10.9486560822
1740    10.9827721119
1741    11.0090169907
1744    11.0413520336
1736    11.0687630177
1823    11.1121029854
1740    11.1434221268
1758    11.1746330261
1751    11.2301840782
1757    11.2548260689
1755    11.2894351482
1757    11.3204491138
1750    11.3488759995
1757    11.3847439289
1751    11.4277091026
1752    11.4662201405
1760    11.5042090416
1752    11.5419960022
1768    11.5701830387
1768    11.602820158
1763    11.639621973
1766    11.6692979336
1775    11.699283123
1776    11.7384819984
1792    11.7776939869
1792    11.8118929863
1782    11.8509550095
1784    11.8951690197
1866    11.9293410778
1788    11.9643039703
1837    11.9951329231
1803    12.0264289379
1880    12.0579440594
1792    12.1150360107
1795    12.1535310745
1812    12.1866059303
1812    12.2187769413
1813    12.2620229721
1808    12.304459095
1828    12.3427641392
1828    12.3750259876
1828    12.418266058
1844    12.4613540173
1843    12.5047199726
1842    12.5425400734
1845    12.5806009769
1862    12.6138720512
1872    12.6457481384
1865    12.6738131046
1872    12.706690073
1868    12.7395880222
1884    12.7728910446
1882    12.8161671162
1886    12.852533102
1888    12.8845579624
1896    12.9102611542
1904    12.9431259632
1896    12.971487999
1899    13.0034821033
1903    13.0383660793
1912    13.0733561516
2001    13.0984320641
1910    13.1297180653
1938    13.1611659527
1930    13.1932981014
1926    13.2262120247
1920    13.2689270973
1937    13.2966840267
1942    13.3294651508
1944    13.357198
1951    13.3902249336
1956    13.4180879593
1951    13.4508609772
1973    13.483631134
1979    13.5163581371
1978    13.5440289974
1975    13.5818419456
2075    13.6197071075
1991    13.64757514
2007    13.6804530621
2000    13.708327055
2025    13.7412190437
2023    13.7690420151
2020    13.8018770218
2111    13.8347680569
2038    13.8625969887
2056    13.8954489231
2064    13.9333410263
2062    13.9665710926
2069    14.0051131248
2074    14.0470900536
2090    14.0872061253
2104    14.1304700375
2096    14.1687071323
2102    14.1965799332
2099    14.2302391529
2104    14.2639639378
2110    14.2928359509
2104    14.3361980915
2103    14.3742630482
2111    14.4043960571
2102    14.4360511303
2086    14.4875519276
2068    14.5158920288
2054    14.5542440414
2050    14.5801329613
2032    14.6130280495
2016    14.6461360455
2004    14.6927399635
1971    14.7372760773
1960    14.7696621418
2048    14.8025619984
1944    14.830851078
1949    14.8680181503
1939    14.9102311134
1935    14.9534311295
1944    15.017786026
1944    15.0561840534
1946    15.0593209267
1947    15.0924589634
1954    15.1313350201
1929    15.1695730686
1929    15.2082669735
1927    15.2416090965
1930    15.283246994
1937    15.3140900135
1920    15.3570930958
1933    15.3916730881
1926    15.4273221493
1930    15.4670140743
1934    15.4968400002
1927    15.5300531387
1910    15.5733730793
1911    15.6112749577
1912    15.6427791119
1920    15.6780090332
1921    15.70291996
1993    15.7362699509
1920    15.7763371468
1909    15.814661026
1912    15.8467330933
1920    15.8907799721
1912    15.9292581081
1909    15.9573450089
1907    15.9955730438
1893    16.0237159729
1974    16.0672299862
1890    16.1093010902
1895    16.1474809647
1903    16.1830630302
1885    16.2339150906
1872    16.276859045
1874    16.3152360916
1880    16.3487210274
1858    16.3768811226
1865    16.4100940228
1942    16.4421551228
1871    16.4741361141
1871    16.5062861443
1946    16.5494999886
1868    16.578099966
1871    16.6216340065
1868    16.6582541466
1864    16.6956379414
1867    16.7332389355
1864    16.7614099979
1863    16.7944941521
1864    16.8331270218
1865    16.8662171364
1876    16.8983390331
1866    16.9302530289
1864    16.9582459927
1867    16.9953141212
1872    17.0255219936
1870    17.0639140606
1860    17.101391077
1872    17.139868021
1866    17.1734039783
1868    17.2013771534
1944    17.2336781025
1863    17.271433115
1863    17.3087649345
1880    17.3519849777
1955    17.3944461346
1886    17.4210131168
1877    17.4577879906
1956    17.5106501579
1876    17.5534451008
1885    17.5814409256
1879    17.6146421432
1968    17.6462850571
1888    17.6779141426
1875    17.7081019878
1881    17.7640471458
1979    17.8018960953
1901    17.8307549953
1900    17.8652479649
1905    17.8948280811
1896    17.9243581295
1904    17.9591939449
1912    17.9937839508
