1541    0.0383880138397
1565    0.0668711662292
1559    0.105189085007
1566    0.138576984406
1555    0.183823108673
1576    0.226398944855
1576    0.258984088898
1567    0.291629076004
1580    0.338222980499
1569    0.370702981949
1573    0.406224012375
1596    0.436113119125
1597    0.467523097992
1663    0.501116037369
1590    0.544631004333
1589    0.569792032242
1592    0.602494955063
1593    0.650592088699
1592    0.691411018372
1599    0.717265129089
1595    0.753138065338
1591    0.778877973557
1596    0.814340114594
1592    0.842024087906
1610    0.873631954193
1691    0.908435106277
1607    0.950865030289
1604    0.975548028946
1607    1.01218414307
1606    1.0408141613
1607    1.07409715652
1616    1.10555815697
1607    1.13496494293
1608    1.16810417175
1623    1.21130394936
1623    1.25478696823
1619    1.29052996635
1626    1.33240199089
1699    1.37575411797
1644    1.41644906998
1649    1.45715308189
1640    1.48769307137
1716    1.52329802513
1636    1.55907702446
1640    1.60240411758
1657    1.63320398331
1654    1.66234612465
1736    1.69972705841
1655    1.7312681675
1656    1.76696300507
1663    1.7924721241
1659    1.84302306175
1673    1.88566112518
1680    1.92180514336
1678    1.95991206169
1673    1.99567914009
1674    2.03341603279
1690    2.06680417061
1685    2.10504603386
1687    2.13700008392
1693    2.16796207428
1685    2.19604516029
1687    2.2298309803
1690    2.27299714088
1702    2.31132316589
1705    2.3562810421
1701    2.39848899841
1709    2.42790412903
1707    2.47078704834
1702    2.51414608955
1695    2.55517697334
1720    2.58162307739
1720    2.61500811577
1721    2.65325212479
1728    2.68611598015
1715    2.71650099754
1716    2.74890208244
1730    2.7897400856
1817    2.83189511299
1737    2.87250709534
1735    2.91499996185
1731    2.95243000984
1755    2.98077011108
1749    3.01419901848
1744    3.05754613876
1750    3.09625315666
1748    3.13510417938
1849    3.16836309433
1762    3.20010995865
1758    3.24076104164
1849    3.28267598152
1779    3.32139706612
1778    3.35879611969
1782    3.38618016243
1785    3.41846895218
1786    3.45080804825
1783    3.47834897041
1881    3.51229310036
1798    3.54637312889
1798    3.57066607475
1798    3.60291099548
1805    3.64470410347
1818    3.68648600578
1894    3.7250020504
1805    3.76839613914
1832    3.80664300919
1832    3.8490819931
1832    3.87672305107
1829    3.90909099579
1823    3.9417181015
1845    3.96892905235
1849    4.00138711929
1855    4.04151916504
1848    4.07877516747
1875    4.10560917854
1862    4.14934396744
1866    4.18762397766
1865    4.22071099281
1873    4.25236606598
1946    4.28402495384
1881    4.31556200981
1886    4.3479590416
1880    4.38522005081
1882    4.43207001686
1904    4.46973395348
1907    4.49950194359
1897    4.52949714661
1888    4.55943512917
1902    4.59474015236
1910    4.63852214813
1913    4.68154907227
1909    4.72149801254
1916    4.75650715828
1917    4.79674100876
1906    4.82506513596
1997    4.85751795769
1899    4.88989901543
1900    4.91782712936
1984    4.94620394707
1882    4.97838306427
1866    5.01186513901
1860    5.05559897423
1924    5.08869409561
1823    5.13165998459
1792    5.1739449501
1788    5.20725417137
1833    5.23583602905
1729    5.27936410904
1700    5.32249903679
1686    5.35153698921
1679    5.39421200752
1663    5.42491102219
1643    5.47162604332
1638    5.50837111473
1649    5.55014896393
1728    5.58679795265
1641    5.61848711967
1646    5.65340399742
1654    5.68812704086
1654    5.72289896011
1671    5.75282096863
1663    5.78275895119
1688    5.82332205772
1687    5.86001110077
1687    5.88635015488
1685    5.92462897301
1705    5.96588015556
1703    5.99678397179
1779    6.03989505768
1719    6.08247900009
1721    6.12050414085
1726    6.15663909912
1735    6.20020699501
1737    6.23776006699
1737    6.28119707108
1750    6.32462501526
1748    6.36653900146
1743    6.40245294571
1757    6.43500494957
1750    6.47785210609
1749    6.52088594437
1769    6.54657316208
1760    6.58612799644
1750    6.6237950325
1767    6.67229914665
1766    6.71564102173
1765    6.75260806084
1764    6.77952599525
1776    6.81123805046
1769    6.84119009972
1769    6.87992501259
1772    6.91872811317
1773    6.95260715485
1766    6.97824501991
1764    7.0113940239
1767    7.03910303116
1771    7.074406147
1765    7.10499405861
1766    7.1387860775
1768    7.16796708107
1762    7.19948101044
1769    7.23896598816
1769    7.27206707001
1765    7.30509710312
1767    7.34505414963
1768    7.38581109047
1769    7.4284620285
1769    7.46407008171
1773    7.49978899956
1765    7.53059315681
1844    7.57327008247
1766    7.60003995895
1766    7.63299798965
1767    7.66481018066
1768    7.70139718056
1764    7.74870300293
1765    7.7860250473
1767    7.81859707832
1769    7.85084915161
1769    7.8941321373
1769    7.93209314346
1775    7.96728110313
1765    7.99223613739
1853    8.02751207352
1773    8.05751800537
1773    8.09747099876
1787    8.12130117416
1792    8.1600561142
1788    8.20423007011
1792    8.24148201942
1792    8.27092409134
1782    8.30370211601
1788    8.33720302582
1803    8.36137795448
1800    8.3964869976
1807    8.42672395706
1794    8.47019600868
1804    8.50722813606
1799    8.54014205933
1804    8.57173109055
1803    8.60028505325
1796    8.63368916512
1807    8.66575098038
1814    8.70942497253
1891    8.7512421608
1901    8.77795910835
1821    8.8188149929
1814    8.86169600487
1826    8.89781212807
1830    8.93065905571
1836    8.9625980854
1828    8.99499297142
1830    9.02594995499
1822    9.05405402184
1855    9.09063601494
1846    9.13341903687
1855    9.16759896278
1868    9.21105504036
1872    9.23764610291
1875    9.28455805779
1863    9.31970715523
1883    9.35464501381
1888    9.38537597656
1879    9.42822909355
1873    9.45524406433
1897    9.49232316017
1902    9.53037595749
1901    9.56377506256
1914    9.6070189476
1915    9.65058612823
1912    9.68904805183
1927    9.73241496086
1926    9.77050900459
1933    9.80055904388
1943    9.83096694946
1943    9.85903310776
1946    9.8971259594
1944    9.92501997948
1964    9.9681391716
1959    10.001085043
1975    10.0342321396
1967    10.074185133
1971    10.1091780663
1989    10.13438797
2001    10.1690340042
2015    10.1985840797
2011    10.2334420681
2014    10.2630710602
2014    10.2930870056
2029    10.3333091736
2019    10.3636469841
2040    10.3945939541
2039    10.4410281181
2053    10.4779851437
2055    10.5210390091
2077    10.5686759949
2078    10.6020891666
2086    10.6401760578
2092    10.6659631729
2104    10.6985220909
2100    10.7386450768
2188    10.7654290199
2099    10.8073079586
2110    10.8375070095
2204    10.8711349964
2120    10.9099121094
2135    10.9525110722
2144    10.9860770702
2149    11.0246310234
2159    11.0531949997
2151    11.0921740532
2137    11.1299650669
2145    11.1619551182
2128    11.1941900253
2103    11.2403671741
2102    11.2780029774
2070    11.3061850071
2024    11.3372759819
1986    11.3687601089
1969    11.4037761688
1938    11.4288141727
1924    11.4761049747
1921    11.5108580589
1898    11.5509979725
1894    11.5821831226
1904    11.617759943
1897    11.6537749767
1904    11.68475914
1899    11.720662117
1909    11.7614850998
1911    11.8000490665
1917    11.838490963
1917    11.8810651302
1912    11.9195420742
1910    11.962583065
1904    12.0006000996
1940    12.0339169502
1897    12.0644609928
1897    12.0920269489
1905    12.1244971752
1893    12.15726614
1894    12.1906740665
1889    12.2340581417
1900    12.2749500275
1889    12.3031451702
1897    12.3363981247
1897    12.3681430817
1890    12.4002950191
1883    12.4323451519
1879    12.461589098
1883    12.4965860844
1883    12.5391411781
1880    12.5825870037
1965    12.6241950989
1888    12.6577789783
1878    12.6811859608
1870    12.717028141
1865    12.7551310062
1876    12.7858631611
1873    12.8215970993
1867    12.8601810932
1838    12.8972561359
1855    12.939604044
1849    12.9775660038
1853    13.0176110268
1848    13.0559360981
1848    13.0995090008
1846    13.1375939846
1854    13.1754159927
1855    13.2070040703
1851    13.2388579845
1845    13.2822029591
1829    13.3258700371
1830    13.3686280251
1831    13.4122710228
1823    13.4388389587
1833    13.4721250534
1852    13.5026800632
1843    13.5310399532
1852    13.5668411255
1845    13.6105270386
1845    13.6489779949
1841    13.6772871017
1855    13.7145061493
1850    13.752794981
1855    13.7879841328
1848    13.8209049702
1921    13.853317976
1932    13.885748148
1846    13.9130949974
1864    13.9565601349
1864    13.9919140339
1870    14.0278511047
1869    14.0562300682
1868    14.0895409584
1869    14.1235041618
1865    14.1635050774
1873    14.1936860085
1961    14.2373740673
1883    14.2807500362
1880    14.3176441193
1879    14.3497071266
1878    14.3914570808
1887    14.4232139587
1896    14.4538090229
1897    14.4893569946
1905    14.5299861431
1892    14.5685319901
1894    14.6106159687
1903    14.6374270916
1914    14.6659710407
1912    14.6994950771
1904    14.7329330444
1907    14.7760310173
1926    14.8190751076
1927    14.8568110466
1931    14.8878760338
1930    14.9314701557
2004    14.9742801189
1951    15.0042750835
1947    15.0343401432
1939    15.0642740726
1953    15.0993511677
1969    15.1344270706
1963    15.1600270271
1966    15.1919929981
1966    15.2239570618
1973    15.2561149597
1972    15.2982850075
1983    15.3427340984
1982    15.3997650146
2077    15.4376490116
2002    15.4759311676
2011    15.5265181065
2032    15.5647389889
2032    15.5929460526
2103    15.6263551712
2030    15.6545460224
2024    15.6878180504
2021    15.7312140465
2037    15.7745101452
2036    15.8162209988
2035    15.8532660007
2030    15.8848979473
2042    15.9214191437
2044    15.961274147
2037    15.9964301586
2115    16.0247540474
2050    16.0619339943
2042    16.0885360241
2034    16.1306910515
2043    16.1626410484
2037    16.2062721252
2124    16.2473530769
2024    16.2805800438
2019    16.3087999821
2013    16.342208147
1996    16.3724720478
1961    16.4045469761
1965    16.4345221519
1950    16.4656600952
1926    16.4985451698
1894    16.5413839817
1844    16.5759739876
1813    16.613888979
1764    16.6558220387
1720    16.7127161026
1676    16.7409920692
1605    16.769821167
1523    16.8087799549
1449    16.847315073
1408    16.8799240589
1307    16.9175040722
1131    16.9550490379
1055    16.9980449677
1021    17.0260100365
1023    17.0640470982
1010    17.0924260616
1023    17.1248030663
1064    17.1597011089
1080    17.1863670349
1131    17.2282969952
1175    17.2664761543
1210    17.3191330433
1260    17.342056036
1279    17.3802230358
1307    17.4181079865
1348    17.4450759888
1346    17.4786441326
1361    17.5096290112
1393    17.5480649471
1417    17.5855240822
1427    17.6274549961
1438    17.6659779549
1540    17.7044510841
1475    17.7326800823
1482    17.767524004
1493    17.7991800308
1504    17.8424501419
1506    17.885751009
1520    17.9315500259
1525    17.9644901752
1536    17.9924819469
1550    18.0283329487
1566    18.0587439537
1558    18.0903241634
1563    18.1214230061
1557    18.1514079571
1561    18.1865501404
1577    18.221984148
