1977    0.0328290462494
1974    0.065850019455
1971    0.10911488533
1972    0.147270917892
1989    0.179391860962
1998    0.211812019348
1992    0.245302915573
1989    0.291849851608
2005    0.328768014908
2011    0.360602855682
2001    0.388695001602
2089    0.442105054855
1999    0.470425844193
2023    0.503319978714
2024    0.535645008087
2021    0.568102836609
2021    0.60095500946
2041    0.644273042679
2035    0.682760953903
2032    0.711050987244
2140    0.749106884003
2062    0.772953987122
2055    0.816030025482
2074    0.854537963867
2074    0.892413854599
2066    0.93585395813
2084    0.979339838028
2095    1.00499200821
2088    1.03580093384
2094    1.06603384018
2106    1.09973788261
2101    1.14297485352
2102    1.17050600052
2107    1.20775485039
2106    1.24013090134
2123    1.27988004684
2132    1.30443286896
2126    1.3400850296
2134    1.36789894104
2143    1.40445590019
2247    1.44284796715
2165    1.47618985176
2172    1.50693702698
2175    1.54204082489
2180    1.57786083221
2180    1.60704088211
2180    1.63948988914
2195    1.67691302299
2204    1.69923186302
2201    1.74143099785
2213    1.7735388279
2211    1.81093597412
2223    1.84752988815
2223    1.87586903572
2218    1.91137003899
2218    1.95444893837
2288    1.99346089363
2165    2.03559994698
2135    2.06317687035
2108    2.09578704834
2066    2.13909196854
1996    2.16296386719
1914    2.20186495781
1837    2.2460269928
1703    2.28402996063
1579    2.32738685608
1395    2.36592888832
1260    2.40885090828
1148    2.43669390678
1061    2.48006105423
940    2.52117085457
841    2.55420899391
716    2.58255004883
721    2.61510705948
611    2.65844202042
511    2.70185303688
338    2.74437093735
255    2.78264784813
334    2.8111000061
245    2.84426403046
389    2.89044904709
497    2.92625999451
489    2.96913099289
581    2.99816584587
665    3.04140090942
738    3.07167387009
803    3.11493587494
876    3.14367699623
1013    3.18736386299
1067    3.21320104599
1011    3.24671697617
1062    3.27367901802
1063    3.30557799339
1076    3.34556698799
1098    3.3892788887
1133    3.42302799225
1237    3.44995594025
1181    3.4807100296
1199    3.51647090912
1213    3.54119491577
1209    3.57980489731
1229    3.60525393486
1338    3.63997888565
1254    3.67383289337
1279    3.71106100082
1294    3.74556589127
1279    3.78668189049
1311    3.83065485954
1328    3.85564684868
1330    3.89144396782
1327    3.9339659214
1352    3.97722005844
1353    4.01722598076
1363    4.06719183922
1453    4.10219693184
1378    4.14451789856
1374    4.18784689903
1376    4.22651386261
1394    4.2651219368
1395    4.29367589951
1417    4.32890796661
1415    4.36229896545
1414    4.39782691002
1435    4.43792295456
1436    4.47796297073
1436    4.50472402573
1432    4.53676986694
1536    4.56909990311
1439    4.60203504562
1443    4.64571285248
1447    4.68367695808
1458    4.72661089897
1459    4.77012705803
1465    4.81862688065
1466    4.84908986092
1473    4.88104391098
1476    4.92473602295
1475    4.95429086685
1470    4.99795198441
1487    5.04078102112
1489    5.07909989357
1492    5.11247301102
1511    5.14123106003
1508    5.18325400352
1507    5.21641993523
1512    5.25473690033
1599    5.28817796707
1536    5.31974387169
1526    5.35089087486
1529    5.37991285324
1599    5.41399598122
1531    5.44845104218
1612    5.48666501045
1542    5.53024697304
1627    5.57410597801
1539    5.61289787292
1540    5.64062690735
1542    5.67867684364
1558    5.72672605515
1553    5.75981283188
1559    5.79148197174
1560    5.81989884377
1560    5.85339999199
1560    5.89669394493
1576    5.9346408844
1574    5.97332882881
1576    6.01728796959
1583    6.05132389069
1574    6.09375596046
1593    6.12611985207
1590    6.15855193138
1586    6.19088792801
1591    6.21817398071
1592    6.2555539608
1602    6.28282284737
1610    6.3200969696
1606    6.36243104935
1607    6.3948469162
1608    6.43210101128
1599    6.45943593979
1615    6.49209904671
1707    6.53047585487
1628    6.5619430542
1625    6.59238100052
1625    6.62063694
1623    6.65409493446
1637    6.68248701096
1645    6.73587989807
1639    6.77244091034
1639    6.79855394363
1643    6.83968091011
1656    6.87789487839
1749    6.91036391258
1662    6.94292497635
1658    6.97113704681
1654    7.00720000267
1670    7.04816889763
1663    7.09361982346
1674    7.1356420517
1674    7.17361593246
1690    7.21695184708
1680    7.25332188606
1687    7.29061102867
1769    7.33237099648
1687    7.37070703506
1699    7.39749884605
1710    7.4327609539
1792    7.47404789925
1702    7.5125579834
1788    7.54433393478
1716    7.57740688324
1719    7.60246491432
1714    7.64205384254
1718    7.67509102821
1739    7.70513796806
1742    7.73776388168
1728    7.76599097252
1736    7.79793596268
1823    7.83413386345
1758    7.8612010479
1750    7.89263391495
1751    7.92762589455
1750    7.9707429409
1757    7.99753689766
1855    8.02942991257
1766    8.05744504929
1855    8.08020782471
1767    8.11813592911
1763    8.14568185806
1787    8.17361283302
1785    8.20708703995
1782    8.24693083763
1781    8.28363204002
1880    8.32337403297
1805    8.35832285881
1884    8.39669585228
1805    8.43002104759
1812    8.46866488457
1820    8.50154685974
1833    8.53234386444
1834    8.59048390388
1844    8.62889385223
1844    8.66710400581
1852    8.69977903366
1855    8.74319791794
1862    8.78671503067
1890    8.82994103432
1898    8.86791300774
1907    8.9157409668
1904    8.95064997673
1914    8.99048995972
2011    9.01534700394
1930    9.0501408577
1926    9.07825493813
1949    9.11322283745
1949    9.1433198452
2057    9.17335796356
2050    9.20842194557
2065    9.2484588623
1974    9.27870392799
1990    9.30663394928
2072    9.33461284637
2019    9.36546683311
2015    9.39807295799
2096    9.42989397049
2023    9.463326931
2021    9.48671102524
2039    9.51974391937
2044    9.55207085609
2039    9.58781504631
2061    9.62588095665
2062    9.65497994423
2063    9.69513392448
2061    9.73706102371
2040    9.76352000237
2045    9.80015897751
2016    9.82575583458
2028    9.86148285866
2102    9.88741588593
1997    9.92078590393
1989    9.96415090561
1974    10.0024218559
1956    10.0305378437
2047    10.0640380383
1937    10.1123230457
1944    10.1557579041
1950    10.2017128468
1940    10.234431982
1942    10.2726678848
1954    10.3007419109
1955    10.3340330124
1969    10.3649990559
1959    10.3935928345
1975    10.4206259251
1974    10.4528989792
1970    10.4852528572
1960    10.5134570599
1966    10.5566408634
1958    10.5899920464
1958    10.631636858
1958    10.6746039391
1944    10.707048893
2032    10.7479109764
1951    10.772797823
1943    10.8143210411
1934    10.8557779789
1927    10.8925950527
1926    10.9244968891
1933    10.9548289776
1914    10.9867789745
1920    11.0187058449
1912    11.048470974
1915    11.0834388733
1910    11.1266100407
1916    11.16968894
1987    11.1953129768
1989    11.2302339077
1889    11.2735309601
1896    11.3115618229
1900    11.3548119068
1886    11.3977119923
1885    11.4250688553
1972    11.4570319653
1881    11.4986329079
1878    11.5293729305
1889    11.5686719418
1891    11.60024786
1886    11.6368489265
1874    11.6746468544
1866    11.7184569836
1868    11.7567420006
1869    11.798555851
1866    11.8452329636
1935    11.8779220581
1855    11.9091339111
1846    11.9397349358
1929    11.98290205
1840    12.0251698494
1848    12.0625388622
1851    12.0963449478
1841    12.1237778664
1822    12.1650178432
1823    12.2083058357
1833    12.2412059307
1828    12.2841749191
1833    12.3151199818
1920    12.3513040543
1830    12.3848419189
1830    12.4274418354
1822    12.4655389786
1823    12.4975309372
1912    12.5294408798
1832    12.5646519661
1837    12.5900390148
1846    12.6221990585
1838    12.6562700272
1941    12.6905708313
1937    12.7297790051
1933    12.7588448524
1855    12.7930078506
1850    12.8371078968
1855    12.8613059521
1843    12.9005320072
1959    12.9347088337
1866    12.9687900543
1871    13.0028150082
1871    13.0267689228
1869    13.0510618687
1872    13.0901808739
1867    13.1142969131
1880    13.1534879208
1886    13.1980168819
1880    13.2361600399
1880    13.2744028568
1880    13.3025839329
1891    13.3377640247
1899    13.3761069775
1899    13.4118468761
1904    13.4474918842
1898    13.4904808998
1898    13.5284218788
1895    13.5609929562
2004    13.6000108719
1915    13.6375148296
1912    13.6810338497
1930    13.7188489437
1929    13.7473068237
1934    13.7784619331
1935    13.8103728294
1943    13.8381428719
1946    13.8705229759
1946    13.9025690556
1937    13.9514698982
1961    13.9850850105
1958    14.0168619156
1964    14.0477869511
1961    14.1093149185
1977    14.1370790005
1973    14.1677429676
1981    14.1985590458
1982    14.2310080528
1999    14.2879209518
1999    14.3240590096
1996    14.3302919865
1998    14.3666439056
0    14.4085218906
2003    14.4162049294
2016    14.4475250244
0    14.4858059883
2016    14.4938299656
2007    14.5255959034
2025    14.5594449043
2021    14.5650949478
2014    14.5981600285
2020    14.6397099495
2021    14.6778249741
2133    14.7079339027
2129    14.7428908348
2035    14.7728419304
2037    14.8050289154
2037    14.8488969803
2045    14.8920989037
2037    14.9302668571
2042    14.9715158939
2029    14.9957540035
2032    15.0298218727
2021    15.0622279644
2006    15.0945599079
2005    15.1375489235
2074    15.1754448414
1975    15.2034208775
1976    15.2394490242
1957    15.2777218819
1958    15.3199949265
1945    15.3633780479
1950    15.3894870281
1943    15.4217579365
1951    15.4749059677
1949    15.5159919262
1937    15.5512619019
1955    15.5797510147
1959    15.6173028946
1959    15.6449918747
1956    15.6782200336
1957    15.7220890522
1959    15.759734869
1966    15.790599823
1957    15.8239610195
1960    15.8577229977
1960    15.9000298977
1959    15.9385340214
1966    15.967730999
1967    15.9998049736
1951    16.0400240421
1969    16.0789940357
1962    16.112776041
1969    16.1424758434
1958    16.1745839119
1958    16.2174959183
1958    16.255136013
1957    16.2980079651
1955    16.3358500004
1959    16.3687050343
1960    16.396517992
1965    16.4345920086
1966    16.469190836
1958    16.5024559498
1970    16.5392148495
1969    16.5719900131
1966    16.6045708656
1950    16.6479170322
1961    16.6865029335
1961    16.7316918373
1968    16.7583289146
1966    16.7900278568
1959    16.821862936
1964    16.8536949158
1957    16.8964469433
2055    16.9234788418
1971    16.9592280388
1962    16.9974179268
1955    17.0305860043
1970    17.0722279549
1966    17.1068928242
1965    17.1417739391
1959    17.171738863
1965    17.2045588493
1955    17.2353129387
2042    17.2681238651
1965    17.2971839905
1958    17.3300068378
1955    17.367347002
1959    17.399050951
1965    17.4294409752
1967    17.460916996
1968    17.4948010445
1961    17.5335538387
1960    17.576789856
1951    17.6342060566
2053    17.6718149185
1963    17.7043569088
1958    17.7419269085
1973    17.7745399475
1978    17.8021788597
1974    17.8347649574
1973    17.8773639202
1972    17.9099168777
1974    17.9379348755
1968    17.9819459915
2079    18.0198209286
