1765    0.0323610305786
1760    0.0596301555634
1761    0.0919811725616
1769    0.124383211136
1769    0.156793117523
1767    0.184158086777
1855    0.211444139481
1869    0.243695020676
1778    0.280744075775
1786    0.312905073166
1781    0.345095157623
1783    0.377044200897
1792    0.403953075409
1799    0.436005115509
1802    0.468662023544
1807    0.49867105484
1820    0.529349088669
1821    0.56484413147
1820    0.59659910202
1900    0.628337144852
1840    0.660310029984
1832    0.692892074585
1921    0.73034119606
1835    0.768222093582
1831    0.811899185181
1847    0.850478172302
1847    0.888879060745
1848    0.927126169205
1867    0.970101118088
1874    1.00065803528
1865    1.03269815445
1865    1.06542301178
1882    1.10091209412
1884    1.13951706886
1897    1.16772007942
1894    1.19960618019
1900    1.23190402985
1895    1.27509713173
2003    1.31507301331
1922    1.35343003273
1931    1.38932704926
1934    1.42895102501
1935    1.4544479847
1943    1.49362802505
1960    1.5517551899
1959    1.57953119278
1958    1.6178021431
1959    1.65658402443
1974    1.69518899918
2074    1.72835612297
2001    1.76696610451
2012    1.80374598503
2005    1.8416621685
2020    1.87950801849
2021    1.90760302544
2036    1.94114804268
2051    1.96931409836
2057    2.00587415695
2056    2.03322315216
2072    2.06606602669
2067    2.10897111893
2095    2.15034198761
2109    2.19336509705
2096    2.23631119728
2110    2.26682806015
2109    2.30792212486
2100    2.34528017044
2111    2.37615203857
2125    2.40946102142
2104    2.43867516518
2116    2.47770118713
2099    2.51087903976
2073    2.54289603233
2069    2.58618021011
2028    2.627161026
2022    2.66609311104
1946    2.70432114601
1899    2.73211717606
1991    2.77085113525
1845    2.80929398537
1866    2.83752918243
1723    2.87355303764
1677    2.907351017
1646    2.93189501762
1632    2.96916913986
1624    3.00714111328
1716    3.04922008514
1642    3.08771419525
1657    3.13065099716
1678    3.16057014465
1677    3.19067311287
1780    3.22571015358
1690    3.28181099892
1690    3.3204100132
1705    3.32771801949
1702    3.35209798813
0    3.38362002373
1702    3.38714814186
1704    3.42082905769
1702    3.45864319801
1718    3.49107718468
1720    3.52329301834
1809    3.55075216293
1719    3.58323216438
1713    3.61663913727
1724    3.64087700844
1720    3.67507314682
1725    3.70465898514
1722    3.73814201355
1723    3.76941514015
1806    3.79980015755
1718    3.83002114296
1716    3.86384320259
1727    3.89084100723
1725    3.93248701096
1724    3.97813916206
1718    4.01892518997
1728    4.05450105667
1728    4.08383011818
1808    4.11662602425
1713    4.16010808945
1722    4.20212507248
1716    4.24434018135
1705    4.28776216507
1706    4.32546401024
1712    4.36224198341
1713    4.39489507675
1702    4.42715406418
1693    4.45762109756
1692    4.49109506607
1680    4.5196120739
1695    4.54968118668
1691    4.58531904221
1686    4.61582612991
1685    4.66147899628
1690    4.70216417313
1688    4.74283003807
1663    4.7684481144
1685    4.80406212807
1765    4.83468317986
1688    4.86622619629
1695    4.8988070488
1689    4.94203615189
1686    4.98489308357
1691    5.01236820221
1691    5.04484415054
1760    5.08233618736
1686    5.10983514786
1682    5.14242815971
1683    5.17501711845
1695    5.2075920105
1684    5.23501014709
1705    5.2724840641
1701    5.30497217178
1702    5.33744502068
1699    5.36995601654
1706    5.3974571228
1702    5.43496417999
1710    5.46745109558
1699    5.49487400055
1699    5.52264499664
1806    5.55608701706
1721    5.58919906616
1720    5.63363218307
1726    5.66079998016
1724    5.69298505783
1724    5.7246131897
1718    5.76304602623
1719    5.79147100449
1728    5.82496905327
1728    5.85845708847
1822    5.90199518204
1743    5.94051599503
1736    5.9840400219
1735    6.02390408516
1736    6.06682920456
1752    6.09420013428
1749    6.12162709236
1746    6.1589550972
1750    6.19127321243
1749    6.21848917007
1748    6.25126314163
1753    6.29476714134
1848    6.32055997849
1749    6.35355401039
1766    6.3915450573
1766    6.43508720398
1855    6.46320104599
1765    6.49845910072
1771    6.53826403618
1860    6.56286501884
1792    6.58746004105
1783    6.6220459938
1781    6.66183805466
1776    6.71005105972
1785    6.74329304695
1774    6.771515131
1776    6.80478715897
1880    6.83850908279
1801    6.87860012054
1805    6.90375614166
1800    6.93651604652
1804    6.96885514259
1881    7.01211905479
1792    7.05473613739
1807    7.10263609886
1813    7.13500809669
1819    7.1673681736
1897    7.194658041
1812    7.22698903084
1814    7.26437115669
1905    7.29163312912
1815    7.32408905029
1812    7.35155200958
1813    7.39394021034
1817    7.4262650013
1812    7.46356916428
1813    7.50107502937
1807    7.52848315239
1817    7.56082701683
1823    7.60022616386
1796    7.64365816116
1796    7.68208098412
1798    7.71531414986
1784    7.75887799263
1788    7.79694914818
1778    7.83704710007
1766    7.87221002579
1768    7.92545604706
1750    7.96816802025
1743    7.99500203133
1823    8.02848315239
1734    8.05548620224
1741    8.09099602699
1717    8.1226401329
1718    8.1635081768
1701    8.19639706612
1785    8.24007606506
1700    8.27805709839
1699    8.32123613358
1805    8.35973000526
1711    8.40349602699
1724    8.42885899544
1713    8.46065115929
1736    8.49445199966
1740    8.52842903137
1745    8.55211305618
1734    8.58703398705
1747    8.61912608147
1833    8.65081119537
1751    8.68881011009
1750    8.72711920738
1772    8.75390219688
1772    8.78988099098
1765    8.82210898399
1772    8.85288000107
1761    8.8963830471
1780    8.93518018723
1780    8.96305418015
1871    8.99595808983
1870    9.02947306633
1792    9.07155704498
1784    9.11686420441
1792    9.15014314651
1799    9.17610216141
1800    9.21219301224
1803    9.23787498474
1888    9.27392506599
1796    9.31693720818
1800    9.34349799156
1890    9.37696409225
1820    9.41548109055
1816    9.44395899773
1815    9.47746300697
1897    9.51135206223
1816    9.53598117828
1813    9.57333302498
1812    9.60118508339
1807    9.63463711739
1809    9.66293001175
1897    9.69685220718
1815    9.74043011665
1833    9.77890014648
1829    9.82215118408
1829    9.86466407776
1829    9.90161800385
1920    9.93331813812
1830    9.96542716026
1836    9.997423172
1829    10.0287530422
1823    10.0723450184
1831    10.1001801491
1823    10.133546114
1846    10.1728191376
1845    10.2098641396
1841    10.2532560825
1847    10.2911942005
1839    10.324131012
1932    10.357022047
1839    10.3848440647
1853    10.4231100082
1939    10.4591259956
1843    10.494079113
1866    10.5261800289
1868    10.5695021152
1866    10.6128911972
1860    10.6509230137
1872    10.6825461388
1868    10.7263510227
1871    10.7645330429
1951    10.7970201969
1889    10.8339691162
1868    10.8708250523
1883    10.9144561291
1879    10.9614360332
1875    10.9991300106
1881    11.0315110683
1884    11.0638661385
1876    11.096268177
1880    11.1240830421
1880    11.1674010754
1876    11.1940221786
1977    11.2472720146
1896    11.2749080658
1895    11.319314003
1903    11.3584661484
1902    11.3885531425
1912    11.4321830273
1912    11.4709751606
1948    11.5140709877
1908    11.5398910046
1935    11.5750300884
1933    11.6135342121
1929    11.651458025
2022    11.6950831413
1951    11.7369561195
1938    11.7906332016
1939    11.8340060711
1963    11.8724629879
1961    11.9158120155
1960    11.9415130615
1966    11.9723601341
2043    12.0097920895
2063    12.0455942154
1974    12.0776171684
1973    12.1208820343
1990    12.1640632153
1997    12.1898190975
2008    12.2261121273
2014    12.2530272007
2004    12.2973210812
2024    12.3404650688
2032    12.3662040234
2012    12.39808321
2020    12.4361820221
2038    12.4686441422
2134    12.504101038
2053    12.5459451675
2062    12.5815711021
2053    12.6076161861
2056    12.642026186
2067    12.6694741249
2069    12.6989631653
2087    12.7358241081
2081    12.7733550072
2108    12.8076190948
2111    12.8379499912
2107    12.8811371326
2120    12.9241251945
2111    12.9532392025
2129    12.9873390198
2141    13.0114061832
2149    13.0447461605
2149    13.0778970718
2173    13.1088080406
2175    13.1458611488
2183    13.1820521355
2197    13.2244791985
2214    13.2527740002
2219    13.2852780819
2209    13.3172249794
2225    13.3555231094
2320    13.3874092102
2249    13.4228181839
2253    13.449611187
2247    13.4847149849
2233    13.5109760761
2222    13.5439431667
2195    13.5722022057
2205    13.6068630219
2152    13.646502018
2150    13.6812009811
2110    13.710832119
2046    13.7455670834
1965    13.7755730152
1881    13.8191599846
1784    13.8508841991
1642    13.8827681541
1468    13.9127361774
1465    13.9474852085
1279    13.9829092026
1248    14.0157511234
1100    14.0506060123
1115    14.0855560303
1199    14.1205031872
1263    14.1467111111
1263    14.1835401058
1381    14.2218060493
1383    14.2601311207
1411    14.2934381962
1536    14.335570097
1480    14.374117136
1486    14.418017149
1511    14.4594721794
1545    14.4979841709
1557    14.540086031
1557    14.5784091949
1583    14.6090869904
1575    14.6372141838
1662    14.6766161919
1569    14.7148520947
1595    14.755243063
1675    14.7937791348
1594    14.8258221149
1585    14.8535330296
1595    14.8857281208
1609    14.9213140011
1598    14.946377039
1588    14.9815161228
1607    15.0242102146
1604    15.0508341789
1592    15.0865371227
1590    15.1248641014
1679    15.1636631489
1592    15.202589035
1681    15.2459800243
1678    15.2833549976
1685    15.3143761158
1612    15.345728159
1610    15.376527071
1599    15.4084260464
1607    15.4365870953
1612    15.4793660641
1612    15.5139231682
1606    15.5463290215
1604    15.5790090561
1607    15.6209201813
1612    15.6528961658
1617    15.6847600937
1606    15.716766119
1606    15.7601051331
1612    15.7861101627
1618    15.8196220398
1623    15.847645998
1621    15.8807141781
1713    15.9114630222
1623    15.9437050819
1624    15.9752781391
1628    16.0077559948
1640    16.0401310921
1642    16.072053194
1641    16.1150801182
1642    16.1458761692
1641    16.1767821312
1639    16.212498188
1640    16.2403080463
1660    16.277132988
1659    16.3076751232
1663    16.3391540051
1652    16.3717041016
1653    16.4146370888
1656    16.4575431347
1740    16.4882791042
1654    16.5191102028
1663    16.5517971516
1663    16.584384203
1671    16.6124081612
1672    16.6502451897
1672    16.6877551079
1663    16.7194330692
1663    16.7620940208
1676    16.8103830814
1694    16.8473889828
1689    16.8857622147
1695    16.9185540676
1685    16.949324131
1684    16.9859571457
1690    17.0263280869
1698    17.0594069958
1702    17.0977571011
1709    17.1337890625
1702    17.1610751152
1705    17.1933259964
1711    17.229640007
1724    17.2676720619
1721    17.3000071049
1717    17.3374130726
1721    17.3697810173
1723    17.3972070217
1715    17.4299991131
1804    17.4731721878
1812    17.4973540306
1725    17.5348830223
1728    17.5624070168
1736    17.5930421352
1740    17.6246540546
1830    17.6641950607
1826    17.7017002106
1737    17.7359921932
1746    17.7778110504
