1996    0.0341820716858
1994    0.0596930980682
1987    0.0931179523468
1986    0.121289014816
2093    0.154469966888
2008    0.183203935623
2017    0.226398944855
2009    0.261105060577
2007    0.291026115417
2013    0.323145151138
2012    0.3666639328
2024    0.409785032272
2030    0.448094129562
2040    0.491420030594
2040    0.517369031906
2035    0.552797079086
2035    0.615563154221
2035    0.658126115799
2051    0.662580013275
2060    0.702090024948
0    0.740788936615
2055    0.747276067734
2077    0.785577058792
0    0.819514989853
2065    0.82515001297
2093    0.858081102371
2081    0.891493082047
2085    0.923524141312
2100    0.96672296524
2099    1.00486707687
2102    1.03254294395
2116    1.06423592567
2111    1.10088992119
2101    1.13854193687
2104    1.16648793221
2120    1.19827103615
2125    1.23014807701
2130    1.26207900047
2129    1.2889881134
2134    1.32734107971
2150    1.35585093498
2142    1.38707613945
2156    1.42972111702
2179    1.45767211914
2175    1.50404906273
2200    1.52826499939
2204    1.56396007538
2197    1.59476494789
2214    1.62311506271
2214    1.66658115387
2226    1.70470094681
2225    1.74810600281
2242    1.78633594513
2247    1.81700491905
2238    1.85031914711
2249    1.88411903381
2240    1.92330503464
2225    1.95192599297
2236    1.98464512825
2195    2.01289510727
2171    2.04772496223
2139    2.08024597168
2102    2.11323595047
2127    2.14199709892
2049    2.17525196075
1889    2.22376799583
1766    2.25695300102
1774    2.29274392128
1629    2.3224260807
1442    2.35199093819
1279    2.39135503769
1165    2.42110300064
1059    2.46571612358
1008    2.49538397789
808    2.52502202988
802    2.55966591835
702    2.58936405182
600    2.6242120266
495    2.65390110016
407    2.69706010818
318    2.72467207909
255    2.76637506485
319    2.80474495888
420    2.83700895309
426    2.86867308617
511    2.90878295898
702    2.94065594673
700    2.97223210335
771    3.01156997681
838    3.04935193062
908    3.08762907982
960    3.12045502663
1010    3.15822005272
1023    3.18605303764
1079    3.21889996529
1159    3.25180697441
1095    3.27973604202
1128    3.31262898445
1147    3.34043812752
1180    3.37826800346
1197    3.41611504555
1197    3.44392108917
1210    3.47177004814
1308    3.49949598312
1247    3.53229808807
1265    3.56008315086
1346    3.58292794228
1276    3.61572909355
1277    3.64345002174
1278    3.6812851429
1314    3.72413396835
1311    3.74699401855
1311    3.78520107269
1320    3.82862210274
1319    3.8664290905
1346    3.89818501472
1434    3.92890501022
1367    3.9597029686
1370    3.99060511589
1381    4.03378105164
1376    4.07193112373
1380    4.12432408333
1393    4.17219495773
1400    4.2093269825
1395    4.2437620163
1415    4.27082204819
1413    4.30915307999
1410    4.34762907028
1426    4.38624811172
1425    4.42963004112
1432    4.47770595551
1524    4.51049613953
1439    4.54328894615
1449    4.5861530304
1461    4.62439203262
1463    4.65264606476
1456    4.68451094627
1479    4.71318006516
1476    4.75184106827
1469    4.79003500938
1482    4.83336806297
1482    4.86498808861
1555    4.90321207047
1571    4.93875813484
1490    4.97736406326
1493    5.01806592941
1515    5.04322099686
1515    5.07894992828
1595    5.10958409309
1515    5.14025306702
1509    5.17110300064
1592    5.20673203468
1522    5.24737691879
1526    5.27296805382
1522    5.30855703354
1525    5.35920405388
1524    5.38986992836
1543    5.42535209656
1550    5.45231509209
1543    5.49532699585
1548    5.52173304558
1541    5.55481815338
1635    5.59049797058
1558    5.61576509476
1558    5.64936208725
1560    5.67773294449
1556    5.71098899841
1552    5.74425792694
1556    5.77086806297
1583    5.80902600288
1576    5.84753298759
1661    5.88726806641
1663    5.91926193237
1580    5.95109009743
1653    5.97918796539
1657    6.01203513145
1589    6.0398850441
1599    6.07666397095
1590    6.11347603798
1588    6.16012096405
1592    6.19702792168
1607    6.22539710999
1609    6.25857615471
1609    6.29177212715
1604    6.33569812775
1612    6.37436008453
1685    6.41774106026
1607    6.45841002464
1624    6.49660611153
1624    6.52797007561
1629    6.56002211571
1628    6.59081196785
1621    6.61845207214
1637    6.65671300888
1648    6.68239593506
1644    6.73057794571
1641    6.77248907089
1640    6.81555914879
1726    6.85392403603
1651    6.88690710068
1657    6.92391896248
1662    6.95934414864
1661    6.98927092552
1660    7.02221512794
1753    7.05048513412
1677    7.08324599266
1673    7.11085915565
1676    7.15354299545
1679    7.19606614113
1686    7.22846412659
1688    7.25962114334
1683    7.29055404663
1690    7.32365107536
1690    7.35235905647
1689    7.38610601425
1711    7.4198679924
1702    7.44899106026
1699    7.48076415062
1698    7.50841593742
1704    7.54066801071
1722    7.57313799858
1716    7.60555315018
1719    7.63796401024
1721    7.67535305023
1717    7.70782995224
1717    7.73529314995
1737    7.77769207954
1738    7.80508112907
1729    7.83738398552
1728    7.87472701073
1750    7.90198111534
1748    7.93425297737
1747    7.96659493446
1756    7.99388194084
1744    8.03123807907
1767    8.05854606628
1762    8.09631800652
1766    8.13451695442
1766    8.17796611786
1780    8.21610593796
1783    8.25896501541
1787    8.30195593834
1804    8.33808302879
1799    8.36915493011
1813    8.41173005104
1892    8.45499992371
1813    8.49296712875
1831    8.52567315102
1834    8.56259512901
1829    8.5957801342
1844    8.62412405014
1846    8.65678691864
1848    8.68476295471
1852    8.71950697899
1862    8.75077700615
1872    8.78201794624
1882    8.81863212585
1887    8.85466504097
1889    8.88296413422
1898    8.91692900658
1923    8.96491003036
1915    9.0047390461
1937    9.02964496613
2013    9.06480503082
1944    9.09241104126
1936    9.12913012505
1965    9.15578603745
1968    9.19514894485
1978    9.24019908905
2001    9.27595806122
2001    9.3134829998
2007    9.35725593567
2000    9.4007499218
2012    9.42772006989
2024    9.45965504646
2028    9.49045014381
2028    9.52559614182
2099    9.56802797318
2013    9.6004140377
2004    9.62777113914
1984    9.66058897972
1971    9.69934201241
1961    9.74277997017
1955    9.78491711617
1928    9.81149196625
1937    9.84795093536
1935    9.87467908859
1911    9.91002511978
1904    9.93580698967
1897    9.96931695938
1922    9.99666309357
1906    10.0420839787
1997    10.072961092
1918    10.1115510464
1934    10.1407680511
1935    10.1748270988
1935    10.1989359856
1937    10.2331030369
1935    10.26730299
1928    10.3013589382
1928    10.3393900394
1934    10.3760659695
2011    10.4125380516
1915    10.4515719414
1920    10.4992940426
1986    10.5365381241
1920    10.5633900166
1911    10.5986139774
1893    10.6275689602
1892    10.6705970764
1894    10.7084870338
1900    10.7419369221
1973    10.780246973
1896    10.8285830021
1877    10.8718111515
1892    10.9095780849
1888    10.9428789616
1887    10.9737761021
1960    11.0057859421
1887    11.0365250111
1879    11.0781960487
1888    11.1077251434
1887    11.1420350075
1881    11.18663311
1871    11.2112710476
1871    11.2469220161
1950    11.2797510624
1865    11.3232381344
1874    11.3532340527
1873    11.3881909847
1847    11.4233801365
1844    11.4583990574
1846    11.4880580902
1850    11.5181591511
1838    11.5531411171
1846    11.5831069946
1852    11.6180779934
1850    11.6480369568
1852    11.6829559803
1835    11.7140650749
1829    11.7422220707
1838    11.7753341198
1827    11.8037779331
1908    11.8421061039
1832    11.8835639954
1811    11.9219639301
1811    11.9470510483
1816    11.9819300175
1810    12.0105791092
1816    12.0446829796
1810    12.0718679428
1817    12.1044840813
1812    12.1422550678
1813    12.1747529507
1812    12.2119219303
1811    12.249669075
1806    12.2981469631
1812    12.3415369987
1818    12.3800420761
1820    12.4081909657
1811    12.4403469563
1893    12.47230196
1817    12.5029299259
1811    12.537610054
1829    12.5655109882
1891    12.5991380215
1827    12.6422879696
1827    12.6853489876
1829    12.7303259373
1827    12.7756910324
1830    12.8188259602
1832    12.8574471474
1848    12.9003751278
1855    12.9295101166
1850    12.9635460377
1851    12.9879970551
1842    13.0358431339
1841    13.0788660049
1865    13.1176559925
1864    13.1467621326
1864    13.1745121479
1859    13.2083830833
1862    13.2410490513
1867    13.2783560753
1889    13.3116099834
1883    13.3424551487
1888    13.3734071255
1880    13.4245979786
1894    13.4723939896
1899    13.5098900795
1980    13.5377230644
1894    13.566257
1895    13.5992000103
1920    13.6288020611
1923    13.6634509563
1911    13.6931059361
1910    13.727836132
1908    13.7728641033
1905    13.8100430965
1928    13.8506679535
1923    13.8789129257
2007    13.9171681404
1944    13.9504010677
1943    13.9836659431
1944    14.017357111
1961    14.0451729298
2043    14.0821070671
1957    14.1209211349
1954    14.1490261555
1958    14.1826579571
1968    14.2260611057
1971    14.2694349289
1976    14.307721138
1973    14.3509030342
1989    14.388625145
1990    14.4212300777
2067    14.4651379585
2001    14.5084431171
2012    14.5467340946
2005    14.5843851566
2004    14.6125791073
2029    14.6475160122
2024    14.6793100834
2099    14.7211380005
2025    14.7679650784
2036    14.8047931194
2035    14.8362419605
2108    14.8680529594
2027    14.8987281322
2031    14.9307720661
2019    14.9578039646
2003    14.9912760258
2004    15.0356099606
2012    15.0633630753
1987    15.096200943
1978    15.1369850636
1984    15.1630620956
1959    15.2113649845
1969    15.2487459183
1970    15.2792260647
1956    15.3140199184
1950    15.3435659409
1950    15.3731110096
1951    15.4127390385
1941    15.4525089264
1966    15.4771931171
1967    15.5118629932
1955    15.5417001247
1958    15.5814170837
1963    15.6262490749
1966    15.6660211086
1965    15.7042131424
1964    15.7403919697
1957    15.7759399414
1966    15.8135180473
1958    15.8454771042
1958    15.8741569519
1959    15.913187027
1955    15.9554240704
1959    15.9935050011
2039    16.0353689194
1963    16.0684580803
1959    16.1010861397
1963    16.1386301517
1970    16.1693069935
1958    16.2000610828
1966    16.2313780785
1959    16.2595059872
1959    16.2963249683
1956    16.3392031193
1959    16.3670229912
1963    16.4000689983
1959    16.4281039238
1957    16.4612109661
1964    16.4892239571
2038    16.5226631165
1961    16.551322937
1960    16.6051650047
1974    16.6477229595
1958    16.6860439777
1956    16.7191839218
1957    16.7513320446
1984    16.7835459709
1980    16.8146140575
1975    16.8435270786
1973    16.8769209385
2054    16.9050779343
1984    16.9411101341
1978    16.9796380997
1961    17.0171949863
1967    17.0489330292
1981    17.0805020332
1975    17.1347060204
1977    17.1737921238
1984    17.1993401051
1980    17.231290102
2063    17.2620120049
1982    17.3013291359
1976    17.3390130997
1980    17.365721941
1976    17.3936131001
1979    17.4293150902
1982    17.4747779369
1980    17.5133330822
1976    17.5444800854
1972    17.5767009258
1969    17.613959074
1975    17.6469569206
1974    17.6800460815
1989    17.7132101059
