1948    0.0380349159241
1947    0.0994341373444
1947    0.13214802742
1946    0.13766002655
1954    0.172753095627
0    0.20519900322
1958    0.218673944473
1968    0.247020959854
1953    0.271989107132
1960    0.291783094406
1965    0.311830997467
1972    0.336293935776
1982    0.353981971741
1973    0.388262987137
1984    0.39640712738
1972    0.424468040466
0    0.457282066345
1987    0.462688922882
1988    0.49881696701
0    0.532287120819
2065    0.539546012878
1991    0.580881118774
2092    0.617631912231
2006    0.649462938309
2089    0.681236982346
2100    0.713036060333
2030    0.744772911072
2031    0.776528120041
2019    0.811924934387
2043    0.85046505928
2043    0.886496067047
2033    0.929734945297
2046    0.978157997131
2063    1.01410794258
2062    1.04062509537
2052    1.07367801666
2055    1.10775709152
2054    1.13533091545
2074    1.17779612541
2152    1.21075892448
2069    1.23914313316
2149    1.27561092377
2154    1.30885791779
2070    1.33711004257
2085    1.36536192894
2072    1.39890313148
2073    1.44428801537
2061    1.48029494286
2042    1.51408410072
2032    1.55290293694
2020    1.58664107323
2006    1.61032700539
1981    1.64922213554
1942    1.68615412712
1909    1.72928309441
1844    1.76407814026
1793    1.80389904976
1817    1.83389091492
1755    1.86387205124
1592    1.89877510071
1593    1.94078803062
1387    1.97926402092
1250    2.01833510399
1205    2.07154202461
1023    2.10328412056
972    2.14019799232
964    2.17136597633
1023    2.20227813721
1023    2.23473405838
1084    2.27610993385
1129    2.30695414543
1176    2.35284996033
1228    2.39626693726
1260    2.43962192535
1315    2.46653699875
1401    2.49951601028
1360    2.52753591537
1401    2.56050801277
1413    2.59846806526
1429    2.63651299477
1446    2.66950798035
1449    2.69293403625
1443    2.72889614105
1455    2.77169704437
1476    2.80993008614
1492    2.83930802345
1495    2.87120914459
1512    2.89894604683
1507    2.9349629879
1507    2.96548509598
1602    2.99513697624
1528    3.02978897095
1547    3.06445002556
1549    3.09025096893
1541    3.12225294113
1557    3.16551303864
1636    3.20228910446
1554    3.23979902267
1638    3.26723408699
1556    3.31498003006
1563    3.35080003738
1572    3.37795591354
1649    3.41129398346
1653    3.43949508667
1576    3.47482609749
1567    3.51277303696
1574    3.54009604454
1571    3.57290196419
1572    3.61582708359
1603    3.64891600609
1651    3.68719911575
1595    3.7147629261
1598    3.7482790947
1587    3.78075194359
1590    3.80870008469
1587    3.84145903587
1597    3.87899208069
1603    3.91140413284
1602    3.94914412498
1608    3.98573613167
1610    4.01318693161
1610    4.04573202133
1607    4.07317399979
1605    4.10701107979
1609    4.14066195488
1626    4.16862797737
1620    4.20119404793
1620    4.2493751049
1625    4.29217195511
1630    4.32713103294
1703    4.36078095436
1622    4.39144396782
1633    4.42476701736
1638    4.46343994141
1642    4.49763703346
1645    4.53005099297
1722    4.56245207787
1640    4.599848032
1641    4.63293814659
1655    4.67122793198
1654    4.71426391602
1656    4.75723099709
1657    4.784719944
1655    4.8172109127
1656    4.84464693069
1663    4.87758994102
1670    4.91997313499
1677    4.96343708038
1670    5.00685691833
1754    5.03741312027
1676    5.06792712212
1695    5.0984609127
1692    5.12920713425
1690    5.16115093231
1679    5.19296193123
1691    5.22561812401
1686    5.26822900772
1686    5.31181406975
1703    5.3439719677
1708    5.38069796562
1706    5.41288208961
1702    5.45587897301
1706    5.48894810677
1705    5.52038097382
1701    5.55130004883
1724    5.58203792572
1717    5.613270998
1717    5.66037011147
1716    5.69851493835
1725    5.73952198029
1718    5.76631712914
1734    5.80979895592
1734    5.85210108757
1810    5.89196300507
1741    5.9218621254
1734    5.95672607422
1751    5.98429298401
1749    6.01787805557
1757    6.0469250679
1746    6.08106303215
1750    6.13181304932
1766    6.1702709198
1761    6.19754099846
1764    6.23281311989
1766    6.27113699913
1766    6.3021569252
1785    6.33303403854
1784    6.36480307579
1781    6.40870094299
1797    6.4517121315
1799    6.4799220562
1804    6.52097296715
1798    6.55924701691
1803    6.58935809135
1796    6.61943292618
1812    6.6476290226
1811    6.68336105347
1820    6.71415114403
1818    6.74501895905
1894    6.77302098274
1916    6.81141805649
1828    6.85463309288
1836    6.88456296921
1910    6.91632914543
1855    6.95059394836
1848    6.99311304092
1927    7.03032398224
1848    7.0621111393
1847    7.10572004318
1848    7.15083003044
1858    7.18391299248
1945    7.21736812592
1874    7.2609500885
1868    7.29943704605
1865    7.33709597588
1890    7.37397694588
1883    7.41490507126
1890    7.43993902206
1881    7.47322392464
1969    7.50491094589
1888    7.54076099396
1887    7.57739496231
1883    7.61442303658
1879    7.65915608406
1867    7.68381309509
1875    7.71886110306
1848    7.75756192207
1847    7.78585505486
1850    7.82153010368
1836    7.85489606857
1811    7.88327813148
1799    7.91676998138
1784    7.94520902634
1782    7.98350310326
1749    8.02165412903
1715    8.0549030304
1704    8.08307695389
1671    8.11122202873
1642    8.14447593689
1640    8.17769098282
1616    8.21086597443
1603    8.2391140461
1590    8.27232599258
1591    8.30058097839
1576    8.32877206802
1578    8.35694003105
1655    8.39018511772
1582    8.44028306007
1605    8.4775800705
1689    8.50491309166
1623    8.53803801537
1632    8.58141803741
1720    8.6080930233
1657    8.65355014801
1674    8.68127799034
1669    8.72231292725
1679    8.74691104889
1686    8.78153896332
1690    8.811013937
1686    8.84581804276
1698    8.89058804512
1695    8.92892408371
1700    8.96672010422
1695    9.00035595894
1713    9.03866314888
1717    9.08234405518
1718    9.11298513412
1714    9.16784691811
1724    9.19339895248
1728    9.22595906258
1743    9.26530504227
1737    9.30330491066
1743    9.32991409302
1739    9.36187911034
1733    9.39357113838
1732    9.42567610741
1739    9.4936170578
1751    9.53095507622
1751    9.56320309639
1750    9.5905880928
1750    9.62314105034
1749    9.65323996544
1760    9.68833899498
1754    9.71219706535
1749    9.748265028
1755    9.77782797813
1743    9.80778312683
1750    9.85603404045
1750    9.89302897453
1747    9.9210729599
1832    9.95649504662
1752    9.98422908783
1756    10.0148720741
1756    10.0541899204
1752    10.0896389484
1747    10.1170380116
1753    10.1543860435
1828    10.1917641163
1753    10.2291259766
1752    10.2613971233
1744    10.2891139984
1749    10.3169250488
1756    10.3501679897
1751    10.3861749172
1753    10.4140179157
1837    10.4495999813
1751    10.484028101
1751    10.5165810585
1751    10.5537610054
1749    10.580960989
1745    10.6133060455
1753    10.6461751461
1752    10.6846599579
1754    10.7212519646
1836    10.7578310966
1772    10.7950510979
1760    10.8295149803
1765    10.866065979
1852    10.9087901115
1772    10.9359209538
1764    10.9689850807
1766    11.0124731064
1766    11.0557551384
1765    11.0973551273
1768    11.1209890842
1792    11.1548259258
1785    11.182765007
1776    11.2166121006
1788    11.2553219795
1777    11.2945439816
1867    11.3226571083
1782    11.3544390202
1804    11.3862829208
1876    11.4295010567
1796    11.4718260765
1879    11.4991819859
1880    11.541588068
1816    11.5743899345
1823    11.601719141
1892    11.6358850002
1809    11.6792030334
1809    11.7175951004
1816    11.7507450581
1811    11.7924969196
1829    11.8308410645
1836    11.8688299656
1830    11.8956549168
1829    11.9277169704
1851    11.9595201015
1847    12.0033650398
1845    12.0527980328
1842    12.0956530571
1859    12.135324955
1862    12.1658809185
1863    12.2065601349
1885    12.2371721268
1880    12.2677779198
1890    12.2980720997
1879    12.3322861195
1886    12.3754479885
1893    12.4024300575
1904    12.4441859722
1980    12.4808931351
1904    12.523827076
1996    12.5535421371
1912    12.5834801197
1912    12.6167910099
1930    12.6599469185
1920    12.7001719475
1931    12.7313849926
1937    12.7639019489
1929    12.807254076
1946    12.8497300148
1945    12.8791050911
1943    12.9220700264
1961    12.9488749504
1958    12.9868059158
2044    13.0102679729
1981    13.0486960411
1979    13.0770680904
1979    13.1055929661
1973    13.1421151161
1991    13.1737189293
1991    13.216586113
2013    13.2415969372
2010    13.2786619663
2013    13.3052101135
2015    13.3372919559
2027    13.3697800636
2020    13.3971860409
2028    13.435737133
2036    13.4735629559
2052    13.5109879971
2062    13.5484580994
2071    13.5810041428
2073    13.6084349155
2070    13.6409189701
2164    13.6733999252
2079    13.7008979321
2104    13.7333920002
2107    13.7757780552
2108    13.8031821251
2103    13.8355350494
2105    13.8793680668
2126    13.9185090065
2128    13.9426119328
2142    13.9817011356
2144    14.0061600208
2133    14.0386960506
2152    14.0719540119
2145    14.1070449352
2133    14.1533470154
2134    14.1845541
2118    14.2278411388
2199    14.2709031105
2104    14.3144490719
2096    14.3527441025
2133    14.3957259655
2042    14.4244949818
2038    14.4581980705
2020    14.486274004
2012    14.5203800201
1997    14.5636849403
1986    14.6017670631
1995    14.6315579414
2012    14.6716530323
2012    14.6985249519
2015    14.7303109169
2005    14.7623181343
1989    14.7929811478
2067    14.8237419128
2072    14.8568849564
1993    14.8951780796
1969    14.9417510033
1975    14.9691560268
1977    15.0018761158
1981    15.0397150517
1962    15.0879471302
1956    15.1250500679
1969    15.1518280506
1959    15.185434103
1958    15.2217741013
1947    15.2584450245
1948    15.2899980545
1940    15.3229150772
1950    15.3712561131
1940    15.4046680927
2015    15.4419779778
1934    15.4741849899
1936    15.5057151318
1937    15.5397889614
1933    15.5658559799
1921    15.5973370075
1916    15.6279439926
1920    15.658618927
1920    15.689414978
1908    15.7212700844
1920    15.7570390701
1901    15.7928180695
1894    15.8308050632
1985    15.8615391254
1887    15.8938660622
1890    15.9238650799
1882    15.9522709846
1888    15.9924080372
1881    16.0256140232
1871    16.0628340244
1953    16.0985989571
1869    16.1443250179
1867    16.180480957
1865    16.2109730244
1866    16.2445011139
1864    16.2878050804
1866    16.348747015
1866    16.3819379807
1864    16.3897259235
1865    16.4225299358
0    16.4627540112
1858    16.4722080231
1867    16.5153801441
0    16.5567760468
1867    16.5650389194
1944    16.6016421318
0    16.6366291046
1865    16.6413240433
1868    16.6711289883
0    16.7085130215
1890    16.7107229233
1883    16.7377169132
0    16.7750899792
1880    16.8124830723
1883    16.8198270798
1874    16.840405941
0    16.8758881092
1883    16.8833730221
1960    16.9171130657
0    16.9473121166
1887    16.94947505
1957    16.9766790867
0    17.0240440369
1880    17.0261900425
1876    17.0532550812
0    17.0804460049
1897    17.0926370621
1890    17.1097409725
0    17.1472301483
1904    17.154389143
1893    17.1863770485
0    17.2387919426
1900    17.2425470352
