1899    0.0332419872284
1897    0.0766618251801
1905    0.104177951813
1901    0.137611865997
1920    0.172304868698
1916    0.210494995117
1911    0.253852844238
1910    0.295949935913
1931    0.321157932281
1933    0.35323882103
1926    0.396678924561
1944    0.438515901566
1944    0.465564966202
1951    0.497788906097
1961    0.531302928925
1951    0.57458281517
1969    0.616098880768
1976    0.658872842789
1985    0.692868947983
1984    0.718151807785
1989    0.750391960144
2063    0.778874874115
2016    0.812814950943
2013    0.846176862717
2013    0.88917183876
2031    0.925041913986
2027    0.962949991226
2047    0.99560379982
2037    1.03927302361
2037    1.06703782082
2058    1.09983897209
2053    1.12753295898
2054    1.16507482529
2059    1.20300793648
2076    1.23827695847
2081    1.26412391663
2072    1.30972385406
2071    1.33776879311
2071    1.3809928894
2077    1.41661882401
2073    1.44728589058
2075    1.48302984238
2074    1.51895785332
2060    1.54994797707
2054    1.58261084557
2032    1.62576079369
2019    1.66924881935
1998    1.70282387733
1984    1.74000382423
1975    1.78308296204
1943    1.81128978729
1944    1.84957790375
1914    1.87281894684
1870    1.90647697449
1814    1.93465089798
1842    1.98303699493
1740    2.00993680954
1676    2.04319000244
1704    2.08973193169
1539    2.12734794617
1444    2.16840291023
1309    2.20694684982
1194    2.24534988403
1095    2.28274679184
1023    2.31860399246
1023    2.35359287262
1066    2.3805668354
1063    2.41394996643
1169    2.45703482628
1147    2.50051999092
1261    2.54300999641
1294    2.5819208622
1328    2.60983181
1320    2.6473968029
1362    2.68599200249
1395    2.71380901337
1408    2.75431489944
1442    2.78949093819
1457    2.82335281372
1481    2.85037899017
1483    2.88645601273
1491    2.92868280411
1536    2.95448493958
1526    2.98605799675
1529    3.02448797226
1619    3.06268787384
1556    3.10496687889
1560    3.13575387001
1563    3.16148591042
1576    3.19463086128
1574    3.22266793251
1567    3.2605907917
1585    3.29374289513
1590    3.33375096321
1590    3.37842798233
1589    3.41294693947
1590    3.4384188652
1688    3.47146701813
1610    3.50224900246
1612    3.53324794769
1606    3.5768198967
1606    3.61482691765
1609    3.65686488152
1606    3.68470597267
1603    3.72745585442
1614    3.75080180168
1603    3.78952693939
1607    3.84133982658
1606    3.88893890381
1610    3.92720079422
1609    3.96576285362
1613    3.99650001526
1606    4.03980493546
1607    4.07740497589
1610    4.112885952
1626    4.15206098557
1626    4.19612884521
1627    4.22015285492
1622    4.25909686089
1629    4.28336596489
1617    4.32203102112
1638    4.3603489399
1632    4.38872385025
1644    4.42565798759
1641    4.46401786804
1639    4.49215984344
1645    4.52750492096
1633    4.56565690041
1661    4.59852099419
1657    4.63435792923
1662    4.66645598412
1663    4.7012398243
1661    4.72752094269
1656    4.75901484489
1654    4.790817976
1648    4.82253289223
1663    4.86601686478
1669    4.91895890236
1675    4.95274496078
1676    4.98857188225
1670    5.02892684937
1670    5.06700801849
1685    5.09927201271
1682    5.14273786545
1685    5.1857779026
1683    5.22373485565
1760    5.25462985039
1678    5.28673887253
1780    5.31810593605
1712    5.34900784492
1695    5.39119696617
1705    5.42823600769
1704    5.4714858532
1721    5.50474786758
1716    5.54806399345
1725    5.57356500626
1718    5.6067738533
1718    5.63524198532
1717    5.67358279228
1713    5.70832681656
1734    5.73673582077
1737    5.77941584587
1742    5.80745196342
1732    5.8408908844
1732    5.8693048954
1732    5.90101885796
1755    5.93664693832
1752    5.97742295265
1759    6.00312900543
1751    6.03907680511
1750    6.0678088665
1749    6.10162401199
1766    6.1402888298
1767    6.16889882088
1769    6.20261502266
1768    6.23637795448
1766    6.27013492584
1858    6.30379986763
1787    6.33757686615
1782    6.37133193016
1781    6.40023994446
1807    6.43396091461
1798    6.47273397446
1798    6.5014128685
1802    6.53502678871
1800    6.56920695305
1797    6.60699081421
1795    6.63926792145
1797    6.66664385796
1796    6.69892096519
1816    6.73162078857
1819    6.76493787766
1820    6.78833079338
1816    6.82675790787
1829    6.87025880814
1823    6.89865398407
1837    6.92456293106
1826    6.95703697205
1906    6.99041390419
1843    7.02878379822
1851    7.05994582176
1853    7.09073591232
1847    7.12416386604
1838    7.15764498711
1866    7.19658780098
1862    7.23993086815
1868    7.27606201172
1866    7.30395078659
1888    7.34228587151
1880    7.36592483521
1891    7.4000658989
1889    7.43486499786
1882    7.4686589241
1881    7.49249982834
1902    7.5315849781
1904    7.56982183456
1898    7.61606001854
1896    7.65421891212
1897    7.69093990326
1909    7.73079586029
1920    7.75547289848
1914    7.79325485229
1987    7.82138681412
1913    7.85394001007
1912    7.88558602333
1897    7.9285299778
1902    7.95521688461
1881    7.99373984337
1884    8.04188895226
1864    8.07406592369
1841    8.10582900047
1907    8.13842797279
1813    8.16886496544
1888    8.20157790184
1792    8.24481701851
1775    8.27068591118
1733    8.30453896523
1763    8.33578395844
1663    8.37002682686
1658    8.40814399719
1630    8.4404528141
1609    8.49417185783
1608    8.53118491173
1606    8.56474280357
1606    8.60827898979
1605    8.64656090736
1681    8.68989300728
1707    8.71738886833
1623    8.74961495399
1642    8.77743887901
1645    8.80841088295
1654    8.84155488014
1733    8.88402700424
1676    8.90961098671
1754    8.96022391319
1690    8.99680089951
1681    9.02873182297
1708    9.06059288979
1703    9.10362482071
1710    9.14166498184
1714    9.17418289185
1720    9.20557785034
1719    9.25290989876
1738    9.27529096603
1735    9.29757499695
1734    9.32531785965
1737    9.36309289932
1743    9.39730286598
1814    9.42814993858
1741    9.45475101471
1740    9.49115681648
1747    9.52907180786
1742    9.57227897644
1741    9.60800790787
1755    9.63285779953
1758    9.66296100616
1754    9.7021780014
1748    9.73113298416
1746    9.76340484619
1750    9.79587388039
1771    9.82200193405
1773    9.85641384125
1844    9.89053893089
1772    9.92714500427
1765    9.95881485939
1763    10.0021708012
1766    10.0454699993
1765    10.0854208469
1766    10.1202738285
1766    10.1583428383
1766    10.1863539219
1766    10.2143750191
1773    10.2523908615
1769    10.2803390026
1847    10.3132879734
1765    10.3416848183
1758    10.3883039951
1760    10.4156038761
1773    10.447565794
1753    10.4851408005
1752    10.5179219246
1756    10.5539488792
1750    10.5814988613
1749    10.6163218021
1752    10.6512408257
1752    10.6899449825
1747    10.7172288895
1752    10.7548639774
1758    10.7958738804
1750    10.8336999416
1769    10.861084938
1764    10.8984179497
1765    10.9258430004
1765    10.9582109451
1769    10.990721941
1771    11.0160980225
1765    11.0521240234
1766    11.0952978134
1769    11.1402919292
1776    11.1803228855
1792    11.2059628963
1781    11.2466228008
1787    11.2835299969
1861    11.3160200119
1787    11.3468358517
1781    11.3784749508
1788    11.4090619087
1785    11.4407188892
1783    11.4730780125
1778    11.5003118515
1873    11.5476608276
1793    11.5700409412
1797    11.6028409004
1806    11.6359298229
1793    11.6695148945
1797    11.7079269886
1805    11.7398488522
1818    11.7710938454
1820    11.806994915
1889    11.8439629078
1814    11.8721289635
1816    11.9070959091
1822    11.9344038963
1812    11.9628939629
1826    12.0011649132
1828    12.0388538837
1830    12.0718438625
1828    12.0985050201
1839    12.1311190128
1831    12.1594228745
1846    12.1946408749
1843    12.2282378674
1846    12.2669157982
1872    12.2960858345
1875    12.3276100159
1859    12.3588337898
1874    12.3879117966
1872    12.421309948
1881    12.4534509182
1886    12.4876890182
1889    12.5260648727
1883    12.5584919453
1886    12.5965089798
1979    12.6281719208
1896    12.6586618423
1896    12.6973619461
1899    12.7361578941
1918    12.7604718208
1922    12.8011908531
1917    12.8370289803
1924    12.8804659843
1926    12.922880888
2005    12.9648919106
1943    13.0027859211
1949    13.0456318855
1957    13.0784738064
1959    13.1165208817
1959    13.1590249538
1973    13.2018268108
1977    13.2399189472
1997    13.2707159519
1998    13.3012108803
1990    13.33396101
2008    13.3714189529
2032    13.4043087959
2020    13.4394919872
2026    13.4779989719
2017    13.5100259781
2034    13.5437788963
2035    13.5725958347
2061    13.6070618629
2056    13.6456480026
2058    13.6787619591
2064    13.7058098316
2082    13.748390913
2147    13.7867050171
2078    13.8151698112
2159    13.8483119011
2104    13.879076004
2111    13.9123928547
2107    13.9561038017
2106    13.9996538162
2111    14.0380678177
2130    14.0773208141
2133    14.1178958416
2213    14.1506478786
2139    14.1819908619
2137    14.216067791
2143    14.2453579903
2127    14.2780919075
2203    14.3103268147
2111    14.3562858105
2100    14.3929378986
2087    14.4248178005
2048    14.4673697948
2039    14.4949669838
2013    14.5284478664
1977    14.572314024
1968    14.5995159149
1966    14.6312799454
1935    14.659307003
1924    14.6960120201
2003    14.7377829552
1998    14.76420784
1910    14.7958159447
1921    14.8326849937
1921    14.8794000149
1906    14.9227108955
1911    14.9705469608
1917    15.0048909187
1910    15.0423879623
1989    15.0857179165
1905    15.1288459301
1920    15.1551837921
1912    15.1835420132
1907    15.2205379009
1899    15.26303792
1903    15.2990269661
1906    15.3340268135
1892    15.3874650002
1896    15.4148178101
1906    15.4484329224
1982    15.48097682
1894    15.5239830017
1969    15.5659220219
1889    15.608579874
1884    15.6468129158
1877    15.6904017925
1881    15.7185928822
1884    15.7500188351
1960    15.7805299759
1876    15.8135960102
1880    15.856967926
1864    15.9002737999
1860    15.9384429455
1871    15.9687719345
1863    16.0122299194
1850    16.0503139496
1847    16.0908849239
1847    16.1189649105
1840    16.1516098976
1846    16.1922769547
1844    16.2280960083
1838    16.253374815
1836    16.2881109715
1835    16.3130068779
1822    16.3529179096
1829    16.3895759583
1915    16.4310519695
1829    16.4695868492
1910    16.5131897926
1827    16.5506639481
1833    16.5798809528
1831    16.6190288067
1829    16.6686079502
1836    16.6967458725
1829    16.7295119762
1844    16.7731149197
1844    16.8164689541
1922    16.8548338413
1851    16.887928009
1846    16.915899992
1848    16.9592609406
1841    17.0020289421
1842    17.0398387909
1844    17.0782849789
1844    17.1162588596
1843    17.1504659653
1847    17.1827628613
1860    17.2154819965
1870    17.2422678471
1864    17.2785549164
1871    17.3072299957
1869    17.3348419666
1861    17.3674118519
1937    17.3950819969
1880    17.4225049019
1880    17.4598917961
1884    17.4872729778
1885    17.5187699795
1886    17.5503599644
1880    17.5782139301
1879    17.6162559986
1891    17.6420099735
1880    17.6739759445
1888    17.7020468712
1893    17.7426879406
1981    17.7696449757
1976    17.7979409695
1893    17.8347558975
