1307    0.0283620357513
1310    0.0617141723633
1308    0.0945241451263
1326    0.138137102127
1325    0.186000108719
1330    0.218919038773
1358    0.252238988876
1331    0.290564060211
1348    0.338611125946
1342    0.371361017227
1351    0.405738115311
1368    0.438732147217
1364    0.467128992081
1366    0.50318312645
1362    0.541661977768
1362    0.570065975189
1377    0.607903003693
1377    0.649957180023
1377    0.693305015564
1363    0.731620073318
1395    0.75998711586
1395    0.798293113708
1471    0.836362123489
1399    0.869479179382
1474    0.908179044724
1400    0.939460039139
1402    0.971237182617
1475    1.01345610619
1413    1.05658102036
1414    1.09466910362
1417    1.12591218948
1411    1.15850400925
1409    1.18716406822
1496    1.22331213951
1426    1.24932217598
1408    1.2923810482
1429    1.32013106346
1435    1.35350608826
1427    1.38176703453
1410    1.41671419144
1420    1.45556116104
1439    1.48357009888
1446    1.51832818985
1450    1.55297899246
1445    1.60132217407
1457    1.64487600327
1439    1.68788409233
1446    1.71571516991
1445    1.75293517113
1445    1.79004812241
1433    1.81739020348
1506    1.84919714928
1447    1.88184714317
1449    1.92861604691
1443    1.96545505524
1433    1.9971101284
1431    2.03207802773
1460    2.07057714462
1446    2.09829211235
1467    2.14596509933
1427    2.18272399902
1433    2.21535515785
1429    2.24587106705
1429    2.29112410545
1402    2.31704616547
1394    2.35015296936
1395    2.37801909447
1362    2.41608214378
1326    2.45453000069
1388    2.49248218536
1263    2.5289721489
1243    2.56240010262
1191    2.60037302971
1151    2.63765311241
1101    2.67252397537
1023    2.71008419991
1023    2.73833799362
991    2.77207803726
1005    2.80755519867
909    2.84324097633
911    2.86909413338
855    2.90987110138
880    2.94567918777
897    2.97147512436
973    3.00750899315
844    3.03818011284
839    3.06822609901
909    3.10344004631
913    3.13330006599
940    3.19866609573
942    3.22215104103
1010    3.25676202774
1023    3.29505705833
999    3.32688212395
988    3.36536598206
991    3.39876818657
941    3.43216204643
959    3.46052217484
958    3.49893403053
938    3.52730417252
927    3.56073904037
913    3.59906601906
909    3.62737607956
925    3.66071915627
926    3.69411611557
926    3.71759009361
910    3.7410171032
910    3.77946209908
945    3.81792712212
911    3.84134912491
888    3.8848490715
893    3.91327118874
931    3.9467279911
931    3.97707915306
921    4.02034020424
910    4.06342220306
914    4.0875711441
986    4.12028503418
936    4.16346096992
906    4.1918900013
1008    4.22884702682
1005    4.27123212814
990    4.3126680851
923    4.35479617119
892    4.39328098297
923    4.43178009987
940    4.45996117592
943    4.49623799324
927    4.52402806282
944    4.55605196953
1021    4.58458018303
942    4.62341403961
959    4.66162514687
972    4.70515108109
974    4.75341701508
978    4.79085302353
995    4.82936120033
1012    4.86759614944
1013    4.89960718155
1091    4.93298006058
1072    4.96370220184
1087    5.00692105293
1009    5.05505800247
1023    5.09049320221
1023    5.12457418442
1101    5.15709900856
1023    5.19620513916
1060    5.23440313339
1063    5.26831817627
1023    5.29706120491
1060    5.32894897461
1080    5.35721302032
1076    5.39689016342
1080    5.42305898666
1071    5.46565008163
1076    5.50863409042
1084    5.53858017921
1095    5.57851600647
1084    5.60858201981
1090    5.64161920547
1102    5.67536020279
1100    5.69909310341
1096    5.73775410652
1115    5.77684116364
1095    5.81489610672
1098    5.85246610641
1112    5.89023113251
1127    5.93944406509
1128    5.9768140316
1130    6.00350999832
1127    6.04068398476
1229    6.07746720314
1148    6.10821604729
1151    6.13896799088
1144    6.17472910881
1148    6.20540308952
1144    6.23820209503
1223    6.27612614632
1161    6.31360316277
1175    6.35175418854
1182    6.38254499435
1174    6.41514706612
1167    6.44742918015
1179    6.49072599411
1163    6.52912402153
1180    6.55752205849
1176    6.59582209587
1193    6.63296413422
1197    6.66248607635
1182    6.70030808449
1206    6.73796606064
1194    6.77057504654
1195    6.79838514328
1214    6.83090400696
1279    6.863489151
1198    6.89390015602
1257    6.93705415726
1190    6.97560811043
1193    7.01896619797
1197    7.04445719719
1279    7.09286117554
1189    7.1311211586
1209    7.17401814461
1210    7.21712613106
1211    7.26526713371
1213    7.29534220695
1213    7.33545517921
1196    7.37294602394
1213    7.40118002892
1212    7.44127607346
1193    7.47638916969
1197    7.51197600365
1181    7.5420050621
1183    7.57195806503
1161    7.60528302193
1166    7.63233017921
1177    7.66581296921
1270    7.69928503036
1177    7.74138307571
1180    7.76831007004
1194    7.80009198189
1181    7.84687399864
1182    7.88945603371
1165    7.9237279892
1144    7.95693802834
1272    8.00034213066
1178    8.04330515862
1224    8.07350301743
1136    8.10546898842
1163    8.14319515228
1151    8.17615318298
1142    8.20416617393
1207    8.23708105087
1106    8.27507209778
1112    8.31308412552
1095    8.34102511406
1098    8.37902903557
1079    8.40741109848
1077    8.43923306465
1076    8.47108411789
1023    8.5018260479
1012    8.53252506256
1017    8.56318616867
1010    8.59899306297
1023    8.63948106766
1013    8.66494703293
996    8.69827413559
993    8.73673200607
942    8.78515505791
1023    8.81854319572
923    8.85189819336
886    8.88034009933
893    8.91915202141
896    8.95760607719
877    8.98112416267
871    9.0147061348
984    9.04322004318
924    9.07679700851
897    9.11522102356
914    9.14369297028
908    9.18215107918
961    9.2170290947
962    9.24870109558
996    9.2852370739
1007    9.31770610809
1023    9.35084199905
1096    9.37856817245
1080    9.41544103622
1079    9.45836806297
1079    9.48615002632
1151    9.51886606216
1164    9.5484931469
1072    9.58424401283
1129    9.62729001045
1112    9.66293406487
1149    9.69884204865
1123    9.74211215973
1128    9.77901697159
1145    9.83710598946
1145    9.87018704414
1112    9.87304902077
1149    9.8958799839
0    9.9391272068
1174    9.94202017784
1111    9.97483205795
0    10.0080320835
1100    10.0109519958
1087    10.0437400341
0    10.0702869892
1060    10.0764210224
1063    10.1077160835
0    10.1454679966
1063    10.1476511955
1132    10.1752481461
1075    10.208823204
1065    10.2394831181
1065    10.2702310085
1078    10.3075890541
1136    10.3458781242
1066    10.3733620644
1054    10.4151451588
1023    10.441368103
1023    10.4780809879
1076    10.5050561428
1055    10.5371689796
1138    10.5907161236
1060    10.6329910755
1073    10.6718761921
1078    10.7202579975
1074    10.7533130646
1081    10.7881782055
1078    10.8268151283
1151    10.8549530506
1073    10.8986489773
1173    10.9416840076
1076    10.9787991047
1078    11.0121340752
1111    11.0439231396
1097    11.0788571835
1177    11.1171090603
1209    11.1500210762
1113    11.1838471889
1115    11.2080090046
1112    11.2468731403
1203    11.28520298
1131    11.3159291744
1133    11.346255064
1190    11.3888289928
1129    11.4321529865
1141    11.4682841301
1128    11.5018930435
1164    11.5344491005
1163    11.5623190403
1159    11.5953950882
1151    11.6234900951
1159    11.6622231007
1148    11.6990141869
1177    11.7401490211
1178    11.7734701633
1164    11.8155500889
1183    11.8475840092
1183    11.8736341
1182    11.9052801132
1179    11.9412181377
1165    11.9719631672
1194    12.0002391338
1177    12.048636198
1215    12.0768470764
1233    12.1075391769
1222    12.1384320259
1209    12.1662740707
1279    12.1992089748
1228    12.2310621738
1233    12.2678279877
1245    12.3109409809
1263    12.3379631042
1259    12.3712801933
1226    12.3997371197
1260    12.4318611622
1254    12.4648220539
1263    12.503426075
1279    12.5519630909
1276    12.5942101479
1297    12.6289441586
1261    12.6717011929
1279    12.7045061588
1296    12.736921072
1295    12.7642521858
1279    12.802036047
1311    12.8284549713
1305    12.8659160137
1297    12.8983252048
1279    12.9361391068
1321    12.9741389751
1310    13.0068039894
1315    13.0446841717
1334    13.0745961666
1324    13.1051721573
1329    13.1525380611
1348    13.1904401779
1343    13.2258770466
1325    13.2582771778
1348    13.2807741165
1364    13.3131871223
1381    13.3458020687
1381    13.3781599998
1384    13.4143509865
1359    13.450345993
1396    13.4823989868
1399    13.514108181
1379    13.5465710163
1495    13.5839121342
1392    13.6213161945
1414    13.6586940289
1412    13.6910340786
1411    13.7234210968
1443    13.7608060837
1424    13.7882111073
1424    13.8203570843
1443    13.850769043
1435    13.8854691982
1429    13.921184063
1445    13.9568281174
1448    13.9875311852
1448    14.0183131695
1477    14.0493330956
1432    14.0820701122
1430    14.1246550083
1457    14.1526100636
1457    14.1857690811
1522    14.2166349888
1428    14.2597160339
1444    14.2856090069
1428    14.3179681301
1435    14.3542900085
1428    14.4023721218
1411    14.4410481453
1389    14.4795370102
1395    14.5168499947
1400    14.5423781872
1395    14.5769250393
1380    14.6051571369
1458    14.6418859959
1379    14.6677742004
1372    14.7047410011
1472    14.7423171997
1362    14.7708101273
1358    14.8030390739
1349    14.833892107
1306    14.8646900654
1308    14.8954651356
1317    14.9260940552
1309    14.9625270367
1316    15.0045821667
1316    15.0429050922
1278    15.0847370625
1250    15.1143231392
1248    15.1540169716
1244    15.1780421734
1244    15.2170951366
1192    15.255657196
1213    15.2878961563
1226    15.3315951824
1193    15.3738191128
1228    15.4174771309
1243    15.4558250904
1243    15.493543148
1275    15.524474144
1295    15.5654780865
1308    15.5887331963
1279    15.6228311062
1333    15.657282114
1309    15.7107300758
1326    15.7569260597
1279    15.8002841473
1368    15.826706171
1276    15.8598210812
1262    15.8879601955
1255    15.9214141369
1276    15.953384161
1279    15.9964680672
1208    16.0433402061
1227    16.079693079
1199    16.1144080162
1177    16.1408901215
1160    16.1739552021
1240    16.2177751064
1164    16.2606852055
1176    16.2988340855
1257    16.3306720257
1158    16.3621530533
1183    16.3991980553
1176    16.4372420311
1201    16.4638750553
1198    16.4995110035
1272    16.5273990631
1175    16.5664601326
1179    16.6043331623
1180    16.6322550774
1177    16.6733300686
1177    16.7111911774
1215    16.73528409
1212    16.7699451447
1193    16.7976820469
1205    16.8331611156
1188    16.860820055
1197    16.8985590935
1230    16.9267029762
1224    16.9638340473
1208    16.9987151623
1214    17.0306329727
1209    17.0739300251
1225    17.1122171879
1210    17.1448261738
1309    17.1820471287
1339    17.2139630318
1246    17.2538909912
1222    17.2789051533
1246    17.3127110004
1242    17.3433411121
1263    17.376543045
1262    17.4047291279
1334    17.4529070854
1336    17.4885511398
1355    17.5204911232
1355    17.5488049984
1295    17.585627079
1297    17.6206870079
1279    17.6506130695
1279    17.6878640652
