2144    0.0273630619049
2147    0.0601279735565
2147    0.103674888611
2246    0.130729913712
2171    0.162322044373
2175    0.193680047989
2166    0.222092866898
2241    0.264496088028
2188    0.301614999771
2179    0.33989405632
2266    0.37008690834
2194    0.398166894913
2199    0.461268901825
2204    0.502848863602
2228    0.541028022766
2236    0.567754983902
2220    0.602927923203
2238    0.640948057175
2264    0.677735090256
2260    0.702032089233
2272    0.734893083572
2277    0.768271923065
2359    0.801689863205
2367    0.840216875076
2288    0.873739957809
2363    0.907212972641
2285    0.945616006851
2288    0.969121932983
2297    1.00785398483
2281    1.03137898445
2269    1.05517196655
2263    1.08715796471
2240    1.12012290955
2227    1.14975690842
2225    1.18708395958
2206    1.21942996979
2175    1.25677800179
2148    1.2890188694
2108    1.32130002975
2051    1.3540699482
1979    1.39731502533
1904    1.42427897453
1902    1.45236587524
1806    1.48873591423
1702    1.51692199707
1557    1.55430793762
1396    1.58256793022
1401    1.61502504349
1237    1.64754199982
1208    1.67999696732
1023    1.7074649334
903    1.74036002159
805    1.78276705742
703    1.80726003647
696    1.84063601494
671    1.8840880394
508    1.9274160862
376    1.96472191811
373    1.99678492546
302    2.04508209229
374    2.08250403404
462    2.10833692551
538    2.1417620182
511    2.1750690937
580    2.20335197449
634    2.23161697388
713    2.27000689507
764    2.30768299103
737    2.33937501907
802    2.38458800316
937    2.4218249321
986    2.45102190971
945    2.4902150631
995    2.53426098824
1023    2.56836009026
1063    2.59917902946
1084    2.6353199482
1188    2.67867994308
1127    2.72684907913
1147    2.76492786407
1260    2.79995203018
1198    2.84162998199
1190    2.86997294426
1212    2.90325498581
1227    2.93163490295
1251    2.9696969986
1263    3.00760006905
1278    3.03601789474
1273    3.07292795181
1279    3.11307501793
1298    3.15393686295
1385    3.18701505661
1311    3.21498990059
1405    3.25008893013
1323    3.29312300682
1352    3.32303595543
1341    3.36312103271
1368    3.39810705185
1370    3.43810200691
1385    3.46310806274
1382    3.49875402451
1460    3.52988886833
1469    3.57828593254
1394    3.61164903641
1417    3.64740800858
1414    3.68579792976
1411    3.72911286354
1426    3.76663589478
1425    3.79444098473
1433    3.83263587952
1439    3.88076400757
1447    3.90746307373
1446    3.93944191933
1458    3.98274302483
1457    4.01519703865
1462    4.04251194
1464    4.07523393631
1459    4.10538887978
1473    4.14852595329
1562    4.18927288055
1480    4.2151260376
1560    4.25081086159
1572    4.28146100044
1500    4.31769490242
1495    4.3511428833
1492    4.38759708405
1498    4.4304060936
1517    4.46857595444
1510    4.4960269928
1594    4.52939987183
1511    4.56614398956
1509    4.60337686539
1524    4.6398870945
1531    4.67201495171
1527    4.70216107368
1605    4.73283195496
1529    4.77116703987
1615    4.80408501625
1541    4.83697104454
1541    4.86981391907
1541    4.91188597679
1540    4.95495986938
1536    4.99349999428
1551    5.0368540287
1557    5.07506895065
1557    5.12081003189
1564    5.15955495834
1558    5.20127987862
1574    5.23221302032
1574    5.26327490807
1580    5.29419708252
1573    5.32274389267
1576    5.35883188248
1574    5.39820790291
1585    5.44129395485
1599    5.46858096123
1595    5.50048208237
1589    5.53944706917
1596    5.59259605408
1592    5.62921595573
1611    5.66735887527
1610    5.70038294792
1605    5.74289608002
1613    5.76837301254
1607    5.80792808533
1602    5.84127092361
1605    5.88463902473
1618    5.91692686081
1628    5.94870209694
1622    5.97910189629
1624    6.02211499214
1624    6.05980706215
1630    6.0954079628
1631    6.13124394417
1641    6.16437292099
1642    6.20575404167
1641    6.24939393997
1726    6.28810191154
1636    6.32323908806
1648    6.35120296478
1639    6.37933802605
1643    6.41545295715
1644    6.44127702713
1645    6.47697091103
1647    6.50792002678
1638    6.55104088783
1725    6.58082699776
1638    6.61238002777
1639    6.66435790062
1640    6.69726991653
1643    6.73559188843
1645    6.76868605614
1637    6.8004090786
1627    6.83206987381
1699    6.85901093483
1630    6.89236688614
1624    6.9204518795
1623    6.95317602158
1630    6.98499393463
1603    7.01879405975
1610    7.04728507996
1616    7.09560894966
1610    7.13316392899
1599    7.16719102859
1587    7.19690394402
1672    7.23676991463
1595    7.26157188416
1572    7.29657387733
1570    7.32451605797
1581    7.36113286018
1580    7.3920378685
1557    7.43557095528
1543    7.479170084
1545    7.51695489883
1532    7.54816389084
1599    7.57694196701
1506    7.60933995247
1589    7.64071893692
1570    7.6839029789
1474    7.72585892677
1449    7.75237107277
1435    7.79063200951
1413    7.83672308922
1377    7.86507701874
1365    7.89718389511
1359    7.94180989265
1311    7.99027705193
1279    8.0222029686
1267    8.05386996269
1261    8.08567905426
1238    8.12880587578
1228    8.19105792046
1228    8.22921586037
1225    8.23715996742
1305    8.26435208321
1230    8.29085803032
1243    8.33471703529
1264    8.36528587341
1300    8.39680290222
1294    8.44024300575
1314    8.46717786789
1329    8.49915099144
1420    8.54203486443
1377    8.58003306389
1391    8.60343408585
1409    8.63677692413
1435    8.66713905334
1433    8.70032000542
1449    8.73210191727
1459    8.77492189407
1476    8.80767798424
1494    8.835916996
1491    8.87355995178
1509    8.90730786324
1508    8.94110488892
1510    8.97747302055
1529    9.00693392754
1536    9.03468489647
1542    9.07279205322
1631    9.11116194725
1557    9.13946986198
1573    9.17273497581
1576    9.20405101776
1577    9.24363398552
1573    9.28727293015
1592    9.33006095886
1615    9.35668706894
1599    9.38586688042
1686    9.41909408569
1604    9.45237898827
1623    9.49087285995
1624    9.52776002884
1627    9.56618404388
1625    9.60901498795
1640    9.64574289322
1644    9.68233895302
1643    9.70799994469
1639    9.74088406563
1637    9.7729818821
1661    9.8057179451
1660    9.83539104462
1663    9.87120294571
1656    9.90943694115
1656    9.95265102386
1671    9.99547290802
1676    10.0373959541
1669    10.0668830872
1668    10.1054730415
1679    10.1308279037
1663    10.163711071
1668    10.2071368694
1679    10.2339529991
1685    10.2680649757
1692    10.3012189865
1687    10.3295619488
1695    10.3780539036
1767    10.4206838608
1688    10.4535329342
1683    10.5014798641
1692    10.5390200615
1698    10.5665020943
1712    10.5989079475
1701    10.6266839504
1706    10.6644830704
1781    10.7028899193
1702    10.7461838722
1778    10.7896449566
1703    10.8281419277
1708    10.8590929508
1701    10.8930330276
1699    10.9348359108
1717    10.9622519016
1721    11.0003399849
1713    11.037072897
1723    11.0740289688
1718    11.1125218868
1711    11.1516830921
1711    11.1795520782
1728    11.2136728764
1724    11.2477099895
1724    11.2718319893
1723    11.3075089455
1719    11.3391499519
1740    11.3728899956
1741    11.396668911
1795    11.4327199459
1737    11.4760510921
1734    11.5137269497
1733    11.5574879646
1735    11.5957090855
1807    11.6240940094
1736    11.6591300964
1755    11.6930520535
1748    11.7310299873
1751    11.7627038956
1828    11.8077878952
1750    11.8462128639
1750    11.884581089
1766    11.9280409813
1766    11.96656394
1847    11.998210907
1767    12.031195879
1765    12.07447505
1848    12.1129200459
1772    12.1454570293
1780    12.1933400631
1781    12.2313480377
1792    12.2697529793
1778    12.3127419949
1797    12.3509380817
1796    12.3790719509
1801    12.4122319221
1799    12.4403488636
1797    12.473526001
1798    12.5016899109
1812    12.5350220203
1897    12.5657329559
1822    12.5987958908
1807    12.6268749237
1817    12.6654140949
1819    12.7135059834
1831    12.7376549244
1829    12.7721700668
1829    12.8146669865
1821    12.858219862
1845    12.8966550827
1849    12.9241430759
1853    12.9561569691
1852    12.9921689034
1868    13.0199449062
1859    13.0632479191
1875    13.1066000462
1865    13.1497709751
1881    13.1879880428
1888    13.2161588669
1888    13.2599680424
1905    13.2940239906
1906    13.331291914
1897    13.3744139671
1903    13.4058129787
1911    13.4491229057
1913    13.4904279709
1931    13.5335888863
2014    13.5619449615
1943    13.6102690697
1945    13.6410679817
1945    13.6898729801
1963    13.7234220505
1961    13.7569909096
1963    13.787899971
1974    13.8308990002
1977    13.8617320061
1996    13.8926639557
1998    13.9236679077
2012    13.9569170475
2007    13.9850599766
2013    14.0210170746
2015    14.0650908947
2044    14.1033110619
2038    14.1467630863
2061    14.1848659515
2081    14.2158119678
2068    14.2467989922
2086    14.2821619511
2099    14.3204190731
2184    14.3630800247
2096    14.3932189941
2196    14.4249150753
2214    14.4634099007
2154    14.491891861
2158    14.5303778648
2182    14.5738260746
2206    14.6063768864
2189    14.6337320805
2218    14.6710519791
2223    14.6983718872
2238    14.7306659222
2260    14.7629759312
2262    14.7906439304
2291    14.8302869797
2301    14.8684930801
2331    14.9017860889
2355    14.9386200905
2371    14.9744579792
2380    15.0031790733
2381    15.0367319584
2463    15.0650289059
2379    15.1021969318
2377    15.1404719353
2376    15.1725020409
2379    15.2101099491
2361    15.2434129715
2363    15.2766020298
2345    15.3123459816
2429    15.3506069183
2355    15.37855196
2333    15.4142999649
2334    15.4568760395
2342    15.4871389866
2303    15.5191168785
2314    15.5478100777
2376    15.584802866
2292    15.6222338676
2281    15.6591329575
2270    15.6970710754
2262    15.7312650681
2335    15.7757608891
2255    15.8139619827
2233    15.8481788635
2225    15.8864219189
2302    15.9297640324
2221    15.9732270241
2296    15.998472929
2213    16.0344390869
2218    16.0609900951
2212    16.0976660252
2198    16.1393060684
2200    16.1761848927
2172    16.2078509331
2175    16.2552089691
2164    16.2983419895
2163    16.3264000416
2148    16.3581149578
2153    16.3919138908
2127    16.4198880196
2137    16.4523599148
2133    16.4849770069
2118    16.5194649696
2124    16.5520899296
2120    16.5746428967
2128    16.6078960896
2119    16.6352000237
2104    16.6587119102
2103    16.692127943
2105    16.7207429409
2102    16.752450943
2104    16.7848329544
2100    16.8174879551
2188    16.845897913
2107    16.8792569637
2104    16.9178609848
2110    16.9515419006
2104    16.9789280891
2101    17.0163660049
2103    17.0487589836
2111    17.0796470642
2105    17.1110808849
2111    17.1456000805
2103    17.1843800545
2103    17.2281639576
2113    17.2540118694
2102    17.2894039154
2098    17.3315639496
2183    17.3746540546
2104    17.4026880264
2183    17.4409780502
2106    17.4783599377
2126    17.5129780769
2200    17.5388679504
2129    17.5725569725
2123    17.6017899513
2199    17.6412138939
2117    17.6748678684
2117    17.703813076
2133    17.7296929359
2137    17.7656040192
2143    17.8004000187
2129    17.8433070183
2136    17.8816208839
2153    17.9199919701
