1408    0.0282649993896
1416    0.0666229724884
1523    0.0961577892303
1432    0.121785879135
1430    0.156924009323
1450    0.187668800354
1419    0.229313850403
1425    0.267103910446
1423    0.298501968384
1429    0.341877937317
1414    0.372179985046
1411    0.41477394104
1509    0.443928003311
1394    0.477429866791
1417    0.505864858627
1412    0.539686918259
1413    0.566591024399
1413    0.609236955643
1402    0.638115882874
1380    0.671985864639
1365    0.705717802048
1384    0.744629859924
1377    0.773382902145
1358    0.807614803314
1377    0.850583791733
1347    0.889241933823
1325    0.916612863541
1332    0.953720808029
1311    0.995093822479
1296    1.02333498001
1279    1.0569498539
1308    1.10039997101
1278    1.12722587585
1254    1.17214798927
1279    1.20211195946
1262    1.23748683929
1243    1.27611684799
1226    1.31941199303
1227    1.3479719162
1343    1.37945079803
1250    1.41348600388
1346    1.44369101524
1240    1.47709178925
1209    1.52046895027
1244    1.5644288063
1227    1.60262799263
1244    1.62958192825
1230    1.66648793221
1260    1.7032430172
1254    1.74657082558
1249    1.77384495735
1279    1.8064699173
1338    1.84610891342
1279    1.88063192368
1294    1.90904188156
1297    1.94311785698
1275    1.98116278648
1297    2.01187396049
1395    2.04762387276
1297    2.07338786125
1279    2.12421584129
1279    2.16087794304
1304    2.19205594063
1300    2.22111988068
1279    2.25411891937
1255    2.29258990288
1356    2.33043384552
1244    2.36837387085
1243    2.41162800789
1221    2.45573401451
1208    2.49486684799
1201    2.53278684616
1196    2.5657889843
1165    2.60882782936
1161    2.63962292671
1164    2.67050695419
1166    2.70235085487
1141    2.73311495781
1151    2.76390790939
1145    2.79470396042
1143    2.82541179657
1160    2.86611294746
1156    2.90711379051
1178    2.94531083107
1260    2.97672986984
1163    3.02362799644
1165    3.06037783623
1177    3.09280490875
1192    3.12686896324
1196    3.15200591087
1183    3.18870401382
1276    3.21370387077
1214    3.24911379814
1304    3.2929058075
1212    3.33653092384
1228    3.37355399132
1227    3.40557384491
1231    3.43582987785
1227    3.46722698212
1230    3.50135183334
1250    3.53215789795
1248    3.56118988991
1248    3.60007596016
1260    3.62918186188
1259    3.67247080803
1276    3.7084608078
1295    3.7460129261
1278    3.77435898781
1279    3.81336188316
1297    3.85179495811
1304    3.89029192924
1306    3.91787290573
1308    3.95070981979
1306    3.97766900063
1324    4.01015090942
1342    4.05399799347
1323    4.0921959877
1347    4.12448382378
1343    4.17297196388
1343    4.20621585846
1343    4.23708200455
1370    4.26887798309
1364    4.31191086769
1370    4.34538698196
1362    4.38100886345
1362    4.41248083115
1363    4.44059681892
1368    4.47661399841
1376    4.52007198334
1383    4.55767393112
1393    4.60055494308
1401    4.6428539753
1411    4.68615484238
1412    4.7242898941
1410    4.75774002075
1411    4.8010737896
1405    4.84355401993
1413    4.88161492348
1428    4.92383790016
1430    4.9597029686
1428    5.01244401932
1426    5.05122280121
1428    5.08975481987
1411    5.12291884422
1428    5.16148686409
1420    5.19372391701
1429    5.23123192787
1432    5.268627882
1430    5.2945189476
1430    5.34077382088
1443    5.38778185844
1431    5.42116498947
1423    5.45459985733
1433    5.48839187622
1427    5.5268008709
1444    5.56986284256
1555    5.6124689579
1446    5.65527892113
1445    5.69200181961
1429    5.73533082008
1451    5.77828288078
1463    5.80717992783
1461    5.8353497982
1447    5.87135386467
1542    5.90196180344
1448    5.93378090858
1458    5.97722196579
1462    6.00491881371
1462    6.04869580269
1461    6.09160995483
1473    6.13010382652
1474    6.16383886337
1477    6.20238184929
1489    6.23095583916
1492    6.26680278778
1479    6.29437398911
1585    6.32961893082
1499    6.36032390594
1513    6.39279580116
1528    6.42070889473
1525    6.45423984528
1505    6.48725795746
1514    6.52469086647
1547    6.56298780441
1505    6.59612679482
1524    6.62779283524
1536    6.65980887413
1512    6.70304584503
1490    6.74652791023
1490    6.78986001015
1453    6.82805585861
1454    6.87480592728
1426    6.91652679443
1413    6.94340085983
1393    6.97752690315
1357    7.02094483376
1356    7.05957198143
1305    7.10262680054
1279    7.14428091049
1313    7.18610095978
1307    7.21895980835
1330    7.24609088898
1444    7.27896690369
1349    7.31722998619
1365    7.34562301636
1367    7.37915086746
1367    7.4098098278
1378    7.4428999424
1390    7.47070288658
1398    7.50391697884
1430    7.54230093956
1429    7.57452297211
1415    7.61760187149
1430    7.64752984047
1416    7.68774580956
1433    7.71297383308
1394    7.74691081047
1391    7.78121995926
1387    7.80688691139
1379    7.83903980255
1464    7.87183594704
1361    7.91849088669
1340    7.94597792625
1348    7.97831296921
1330    8.01574397087
1328    8.04312300682
1326    8.0756688118
1310    8.10335493088
1314    8.13899683952
1310    8.17024087906
1279    8.21336197853
1279    8.25503802299
1279    8.29341888428
1388    8.32573890686
1274    8.37426996231
1276    8.41248083115
1276    8.44762396812
1277    8.48585891724
1260    8.51836681366
1376    8.56616783142
1276    8.59922194481
1271    8.64246582985
1272    8.67428088188
1273    8.71764492989
1275    8.7610809803
1388    8.79867291451
1279    8.83309388161
1272    8.87110686302
1279    8.91447591782
1279    8.95264291763
1279    8.98413681984
1308    9.01100897789
1300    9.04262900352
1298    9.07457780838
1324    9.11633086205
1351    9.15977978706
1347    9.19836997986
1324    9.22945189476
1350    9.25927782059
1352    9.29394197464
1361    9.33893990517
1368    9.37393283844
1365    9.41545891762
1376    9.44374680519
1376    9.47195696831
1378    9.50511598587
1380    9.53828501701
1395    9.56639790535
1392    9.59957098961
1417    9.63277101517
1431    9.66273498535
1427    9.69283294678
1384    9.72770881653
1439    9.76780200005
1351    9.79283285141
1310    9.83302998543
1297    9.87089586258
1244    9.90879487991
1318    9.94183087349
1183    9.97134399414
1147    9.99989700317
1147    10.0353448391
1128    10.0690238476
1023    10.1120657921
1007    10.1510269642
993    10.1892278194
1103    10.2169849873
979    10.2528820038
944    10.2781479359
945    10.3142008781
963    10.3481318951
958    10.3763439655
974    10.4096229076
1071    10.4381849766
978    10.4662828445
979    10.4990179539
997    10.5244958401
992    10.5599339008
989    10.6015479565
1023    10.6397550106
1010    10.6756279469
1048    10.7013919353
1023    10.73751688
1055    10.7809829712
1023    10.8245079517
1122    10.8719809055
1171    10.9149549007
1023    10.9533798695
1023    10.9916739464
1023    11.0245168209
1013    11.0587308407
1023    11.0970008373
1103    11.1453099251
1060    11.1785578728
1023    11.2117049694
1023    11.2375979424
1023    11.2717719078
1023    11.3199748993
1064    11.3555138111
1023    11.384554863
1137    11.419303894
1023    11.4466738701
1010    11.4840898514
1017    11.5224759579
1062    11.5581448078
1063    11.5911970139
1062    11.6293778419
1083    11.6617338657
1060    11.7050759792
1078    11.73782897
1074    11.7791059017
1079    11.8120779991
1095    11.8501088619
1083    11.8780419827
1084    11.90989995
1098    11.9427418709
1114    11.9750568867
1115    12.0124108791
1095    12.0402979851
1095    12.0735208988
1114    12.1155548096
1210    12.1503798962
1114    12.175347805
1118    12.2102539539
1135    12.2372348309
1129    12.2729380131
1148    12.303593874
1212    12.3494758606
1110    12.3857898712
1148    12.4131858349
1241    12.4479877949
1256    12.4838619232
1167    12.5197219849
1167    12.5601677895
1160    12.6023769379
1178    12.6407308578
1181    12.6836979389
1279    12.7268588543
1192    12.7701609135
1172    12.8130979538
1178    12.8509349823
1195    12.8796069622
1177    12.9131498337
1200    12.9419748783
1197    12.9758059978
1210    13.0044720173
1214    13.0432338715
1195    13.0813570023
1211    13.119658947
1210    13.1594779491
1320    13.1921780109
1223    13.2239189148
1226    13.2673389912
1244    13.305508852
1212    13.3355038166
1246    13.3658258915
1263    13.3935239315
1259    13.4308378696
1226    13.4613618851
1243    13.4889559746
1338    13.5215148926
1262    13.5491778851
1261    13.5867908001
1240    13.614746809
1265    13.6400167942
1244    13.6733188629
1279    13.7014830112
1273    13.7350678444
1264    13.7729229927
1276    13.8315889835
1295    13.8751049042
1279    13.9019839764
1279    13.9419310093
1279    13.975664854
1275    14.0081210136
1405    14.0509428978
1279    14.0941598415
1314    14.1208238602
1277    14.1522908211
1297    14.1876068115
1403    14.2208538055
1308    14.2639479637
1279    14.3080208302
1304    14.3460400105
1311    14.3747467995
1311    14.4085428715
1329    14.4373338223
1329    14.4680469036
1323    14.4960408211
1308    14.533288002
1409    14.5750010014
1314    14.6134688854
1343    14.6523439884
1321    14.6866309643
1325    14.7301058769
1421    14.7690179348
1402    14.8075377941
1325    14.8405089378
1311    14.874037981
1295    14.9077908993
1329    14.944257021
1328    14.9809179306
1327    15.0178239346
1311    15.0470738411
1326    15.0788359642
1349    15.1158778667
1279    15.1526458263
1279    15.1844668388
1311    15.2262399197
1279    15.2697207928
1387    15.3132939339
1279    15.3513259888
1404    15.378993988
1386    15.4153738022
1264    15.4428780079
1310    15.4908969402
1297    15.5239880085
1300    15.5594418049
1310    15.5978109837
1311    15.6292128563
1308    15.6727797985
1276    15.7105989456
1260    15.7433469296
1309    15.780192852
1279    15.8133928776
1319    15.8516747952
1311    15.8875880241
1306    15.9309778214
1279    15.9692699909
1331    16.001116991
1309    16.0295169353
1323    16.066272974
1370    16.0932409763
1462    16.1310470104
1347    16.1704838276
1378    16.2087569237
1410    16.251655817
1401    16.2823078632
1412    16.3148949146
1426    16.3577728271
1460    16.4007408619
1454    16.4439558983
1495    16.4874989986
1495    16.5260398388
1511    16.5692667961
1470    16.5972719193
1464    16.6303508282
1585    16.6605579853
1487    16.6918849945
1472    16.7353789806
1505    16.7736129761
1493    16.8148829937
1566    16.8530910015
1459    16.8956859112
1459    16.9275028706
1442    16.9633009434
1429    16.9990057945
1427    17.0300469398
1403    17.0618000031
1394    17.1158459187
1415    17.1450328827
1386    17.1799650192
1385    17.2108938694
1362    17.2539420128
1363    17.3057589531
1377    17.3395829201
1387    17.3635048866
1472    17.3967788219
1453    17.4358699322
1375    17.4652898312
1472    17.5085198879
1489    17.5457699299
1359    17.5893189907
1374    17.6328849792
1359    17.6666369438
1394    17.6994860172
1378    17.7426350117
1393    17.7827758789
1411    17.8260538578
1427    17.8692069054
1405    17.9066059589
1505    17.9389488697
1429    17.9713859558
1410    18.003731966
1428    18.0363919735
1433    18.0632069111
1446    18.0955228806
1443    18.1273989677
1428    18.1547598839
1405    18.1926529408
