1180    0.0331099033356
1181    0.0639078617096
1196    0.0923509597778
1211    0.135758876801
1247    0.167907953262
1225    0.215691804886
1248    0.255383014679
1211    0.283866882324
1233    0.317284822464
1261    0.346191883087
1247    0.389165878296
1202    0.418478012085
1264    0.461628913879
1246    0.499801874161
1247    0.537798881531
1246    0.575301885605
1214    0.618539810181
1234    0.661130905151
1231    0.714780807495
1239    0.752272844315
1230    0.785981893539
1215    0.809721946716
1218    0.848372936249
1183    0.872093915939
1181    0.908793926239
1177    0.952273845673
1210    0.990954875946
1211    1.0185008049
1195    1.05760884285
1178    1.08622002602
1269    1.12352490425
1150    1.15447092056
1182    1.20255589485
1166    1.23621296883
1126    1.26934599876
1131    1.31129288673
1164    1.3534488678
1143    1.39170598984
1192    1.43562197685
1161    1.47394180298
1179    1.51687002182
1195    1.55478787422
1165    1.58617687225
1167    1.62102985382
1183    1.6515109539
1180    1.69423079491
1164    1.73143196106
1167    1.76628494263
1216    1.79270386696
1211    1.82155680656
1232    1.85976600647
1274    1.88789892197
1300    1.92498087883
1311    1.97358798981
1346    2.01141190529
1316    2.04532289505
1329    2.07406783104
1331    2.10805892944
1401    2.14014697075
1346    2.18017792702
1326    2.21983790398
1357    2.24987387657
1408    2.29260897636
1380    2.33135080338
1350    2.36507892609
1385    2.39890098572
1369    2.42465186119
1365    2.4755449295
1343    2.51362681389
1350    2.5453979969
1311    2.57645487785
1308    2.62399101257
1308    2.66514086723
1311    2.6948788166
1315    2.72700285912
1265    2.75860190392
1279    2.79904079437
1227    2.83046102524
1241    2.86293983459
1231    2.89105796814
1230    2.92786288261
1214    2.96624088287
1197    2.9947218895
1200    3.0274579525
1182    3.06312799454
1279    3.10373687744
1183    3.12941384315
1164    3.16968798637
1164    3.20539093018
1252    3.23609995842
1164    3.26677489281
1161    3.29912590981
1257    3.33099079132
1200    3.36801886559
1161    3.39951896667
1160    3.44065880775
1183    3.47328400612
1183    3.50495195389
1147    3.54783296585
1164    3.57870697975
1151    3.6219098568
1135    3.66674900055
1132    3.69445681572
1130    3.7265689373
1149    3.76395082474
1179    3.79134702682
1161    3.82459998131
1148    3.85691189766
1128    3.900400877
1161    3.94365000725
1162    3.98030495644
1161    4.0230410099
1178    4.06588888168
1177    4.11087179184
1195    4.15305781364
1210    4.18122792244
1212    4.22113394737
1300    4.26384401321
1211    4.30259180069
1330    4.33094382286
1206    4.36467695236
1211    4.39550185204
1235    4.42660880089
1339    4.45643186569
1244    4.48979997635
1271    4.53298902512
1262    4.56300592422
1259    4.60315585136
1297    4.63538789749
1276    4.67901301384
1296    4.71757292747
1311    4.74871492386
1332    4.77891898155
1329    4.80749583244
1348    4.86072492599
1359    4.89442586899
1382    4.93242287636
1398    4.96057891846
1396    4.99384593964
1507    5.0255818367
1400    5.05653500557
1412    5.09332799911
1512    5.13595581055
1429    5.18233084679
1411    5.2205657959
1428    5.25653982162
1444    5.29849290848
1459    5.33668589592
1449    5.38348293304
1474    5.42057299614
1563    5.44834184647
1479    5.4870929718
1496    5.52319788933
1454    5.55130887032
1461    5.58217692375
1462    5.61477184296
1493    5.66306686401
1485    5.70600199699
1518    5.74002981186
1511    5.76905083656
1493    5.80185389519
1476    5.84486985207
1582    5.88824391365
1445    5.9265499115
1458    5.96954798698
1485    6.0226328373
1447    6.05542802811
1469    6.08632898331
1447    6.12945699692
1445    6.1668908596
1418    6.19879698753
1412    6.23126196861
1368    6.26366186142
1362    6.3071668148
1362    6.34914588928
1279    6.37850689888
1364    6.4222369194
1210    6.46040797234
1142    6.4892988205
1142    6.52496099472
1112    6.55486083031
1080    6.58822894096
1063    6.61897301674
1063    6.65117192268
1011    6.68963479996
1010    6.72205686569
993    6.74997591972
996    6.78588986397
963    6.81742191315
963    6.84920501709
924    6.8801009655
972    6.92312693596
958    6.96040391922
945    6.99664497375
995    7.03498983383
920    7.07846593857
1023    7.11669301987
946    7.15631484985
909    7.18389582634
925    7.21628093719
910    7.24870491028
945    7.28611779213
946    7.3284637928
895    7.36088085175
948    7.39335894585
1023    7.42062997818
976    7.45298981667
938    7.48519897461
904    7.52261781693
944    7.54997801781
942    7.587266922
1065    7.61459684372
945    7.64689779282
972    7.67921495438
924    7.7065320015
925    7.74379587173
927    7.7917239666
927    7.8301718235
894    7.87341785431
1050    7.9120028019
875    7.95099592209
908    7.9823949337
915    8.01454091072
965    8.04637479782
964    8.07829880714
941    8.12633895874
1013    8.16354680061
978    8.20635795593
922    8.23364281654
1014    8.26592087746
975    8.30332183838
959    8.33065581322
956    8.3731648922
1080    8.41132497787
960    8.44992280006
942    8.4932038784
974    8.51979398727
1048    8.54688596725
942    8.57958602905
974    8.61672401428
972    8.65694093704
937    8.69368195534
946    8.72855687141
941    8.75844597816
977    8.79483389854
963    8.8367497921
927    8.87375497818
903    8.90143680573
983    8.93453192711
979    8.96756196022
959    8.99567079544
994    9.04414701462
1012    9.08141589165
1170    9.11277198792
1063    9.14291000366
1023    9.17086482048
1080    9.20792388916
1081    9.23407888412
1083    9.26904892921
1091    9.31207895279
1116    9.35541987419
1083    9.39857983589
1116    9.42581391335
1112    9.45814180374
1141    9.49209189415
1145    9.53027486801
1177    9.57405400276
1193    9.61220979691
1212    9.64366197586
1232    9.67295384407
1295    9.70633292198
1297    9.74476385117
1265    9.78940081596
1262    9.82231402397
1245    9.85462594032
1276    9.88303494453
1261    9.91645789146
1260    9.94411802292
1266    9.97638487816
1261    10.0072038174
1279    10.0401818752
1387    10.0728518963
1402    10.1205120087
1244    10.1541099548
1277    10.1863088608
1353    10.2183718681
1245    10.2506399155
1230    10.2849178314
1230    10.3300628662
1218    10.3655438423
1229    10.39742589
1228    10.449007988
1145    10.489705801
1129    10.528414011
1157    10.5665619373
1129    10.6018948555
1147    10.6399869919
1082    10.6677439213
1082    10.7064659595
1080    10.7494468689
1180    10.7773969173
1078    10.8053119183
1010    10.8382019997
993    10.8661940098
994    10.9095749855
994    10.9429190159
997    10.9731898308
1067    11.0127778053
973    11.0486168861
975    11.0767729282
923    11.1152198315
942    11.1536519527
942    11.197247982
905    11.2404398918
925    11.2675549984
927    11.2995250225
908    11.3324489594
905    11.3755619526
944    11.4187479019
875    11.446171999
861    11.4739749432
856    11.5114459991
892    11.5498309135
890    11.5799047947
824    11.6080880165
876    11.6511948109
858    11.6948878765
841    11.7372210026
892    11.7751688957
908    11.806032896
841    11.8494977951
803    11.8878238201
959    11.9211699963
836    11.958935976
876    11.9932079315
862    12.0240478516
894    12.0669999123
875    12.1094739437
908    12.1526498795
895    12.1906349659
925    12.2188668251
911    12.2560129166
876    12.2942810059
931    12.322111845
923    12.3555300236
942    12.3998618126
908    12.4430849552
978    12.4818999767
978    12.5251939297
948    12.55052495
946    12.5885169506
925    12.6169288158
1052    12.6496589184
939    12.682847023
948    12.7169399261
1023    12.7411558628
1023    12.7768368721
1052    12.8165869713
960    12.8597438335
996    12.8998298645
993    12.9432988167
960    12.9807548523
995    13.0079200268
1102    13.0432598591
971    13.0731759071
997    13.1030340195
1050    13.1380589008
1048    13.1624689102
1080    13.1950929165
1023    13.2275578976
1023    13.2650239468
1023    13.3027579784
1023    13.339566946
1009    13.3756418228
1023    13.4092710018
1023    13.437915802
1023    13.4716749191
1023    13.5026328564
1080    13.5413069725
1082    13.5663449764
1067    13.6020278931
1023    13.6473238468
1059    13.6866648197
1087    13.7344470024
1100    13.7719159126
1100    13.7960629463
1164    13.8290579319
1273    13.8604068756
1126    13.8884198666
1140    13.9316728115
1123    13.9749498367
1182    14.0005660057
1304    14.0364558697
1195    14.0747158527
1224    14.1180329323
1215    14.1609778404
1244    14.1995618343
1260    14.2417387962
1239    14.2685339451
1275    14.3004238605
1268    14.3428189754
1347    14.3810257912
1241    14.419344902
1228    14.4512579441
1212    14.494961977
1249    14.5286738873
1251    14.5523879528
1244    14.5911128521
1196    14.614844799
1183    14.6500999928
1183    14.6889269352
1161    14.7269380093
1194    14.7735610008
1161    14.8120288849
1231    14.8401339054
1118    14.8738048077
1081    14.9019110203
1182    14.9361319542
1062    14.9652190208
1078    14.9992198944
1082    15.0331938267
1068    15.0722808838
1183    15.1114659309
1023    15.1406569481
1023    15.179764986
1023    15.2173600197
982    15.2559118271
975    15.2878239155
979    15.319947958
980    15.3518278599
975    15.395157814
1023    15.4485859871
977    15.4915699959
945    15.5333919525
914    15.5603768826
1014    15.6017549038
905    15.6300308704
903    15.6630809307
1064    15.691480875
937    15.7282378674
890    15.7708690166
926    15.815639019
945    15.8505120277
908    15.8890578747
959    15.9329049587
961    15.9587128162
927    15.9920909405
931    16.0195410252
926    16.0483767986
942    16.0818560123
993    16.1103668213
946    16.1430799961
945    16.1822788715
945    16.2274608612
892    16.2607018948
894    16.2936630249
944    16.3238389492
955    16.352273941
978    16.3890688419
959    16.4157779217
1064    16.4508938789
962    16.4890258312
978    16.5370829105
1017    16.5785980225
1087    16.6164159775
927    16.6443068981
945    16.67740798
996    16.7195038795
995    16.7504107952
1023    16.7779939175
1078    16.8105018139
1023    16.8482480049
1023    16.8907179832
975    16.9181439877
981    16.9519269466
1064    16.9791038036
1011    17.0127298832
1023    17.043751955
1023    17.0761339664
1023    17.1191878319
1023    17.1540119648
1068    17.1890180111
1016    17.2216348648
1012    17.2665297985
1063    17.3090279102
1170    17.3358650208
1060    17.3680539131
1084    17.4011969566
1074    17.4443719387
1078    17.4875028133
1200    17.5241868496
1202    17.5574069023
1160    17.6007108688
1112    17.6382479668
1161    17.6741189957
1161    17.7098519802
1270    17.7352099419
1131    17.7716338634
1207    17.8111150265
1266    17.8495218754
1279    17.8930828571
1178    17.9362919331
1243    17.9794638157
1296    18.0130488873
1279    18.0420999527
1225    18.0844290257
1229    18.1279158592
1255    18.1660749912
1215    18.193338871
1229    18.2264549732
