1309    0.0373740196228
1309    0.0646770000458
1279    0.0970261096954
1295    0.124819993973
1311    0.158266067505
1311    0.200898170471
1328    0.241175174713
1366    0.284603118896
1348    0.32307600975
1397    0.366790056229
1395    0.404682159424
1412    0.435877084732
1419    0.470723152161
1447    0.517711162567
1433    0.569495201111
1444    0.608062028885
1428    0.651719093323
1459    0.685178995132
1465    0.717823028564
1466    0.750013113022
1444    0.794275045395
1457    0.832967042923
1462    0.876082181931
1425    0.90163898468
1463    0.944919109344
1439    0.98336815834
1444    1.02659797668
1409    1.06990814209
1395    1.10818099976
1416    1.1490111351
1378    1.18055415154
1383    1.21706914902
1322    1.2538421154
1298    1.28562116623
1259    1.31730699539
1262    1.34423303604
1254    1.39049816132
1198    1.42796301842
1169    1.45984101295
1142    1.5031042099
1078    1.5296330452
1059    1.56308913231
1060    1.5914311409
1016    1.63154101372
966    1.67007708549
909    1.70313000679
908    1.74063420296
997    1.78933405876
949    1.82236814499
911    1.8549451828
904    1.88806915283
830    1.92778611183
823    1.95637512207
878    1.99183607101
785    2.02490901947
841    2.05298113823
827    2.08599710464
820    2.11427617073
858    2.14191913605
841    2.17546319962
829    2.1990339756
931    2.2379860878
862    2.27654719353
824    2.32017612457
862    2.35823607445
863    2.39392399788
856    2.42127513885
984    2.46413016319
861    2.50255703926
987    2.54445910454
875    2.58156108856
877    2.61146807671
927    2.64584708214
875    2.6738409996
894    2.72170209885
943    2.76423001289
942    2.79789805412
925    2.82682919502
911    2.86393213272
959    2.90258097649
914    2.94476318359
927    2.96859407425
927    3.0077521801
890    3.0521671772
910    3.0853509903
909    3.11727714539
873    3.16540002823
911    3.20195198059
961    3.23533415794
976    3.2736890316
978    3.31580114365
1080    3.35785317421
1016    3.39595103264
1011    3.42687702179
994    3.45984005928
957    3.49810218811
959    3.53422617912
927    3.57221007347
1065    3.60419511795
975    3.64107012749
997    3.67769002914
1120    3.72433519363
994    3.76717400551
959    3.80883812904
988    3.84854102135
1013    3.87638807297
979    3.91397213936
977    3.95231103897
979    3.98304510117
979    4.01468300819
977    4.04785013199
942    4.07597899437
958    4.10953903198
1079    4.14285111427
926    4.17507910728
982    4.20930218697
981    4.24745607376
996    4.29056620598
1012    4.32301211357
994    4.3709230423
1006    4.40243220329
981    4.44211411476
977    4.47997999191
1063    4.51834797859
1080    4.56162619591
1081    4.60540699959
1093    4.63861012459
1114    4.67505812645
1251    4.71680116653
1221    4.74340701103
1112    4.79167199135
1201    4.82858705521
1183    4.86041617393
1179    4.90353107452
1251    4.93405604362
1242    4.96211504936
1260    4.99522304535
1279    5.02671098709
1311    5.05850720406
1317    5.08862805367
1314    5.11894607544
1368    5.15470910072
1367    5.19050097466
1396    5.22122812271
1412    5.2520031929
1398    5.28377509117
1398    5.31539607048
1399    5.34443306923
1406    5.378480196
1517    5.40761017799
1392    5.45106315613
1465    5.49433112144
1445    5.53772902489
1460    5.57986021042
1427    5.60753917694
1410    5.63844609261
1435    5.66912198067
1428    5.70051908493
1432    5.74160599709
1378    5.77562904358
1502    5.81101608276
1366    5.84716916084
1484    5.88908004761
1466    5.93184018135
1380    5.97522521019
1347    6.01233506203
1315    6.04488420486
1310    6.08819198608
1254    6.13117408752
1244    6.16676497459
1244    6.20254898071
1195    6.24041008949
1160    6.28480315208
1144    6.31821203232
1117    6.35336709023
1080    6.38153219223
1094    6.41444516182
1130    6.44574308395
1085    6.47644019127
1083    6.50719499588
1117    6.53786206245
1059    6.56865811348
1100    6.59941315651
1085    6.63029408455
1079    6.66048812866
1116    6.69067716599
1023    6.72572302818
1118    6.75132799149
1013    6.78695011139
1062    6.81781506538
1023    6.86106705666
1058    6.90416097641
1016    6.94205307961
1015    6.97378611565
1096    7.00555706024
975    7.04747700691
1011    7.08083200455
961    7.12273597717
972    7.16123700142
959    7.19322514534
925    7.23704504967
972    7.28011918068
959    7.31327700615
941    7.35100317001
938    7.38473916054
894    7.42339611053
907    7.45211100578
895    7.48580598831
893    7.51507306099
948    7.56332612038
898    7.60122919083
895    7.62990999222
1023    7.66275405884
958    7.70603513718
937    7.73283815384
941    7.76578021049
907    7.80682897568
891    7.84584617615
892    7.8831551075
911    7.91947197914
1085    7.95048904419
944    7.98310017586
942    8.01069498062
1068    8.04316401482
926    8.07072114944
961    8.10800719261
927    8.13542914391
924    8.16786313057
958    8.20530509949
960    8.25486803055
943    8.28567218781
927    8.31742405891
1066    8.34515309334
979    8.38119220734
941    8.42438912392
942    8.46440219879
908    8.49171519279
945    8.51896905899
942    8.54612398148
925    8.58353614807
1023    8.61080217361
943    8.6432030201
977    8.69056415558
975    8.7279291153
979    8.75530314445
1078    8.79264616966
975    8.82002305984
964    8.85226011276
1065    8.87990403175
1006    8.9063270092
1010    8.9401102066
1149    8.96792507172
1023    9.00616717339
1023    9.03296208382
1023    9.06580519676
1067    9.09748005867
1061    9.14020514488
1082    9.17817401886
1075    9.20881509781
1082    9.24463701248
1253    9.27570819855
1112    9.30742716789
1133    9.33944797516
1150    9.37113118172
1149    9.40276908875
1144    9.45181298256
1196    9.48907709122
1208    9.51643514633
1178    9.54822707176
1144    9.59393811226
1306    9.62408614159
1333    9.65592312813
1199    9.68792700768
1252    9.72060012817
1246    9.74944710732
1242    9.78623914719
1244    9.82450509071
1276    9.85520911217
1247    9.89211797714
1279    9.93996214867
1278    9.97962808609
1299    10.0054399967
1279    10.0384700298
1299    10.0694141388
1311    10.0976071358
1309    10.1311781406
1279    10.164937973
1264    10.2067980766
1412    10.2452759743
1261    10.2762579918
1259    10.3079650402
1240    10.3463480473
1228    10.3846411705
1244    10.4328620434
1297    10.4642531872
1173    10.4970149994
1176    10.5250689983
1178    10.5619270802
1134    10.6041891575
1127    10.6382830143
1111    10.6763961315
1132    10.7157120705
1078    10.7472820282
1082    10.7790482044
1084    10.8094851971
1023    10.8450891972
1051    10.8706309795
1048    10.9056930542
1023    10.936578989
1060    10.9720950127
1147    11.0120940208
1023    11.0371630192
1023    11.0730211735
1010    11.1167252064
1011    11.1431879997
1013    11.1780381203
1023    11.2081270218
1013    11.2385540009
977    11.2764680386
975    11.3037571907
981    11.3310520649
980    11.3660130501
973    11.4120061398
961    11.4543941021
998    11.4816660881
975    11.518266201
974    11.5558750629
945    11.5884981155
939    11.6291661263
993    11.6640920639
1010    11.6893451214
931    11.7255601883
945    11.764799118
978    11.7931241989
975    11.8259501457
963    11.8602871895
959    11.8988251686
959    11.9405710697
956    11.9729540348
973    12.0008320808
949    12.0337381363
910    12.0675210953
909    12.0913231373
964    12.1251010895
927    12.1638281345
977    12.1924140453
1011    12.2357950211
996    12.2826039791
975    12.3197140694
961    12.3465530872
939    12.3794620037
1012    12.4111590385
1010    12.450551033
1023    12.4890801907
974    12.5271542072
979    12.5645730495
1023    12.6019980907
1006    12.6475241184
993    12.6816401482
1023    12.7121419907
979    12.7509319782
1163    12.784001112
1013    12.8130671978
1116    12.8470511436
1063    12.881401062
1066    12.9172520638
1081    12.9505879879
1047    12.9985752106
1103    13.0358400345
1085    13.0624811649
1082    13.0971550941
1079    13.1212730408
1151    13.155654192
1136    13.19531703
1126    13.2285242081
1130    13.2624721527
1148    13.3055131435
1180    13.3438870907
1214    13.3872680664
1230    13.4304380417
1244    13.4779970646
1231    13.5089101791
1323    13.5398390293
1214    13.5725171566
1311    13.6099481583
1227    13.6496341228
1221    13.6752281189
1231    13.715763092
1223    13.76288414
1260    13.7909801006
1209    13.8277270794
1212    13.8674900532
1212    13.9054481983
1212    13.9298100471
1181    13.9621779919
1214    13.994464159
1212    14.02176404
1192    14.049118042
1146    14.0768420696
1169    14.109662056
1160    14.1435921192
1143    14.170675993
1159    14.2080790997
1125    14.2515280247
1117    14.2845871449
1164    14.3183100224
1215    14.357156992
1166    14.3912191391
1176    14.4197251797
1130    14.4522650242
1132    14.4825851917
1113    14.51496315
1129    14.547301054
1101    14.5801281929
1136    14.6060061455
1234    14.6387691498
1092    14.6718761921
1112    14.7101230621
1100    14.7425642014
1114    14.7854280472
1078    14.818572998
1100    14.8513491154
1183    14.8894851208
1133    14.9224619865
1200    14.9652721882
1131    14.9977200031
1128    15.0302770138
1231    15.0580501556
1144    15.0899140835
1158    15.1180791855
1084    15.1514661312
1163    15.1950790882
1163    15.2389650345
1201    15.279004097
1167    15.302585125
1158    15.3408131599
1226    15.3843851089
1250    15.4101140499
1227    15.4436440468
1233    15.4812982082
1274    15.5188322067
1298    15.5512211323
1256    15.5788300037
1265    15.6115171909
1279    15.6390349865
1279    15.6739070415
1276    15.7122631073
1353    15.7475881577
1241    15.7911381721
1249    15.837886095
1244    15.8728761673
1244    15.9096291065
1351    15.9425520897
1227    15.9859540462
1240    16.0246920586
1204    16.077944994
1180    16.1161351204
1279    16.1521751881
1165    16.1793041229
1161    16.2126421928
1145    16.2557430267
1161    16.3039410114
1202    16.3521561623
1164    16.3902480602
1183    16.4218661785
1182    16.4509520531
1176    16.4830319881
1249    16.5164670944
1177    16.5455141068
1216    16.5793910027
1210    16.6067349911
1210    16.6392140388
1189    16.6694760323
1183    16.7025270462
1135    16.7319040298
1133    16.7645530701
1161    16.8023030758
1176    16.8459801674
1178    16.8777430058
1193    16.9093999863
1199    16.9440829754
1242    16.9715251923
1213    17.00882411
1214    17.0361139774
1216    17.0687701702
1178    17.0961050987
1197    17.1284639835
1214    17.1657841206
1197    17.203220129
1197    17.2455320358
1299    17.2728960514
1196    17.3052971363
1195    17.3326830864
1212    17.3700740337
1210    17.407916069
1295    17.4465091228
1191    17.4897441864
1158    17.528771162
1241    17.5719640255
1298    17.6098020077
1213    17.644092083
1226    17.6809220314
1226    17.7167870998
1249    17.7443740368
1260    17.7729260921
1262    17.8033900261
1231    17.8358001709
1226    17.8793029785
1279    17.9053030014
1294    17.9405031204
