1913    0.033271074295
1913    0.0766439437866
1905    0.118952989578
1906    0.157389879227
1912    0.200607061386
2046    0.239146947861
2043    0.268095970154
2045    0.301649093628
1929    0.33456993103
1938    0.366251945496
1934    0.402863025665
1927    0.439790010452
1928    0.470752000809
1928    0.503140926361
1923    0.540524959564
1910    0.572874069214
1913    0.605329990387
1916    0.64276099205
1922    0.669934034348
1911    0.703559875488
1913    0.741646051407
1913    0.774333000183
1912    0.805568933487
1921    0.841439008713
1911    0.882656097412
1913    0.910221099854
1914    0.937829017639
1914    0.960638046265
1909    1.00410294533
2026    1.04247093201
1911    1.08555102348
1915    1.11467909813
2028    1.1595749855
1910    1.18746089935
1915    1.214812994
1912    1.25258588791
1920    1.28253006935
1912    1.32633590698
1911    1.36938810349
1912    1.39656209946
1907    1.42544198036
1928    1.45885896683
1913    1.48737502098
1915    1.52597808838
1916    1.56781196594
1914    1.59522891045
1905    1.62873697281
1921    1.65795993805
2052    1.69457101822
1927    1.73702788353
1929    1.7702589035
1928    1.79875397682
1932    1.83226799965
1930    1.86092996597
1935    1.89308404922
1935    1.92487597466
1931    1.95625591278
2045    1.99937391281
1950    2.0295009613
1947    2.07705807686
1944    2.11494898796
1949    2.15163207054
1937    2.18970394135
2060    2.21731710434
1946    2.25467801094
1945    2.29302191734
1943    2.32477402687
1943    2.3681409359
1944    2.39859509468
1949    2.42924189568
1951    2.46496105194
1928    2.50107288361
1951    2.54282903671
1951    2.56779193878
1951    2.60355687141
1946    2.64156007767
1949    2.67190289497
1944    2.70397686958
1937    2.73464393616
2061    2.7679131031
1942    2.7960588932
1941    2.82418704033
1950    2.8526558876
1951    2.88613891602
1937    2.92954802513
2066    2.9561920166
1948    2.9892449379
1943    3.01729488373
2061    3.0502178669
2060    3.08357095718
1951    3.12675094604
1945    3.16540598869
1943    3.21388101578
1936    3.25149106979
1937    3.28982806206
1950    3.32241201401
1943    3.3661980629
1941    3.40943193436
1944    3.43708491325
2060    3.46464109421
1963    3.49720191956
1963    3.52979302406
1961    3.56733608246
1959    3.5949409008
1960    3.62757897377
2074    3.66014504433
1960    3.68768596649
1962    3.72527194023
1965    3.76288795471
1964    3.79032707214
1957    3.8276720047
1959    3.85528206825
1960    3.88793587685
1955    3.9127509594
1960    3.94515895844
1965    3.97521400452
1960    4.01330900192
1967    4.04931688309
1964    4.08567690849
1967    4.12819910049
1972    4.16629099846
1957    4.20938491821
1976    4.24779701233
1974    4.29137086868
2092    4.33439207077
1984    4.3597009182
1974    4.39215087891
1980    4.43541407585
1977    4.46365404129
1975    4.49692106247
1971    4.54049491882
1975    4.58299398422
1974    4.61903190613
1982    4.65512299538
2001    4.69024300575
1994    4.72094798088
1999    4.7517209053
2115    4.78267002106
1989    4.81380200386
1989    4.84635591507
2000    4.88264799118
1993    4.92000293732
1995    4.96786093712
1988    5.00110387802
2000    5.03841304779
2000    5.0734269619
2001    5.10807394981
2013    5.13805794716
2122    5.17057704926
2004    5.21738100052
2002    5.25413203239
2014    5.29232192039
2004    5.33045601845
2012    5.35793209076
2008    5.38840603828
2012    5.42406201363
2017    5.45994400978
2017    5.49323010445
2010    5.52720999718
2000    5.56519508362
2028    5.59598207474
2029    5.6272649765
2141    5.65773892403
2017    5.69604706764
2024    5.72967886925
2025    5.75827789307
2016    5.80631303787
2030    5.84400701523
2030    5.8808619976
2032    5.91646289825
2162    5.94717502594
2040    5.9779419899
2044    6.00856304169
2156    6.03951501846
2051    6.07718205452
2051    6.11305499077
2045    6.15660905838
2048    6.19922399521
2040    6.22408604622
2037    6.25616192818
2060    6.29120492935
2064    6.31735396385
2051    6.34987688065
2066    6.38469099998
2062    6.41208291054
2054    6.44992399216
2062    6.48493003845
2064    6.51564598083
2166    6.55868387222
2055    6.60097503662
2054    6.63850188255
2051    6.66924309731
2068    6.70231604576
2079    6.73386096954
2075    6.7661280632
2192    6.80293393135
2071    6.84141087532
2197    6.8688750267
2069    6.89741492271
2075    6.94306707382
2078    6.97921490669
2191    7.01121997833
2195    7.04190206528
2094    7.07466602325
2086    7.10239100456
2085    7.13636493683
2206    7.17121195793
2079    7.20789694786
2211    7.23865294456
2095    7.28655195236
2079    7.32030200958
2201    7.36292505264
2199    7.39112401009
2104    7.42912507057
2219    7.46672487259
2111    7.49419999123
2102    7.52279210091
2109    7.55607700348
2100    7.60477089882
2094    7.64280509949
2109    7.67871499062
2227    7.70940089226
2105    7.74183988571
2106    7.77369904518
2219    7.8161649704
2099    7.85480809212
2108    7.88827610016
2107    7.91568398476
2104    7.94934296608
2109    7.97927904129
2111    8.02254104614
2221    8.06573796272
2107    8.09750294685
2108    8.13048696518
2106    8.15842103958
2111    8.19133901596
2118    8.21919989586
2241    8.25214791298
2124    8.28021097183
2129    8.31326699257
2123    8.34137606621
2120    8.37941002846
2120    8.41262698174
2120    8.44941592216
2115    8.48178291321
2129    8.51253795624
2234    8.54330992699
2130    8.57414793968
2121    8.61051988602
2117    8.64544796944
2118    8.68577504158
2126    8.72409701347
2142    8.76592588425
2136    8.79242300987
2132    8.82628798485
2144    8.85643291473
2262    8.88717389107
2143    8.91823196411
2134    8.95088601112
2245    8.99411797523
2136    9.03751802444
2144    9.07512307167
2144    9.11584806442
2137    9.14910101891
2136    9.18752789497
2131    9.2279419899
2127    9.26584792137
2137    9.29676699638
2135    9.32812809944
2148    9.36396789551
2140    9.40625596046
2149    9.44436907768
2150    9.47516107559
2148    9.50391888618
2157    9.53563094139
2260    9.56877803802
2148    9.59728097916
2149    9.62551403046
2150    9.6585829258
2157    9.69346499443
2147    9.72846603394
2145    9.76851892471
2159    9.79842209816
2276    9.83344197273
2151    9.87834787369
2158    9.90355587006
2235    9.94353604317
2156    9.97675204277
2155    10.0202350616
2148    10.0673968792
2159    10.092279911
2167    10.1246349812
2175    10.1567208767
2268    10.1886160374
2164    10.2159950733
2278    10.2591340542
2159    10.3004169464
2164    10.3361048698
2165    10.3768179417
2173    10.4027540684
2166    10.4408090115
2171    10.478730917
2171    10.5101208687
2168    10.5388000011
2168    10.5703098774
2172    10.6076099873
2171    10.6412088871
2164    10.6844909191
2174    10.7304120064
2166    10.7640559673
2172    10.7999470234
2165    10.8382949829
2164    10.8811199665
2289    10.9107089043
2161    10.9437260628
2164    10.9868159294
2165    11.0310299397
2173    11.0576169491
2160    11.094960928
2160    11.1221210957
2172    11.1524999142
2160    11.1801729202
2172    11.2168450356
2172    11.2433340549
2169    11.2753648758
2174    11.3141479492
2167    11.3423249722
2164    11.3858718872
2284    11.4200630188
2165    11.4475150108
2164    11.4752640724
2175    11.5096619129
2174    11.5431718826
2173    11.5731890202
2174    11.6031799316
2168    11.633015871
2175    11.667994976
2168    11.6978518963
2165    11.7328829765
2164    11.7730460167
2277    11.8098549843
2165    11.844096899
2277    11.8872919083
2164    11.9247460365
2172    11.9532260895
2278    11.9857590199
2164    12.0226778984
2171    12.0468969345
2290    12.0813529491
2170    12.114716053
2275    12.155148983
2173    12.1937110424
2175    12.2469260693
2165    12.2840158939
2169    12.3160099983
2167    12.359306097
2153    12.402438879
2151    12.4394180775
2162    12.4712450504
2154    12.5144660473
2162    12.5417180061
2150    12.5741810799
2148    12.6076760292
2152    12.6508009434
2152    12.6754589081
2159    12.7105810642
2161    12.7443420887
2153    12.7820658684
2153    12.8115110397
2152    12.8431830406
2157    12.8772161007
2135    12.9164118767
2140    12.9448080063
2139    12.9829990864
2132    13.0131449699
2145    13.0481109619
2129    13.0732400417
2144    13.1104810238
2133    13.149214983
2128    13.1925289631
2136    13.2359268665
2136    13.2694430351
2145    13.3063778877
2134    13.3448820114
2134    13.3881099224
2113    13.4150319099
2128    13.4535410404
2119    13.486782074
2124    13.5357320309
2115    13.5738399029
2126    13.6045250893
2127    13.6405010223
2114    13.6790440083
2126    13.7096660137
2116    13.7377970219
2121    13.7708690166
2242    13.8061110973
2102    13.8442840576
2104    13.8783540726
2104    13.9075529575
2114    13.9375989437
2116    13.9705479145
2111    14.0026988983
2104    14.0456650257
2111    14.0717389584
2102    14.1151940823
2100    14.1533539295
2231    14.1852450371
2217    14.2131381035
2105    14.2599868774
2225    14.3035099506
2104    14.3417980671
2106    14.3737370968
2215    14.4024000168
2110    14.4358160496
2109    14.4692289829
2102    14.5076589584
2103    14.5363218784
2085    14.5750761032
2085    14.6088140011
2089    14.6426310539
2093    14.669645071
2089    14.7095310688
2080    14.7444829941
2221    14.775701046
2070    14.8184230328
2070    14.8467319012
2185    14.8846509457
2063    14.9255740643
2054    14.9618890285
2060    14.9978530407
2159    15.0362448692
2040    15.0690340996
2046    15.103053093
2038    15.1293618679
2039    15.1632559299
2152    15.1939589977
2046    15.2347259521
2156    15.2604858875
2044    15.2962880135
2037    15.3392400742
2022    15.3804590702
2029    15.4053719044
2029    15.4385418892
2024    15.469949007
2141    15.5020880699
2031    15.5356879234
2015    15.5721790791
2028    15.6089251041
2016    15.6407239437
2021    15.6920130253
2015    15.7248980999
2003    15.7531569004
2016    15.7884910107
2016    15.8171510696
2010    15.8458039761
2006    15.8797478676
2013    15.9112849236
2006    15.9395260811
2001    15.971873045
2012    16.0055789948
2002    16.0443608761
2007    16.0784430504
2006    16.1183059216
1991    16.1535589695
1991    16.1905050278
1991    16.2191030979
2097    16.2624659538
1992    16.2890470028
1997    16.328537941
1994    16.3670399189
1993    16.405176878
2000    16.4368739128
1998    16.4686419964
1990    16.5008010864
1969    16.5322480202
1982    16.5648450851
1968    16.6082589626
1968    16.6511170864
1972    16.6752979755
1977    16.7146909237
1984    16.7506620884
1977    16.7822210789
2092    16.8180959225
1960    16.8547549248
1966    16.8863298893
1967    16.9171080589
1959    16.9489159584
1963    16.9812140465
1960    17.0239810944
1963    17.0674920082
1960    17.0942249298
1960    17.1273570061
1940    17.1599750519
1942    17.2032670975
1943    17.2464239597
1946    17.2719759941
1951    17.3027360439
1941    17.3458530903
2060    17.3757798672
1948    17.414206028
2036    17.4465689659
1938    17.4783990383
1925    17.521805048
1935    17.5488169193
1929    17.5826220512
1920    17.6100530624
1913    17.6432359219
1912    17.6715140343
1914    17.7048099041
