1486    0.0376489162445
1384    0.0694968700409
1383    0.111261844635
1381    0.142102003098
1404    0.172957897186
1400    0.215873003006
1394    0.253717899323
1392    0.281080007553
1518    0.313462018967
1485    0.350807905197
1394    0.388192892075
1398    0.415500879288
1398    0.44784784317
1396    0.48027586937
1408    0.507627010345
1380    0.545034885406
1393    0.572470903397
1397    0.609821796417
1414    0.637151956558
1414    0.66953587532
1395    0.701886892319
1398    0.733430862427
1415    0.77680683136
1378    0.814785957336
1373    0.8577439785
1331    0.888751983643
1326    0.921676874161
1305    0.960554838181
1279    1.00303483009
1391    1.03350281715
1230    1.06652283669
1213    1.09520888329
1198    1.13444280624
1191    1.16777396202
1196    1.21606898308
1131    1.25266098976
1132    1.28624391556
1126    1.32717990875
1076    1.37375688553
1080    1.4119849205
1080    1.45504879951
1086    1.48125481606
1080    1.51406884193
1081    1.5452709198
1076    1.57868385315
1081    1.60684990883
1084    1.64513897896
1082    1.68834495544
1103    1.72168397903
1115    1.75999593735
1114    1.79333996773
1116    1.82152986526
1110    1.85471796989
1108    1.88795900345
1123    1.9311299324
1094    1.95437192917
1109    1.98714494705
1113    2.02103281021
1096    2.04720592499
1081    2.08302593231
1079    2.12605285645
1081    2.15116286278
1080    2.18415999413
1023    2.21572184563
1023    2.24887180328
1077    2.29140782356
1079    2.32300591469
1082    2.35469579697
1064    2.39710283279
1082    2.42905783653
1060    2.45762181282
1061    2.49069285393
1061    2.52489495277
1079    2.56357383728
1062    2.60498595238
1080    2.6366918087
1081    2.66490602493
1094    2.70126581192
1096    2.72771191597
1115    2.76496481895
1115    2.79735684395
1130    2.83478498459
1132    2.85718679428
1112    2.89466691017
1130    2.92229580879
1151    2.95691680908
1151    2.98120999336
1149    3.01555490494
1141    3.04980587959
1275    3.07716798782
1143    3.11005592346
1180    3.15335583687
1189    3.19660186768
1195    3.24062585831
1197    3.2676718235
1323    3.30309295654
1230    3.3417468071
1230    3.36866998672
1226    3.40892887115
1248    3.44177389145
1231    3.48009181023
1245    3.52277684212
1231    3.56245398521
1248    3.59213995934
1245    3.62160682678
1369    3.65397381783
1244    3.6959400177
1243    3.73976683617
1259    3.77752995491
1279    3.8380048275
1279    3.87116980553
1279    3.87922382355
1275    3.90927791595
1276    3.93595480919
1274    3.96868681908
1239    3.99706482887
1279    4.03469991684
1263    4.0781648159
1273    4.11625885963
1279    4.14931201935
1279    4.18899393082
1386    4.23137187958
1296    4.25875282288
1279    4.29160881042
1279    4.33500599861
1309    4.37261080742
1164    4.40448498726
1314    4.45125699043
1276    4.48806381226
1418    4.51945900917
1369    4.55357694626
1140    4.59964990616
1023    4.63081693649
924    4.67414689064
841    4.71725201607
719    4.74438786507
594    4.77768683434
567    4.8089799881
619    4.85225081444
494    4.88218092918
738    4.92581892014
1300    4.96412801743
1428    5.00694394112
1425    5.03381896019
1447    5.06700801849
1445    5.09875893593
1444    5.13556289673
1453    5.1709318161
1448    5.21414899826
1447    5.25555300713
1461    5.298858881
1547    5.3355588913
1445    5.35938382149
1450    5.3935008049
1447    5.42432379723
1469    5.45510601997
1461    5.48589897156
1447    5.51677489281
1439    5.5485959053
1433    5.57928681374
1552    5.62250995636
1447    5.66828584671
1428    5.71092796326
1549    5.73850798607
1430    5.76507091522
1446    5.79832291603
1447    5.82937288284
1558    5.86130595207
1439    5.9051399231
1461    5.93182897568
1444    5.96511387825
1469    5.99843287468
1444    6.04151701927
1556    6.0797188282
1459    6.12321281433
1448    6.16700601578
1447    6.20156383514
1450    6.24121379852
1443    6.27575302124
1470    6.310297966
1566    6.34865379333
1463    6.37998795509
1460    6.4134349823
1465    6.44458580017
1453    6.48798084259
1584    6.53100895882
1589    6.55779194832
1462    6.59308600426
1465    6.61989784241
1447    6.65646290779
1452    6.68305301666
1444    6.71442294121
1445    6.74672794342
1461    6.77927398682
1428    6.80609202385
1414    6.84920787811
1485    6.88695597649
1413    6.91762590408
1417    6.9562728405
1389    6.99513792992
1363    7.0409989357
1472    7.07431697845
1398    7.11228179932
1500    7.15323400497
1328    7.19302201271
1350    7.22119402885
1381    7.25895380974
1347    7.29671502113
1384    7.33466601372
1417    7.3696269989
1413    7.40453600883
1415    7.43137288094
1427    7.47960400581
1523    7.51551294327
1417    7.54940199852
1422    7.57775092125
1414    7.60594892502
1520    7.63797187805
1450    7.67421388626
1415    7.69893980026
1398    7.73167800903
1402    7.76371502876
1411    7.79542684555
1397    7.83779287338
1367    7.87335586548
1363    7.90817379951
1327    7.94119095802
1348    7.96491885185
1348    8.00319886208
1334    8.03617787361
1279    8.06452584267
1311    8.11247992516
1311    8.14980792999
1297    8.18483400345
1388    8.20979881287
1391    8.24557590485
1259    8.27127385139
1264    8.30486798286
1368    8.34814286232
1279    8.38642382622
1262    8.42970395088
1279    8.47297787666
1266    8.5163629055
1261    8.54986381531
1277    8.58286190033
1279    8.61304402351
1275    8.64608097076
1279    8.67665791512
1298    8.71316790581
1315    8.74511384964
1279    8.77756595612
1309    8.82132601738
1306    8.86404585838
1311    8.90079498291
1340    8.93395185471
1331    8.96574091911
1329    8.99369692802
1331    9.0304210186
1347    9.06868481636
1356    9.11660385132
1362    9.15111684799
1365    9.18425297737
1359    9.22628688812
1360    9.25354886055
1468    9.2898349762
1376    9.31713294983
1399    9.35450696945
1385    9.39690589905
1382    9.42936301231
1382    9.46177697182
1397    9.50416684151
1516    9.53660392761
1484    9.568764925
1380    9.60125088692
1385    9.63030195236
1379    9.66284394264
1366    9.69201779366
1367    9.72756195068
1352    9.75422596931
1325    9.78725099564
1293    9.82962584496
1261    9.86204099655
1265    9.89950990677
1350    9.92697191238
1246    9.95470285416
1189    9.98708701134
1300    10.0169630051
1130    10.0501928329
1095    10.1032888889
1082    10.1313209534
1023    10.1668899059
991    10.1975038052
1100    10.2298829556
976    10.2672088146
970    10.3045749664
926    10.3322799206
886    10.3744459152
962    10.4035499096
960    10.4464428425
891    10.4850158691
977    10.5164349079
973    10.5594909191
946    10.6112678051
1010    10.6475749016
1014    10.6804289818
996    10.709155798
1014    10.7443389893
999    10.7759728432
1023    10.8039259911
1135    10.8398280144
1012    10.8662199974
1023    10.8980708122
1066    10.9297678471
1065    10.9716179371
1063    11.0098798275
1023    11.0533399582
1067    11.0802409649
1062    11.1266319752
1067    11.1617228985
1080    11.1947879791
1077    11.2287509441
1060    11.2735819817
1055    11.3060708046
1023    11.3439919949
1023    11.386909008
1062    11.4198498726
1062    11.4482438564
1023    11.4808228016
1055    11.5284388065
1151    11.5718069077
1080    11.6080608368
1133    11.6536359787
1083    11.6792769432
1080    11.7136049271
1060    11.7416918278
1080    11.7848758698
1077    11.8268418312
1080    11.8651089668
1080    11.9033129215
1093    11.9388959408
1099    11.9844038486
1099    12.0088179111
1082    12.0422818661
1079    12.0740230083
1078    12.1102759838
1200    12.1399099827
1095    12.1709098816
1103    12.2016518116
1096    12.2297258377
1098    12.2627358437
1112    12.2960870266
1123    12.339209795
1109    12.3774168491
1258    12.4091730118
1141    12.4483788013
1130    12.4847588539
1111    12.5182089806
1137    12.5495619774
1134    12.5809009075
1143    12.6119978428
1129    12.6492929459
1140    12.682448864
1142    12.71062994
1237    12.7433648109
1183    12.7906019688
1112    12.8336319923
1145    12.8714699745
1145    12.914593935
1139    12.9396159649
1181    12.9733989239
1178    13.0067818165
1161    13.0450129509
1255    13.0756969452
1175    13.1108708382
1258    13.1532149315
1174    13.1820409298
1198    13.212433815
1212    13.2383580208
1208    13.2723128796
1199    13.3018238544
1239    13.3350589275
1208    13.3633408546
1248    13.3997058868
1235    13.4246230125
1227    13.4568269253
1369    13.4897320271
1265    13.5216729641
1263    13.5522909164
1267    13.5878779888
1279    13.6184248924
1311    13.6514019966
1276    13.6794998646
1297    13.7276890278
1326    13.770198822
1304    13.7992959023
1329    13.8334698677
1326    13.8759829998
1325    13.9199240208
1351    13.9526150227
1343    13.9960939884
1343    14.0389988422
1343    14.0809469223
1329    14.1184928417
1350    14.1649589539
1347    14.2082908154
1354    14.2350428104
1343    14.2664539814
1327    14.2946279049
1347    14.3336789608
1341    14.3670229912
1355    14.4060988426
1325    14.4395968914
1350    14.4870169163
1353    14.5139698982
1350    14.556240797
1330    14.5943899155
1349    14.6244869232
1348    14.6579170227
1456    14.6861948967
1326    14.7239489555
1329    14.7623038292
1456    14.7885458469
1340    14.8369708061
1327    14.8783428669
1366    14.9164848328
1343    14.9490578175
1419    14.9872508049
1308    15.0200309753
1329    15.0542140007
1329    15.0798749924
1323    15.1124229431
1279    15.1445028782
1325    15.1752929688
1401    15.2214159966
1311    15.2476029396
1295    15.2832098007
1296    15.323941946
1315    15.3610248566
1295    15.3942899704
1254    15.4226088524
1307    15.4551589489
1260    15.4884109497
1260    15.5267457962
1276    15.554142952
1279    15.5962078571
1316    15.6345999241
1296    15.6614568233
1295    15.6988239288
1310    15.7342898846
1311    15.7650358677
1331    15.796681881
1347    15.8250148296
1328    15.8583300114
1332    15.8902218342
1378    15.9220659733
1476    15.9539778233
1476    15.9863538742
1396    16.015296936
1397    16.0489280224
1444    16.0921468735
1431    16.1187980175
1584    16.1541290283
1487    16.1810259819
1486    16.2265548706
1496    16.2595808506
1487    16.2982759476
1498    16.3292930126
1513    16.3702089787
1492    16.4220108986
1499    16.4590380192
1486    16.4996538162
1496    16.5295798779
1466    16.5606598854
1486    16.5926568508
1476    16.6246988773
1463    16.6576149464
1461    16.6895499229
1456    16.7325849533
1426    16.7631587982
1519    16.7988929749
1536    16.8354809284
1398    16.8670480251
1403    16.8987100124
1395    16.9305520058
1401    16.9625267982
1486    17.0059969425
1380    17.0484538078
1452    17.0862028599
1364    17.1257629395
1379    17.1707928181
1368    17.1957039833
1384    17.2306058407
1351    17.2580709457
1366    17.2925269604
1387    17.3222060204
1385    17.3518669605
1379    17.3844599724
1451    17.4169127941
1327    17.4493379593
1453    17.4916329384
1350    17.5289700031
1329    17.5618879795
1350    17.6043379307
1355    17.6312189102
1346    17.6634399891
1366    17.6960208416
1353    17.7265470028
1369    17.7566947937
1371    17.7900409698
1365    17.8276228905
