1481    0.0299911499023
1347    0.0598239898682
1372    0.0906720161438
1365    0.121410131454
1366    0.152184009552
1369    0.182841062546
1385    0.223649024963
1380    0.259068965912
1396    0.292083024979
1400    0.320176124573
1398    0.353487014771
1398    0.384225130081
1413    0.414956092834
1512    0.445703983307
1399    0.478964090347
1400    0.515941143036
1412    0.549158096313
1394    0.590825080872
1497    0.61766409874
1393    0.649533987045
1380    0.697857141495
1377    0.740649938583
1380    0.772833108902
1396    0.805341959
1349    0.832812070847
1350    0.865312099457
1465    0.897792100906
1326    0.945311069489
1328    0.977789163589
1274    1.01027393341
1277    1.04279398918
1264    1.0752799511
1230    1.10271906853
1214    1.13507509232
1213    1.16751909256
1212    1.19491195679
1157    1.2273850441
1147    1.25481510162
1148    1.29221796989
1098    1.32155299187
1097    1.37498497963
1055    1.40288805962
1179    1.43908905983
1023    1.46968102455
993    1.50030112267
457    1.53610110283
584    1.57776498795
632    1.61619400978
853    1.64363908768
920    1.68752598763
841    1.73083496094
994    1.77895116806
875    1.81159210205
1023    1.83892416954
911    1.87119913101
910    1.90356302261
910    1.93587803841
896    1.96814894676
1010    1.99544715881
942    2.02770113945
979    2.05490708351
975    2.09213495255
997    2.13031506538
1023    2.16027593613
1008    2.19037699699
963    2.22219014168
932    2.25274395943
924    2.28378200531
911    2.31867599487
879    2.34353303909
859    2.37521696091
862    2.40763998032
979    2.44439911842
876    2.47710609436
906    2.52023911476
909    2.5655670166
911    2.60307407379
946    2.63600611687
943    2.66389298439
943    2.69681596756
946    2.72972893715
973    2.75817108154
1000    2.7898440361
994    2.83052396774
997    2.86120700836
1010    2.88942193985
997    2.92540311813
1023    2.95339894295
1023    2.98634910583
1049    3.03432512283
1097    3.06727814674
1083    3.10025811195
1078    3.12821793556
1095    3.16622614861
1113    3.1946849823
1112    3.23823213577
1116    3.26769113541
1133    3.29865002632
1119    3.32874512672
1235    3.36397099495
1148    3.40199995041
1146    3.44055509567
1150    3.47800993919
1157    3.52100801468
1142    3.55429816246
1149    3.57938599586
1176    3.6146440506
1176    3.64448094368
1181    3.68462610245
1183    3.71792411804
1176    3.75053310394
1182    3.78025007248
1178    3.81442403793
1179    3.85276198387
1176    3.88136005402
1193    3.92495799065
1179    3.96823716164
1197    4.01089501381
1212    4.04478907585
1209    4.07851600647
1228    4.11639809608
1206    4.14969706535
1219    4.18102908134
1230    4.20918893814
1230    4.24144697189
1228    4.28486299515
1228    4.32808303833
1248    4.35372209549
1359    4.38620305061
1242    4.41694116592
1248    4.45802497864
1211    4.49133610725
1203    4.52144193649
1200    4.55652213097
1178    4.58660006523
1194    4.61661195755
1222    4.64173793793
1348    4.67671012878
1265    4.70314097404
1279    4.7426431179
1326    4.76774311066
1342    4.79898309708
1353    4.83371901512
1366    4.87206697464
1365    4.91556596756
1366    4.9588830471
1372    4.98567509651
1364    5.02752614021
1365    5.07434296608
1498    5.10609197617
1384    5.1381111145
1383    5.17535710335
1380    5.20835614204
1382    5.24542212486
1373    5.271007061
1366    5.30305695534
1378    5.33199095726
1383    5.36769199371
1506    5.40493607521
1378    5.44332814217
1483    5.47126507759
1364    5.50483107567
1380    5.53740811348
1364    5.59560799599
1364    5.63382911682
1380    5.64186811447
1358    5.67537593842
0    5.70657801628
1352    5.71429204941
1346    5.75383996964
0    5.78822803497
1472    5.79671096802
1350    5.83533501625
0    5.87361216545
1331    5.8766040802
1471    5.90951108932
0    5.9425971508
1332    5.9455280304
1367    5.97868895531
0    6.01682901382
1342    6.02487611771
1361    6.04285907745
0    6.08403801918
1350    6.09786105156
1346    6.11648511887
1371    6.14538598061
1359    6.18427801132
1368    6.19295811653
1365    6.22142505646
0    6.26013112068
1380    6.26366305351
1363    6.29709196091
0    6.32901906967
1366    6.33565807343
1343    6.36675310135
0    6.40585303307
1437    6.41197514534
1315    6.43214607239
0    6.46888804436
1369    6.495896101
1487    6.52786493301
1363    6.53518915176
1483    6.56536197662
1367    6.60034394264
1362    6.63099098206
1362    6.66201305389
1331    6.69369506836
1369    6.72446513176
1365    6.75667715073
1332    6.78537011147
1454    6.81519508362
1326    6.8552801609
1279    6.893253088
1298    6.94186902046
1277    6.9789249897
1259    7.022108078
1244    7.06546998024
1245    7.10344099998
1258    7.13024711609
1277    7.16090106964
1267    7.19679808617
1396    7.23990797997
1279    7.26646113396
1269    7.29710006714
1264    7.33289003372
1277    7.37124109268
1279    7.41995096207
1333    7.45806598663
1334    7.48499894142
1367    7.52171301842
1452    7.54839110374
1363    7.58054494858
1371    7.62223315239
1386    7.64590597153
1383    7.68455195427
1343    7.7283141613
1371    7.76743602753
1335    7.79503417015
1327    7.82889413834
1311    7.85774111748
1309    7.89160704613
1326    7.92048597336
1297    7.95422410965
1279    7.99299502373
1260    8.02173113823
1243    8.07050800323
1265    8.11009597778
1244    8.15100693703
1230    8.17503905296
1211    8.21017694473
1225    8.23899197578
1216    8.27099108696
1235    8.30101895332
1228    8.33772706985
1210    8.36784410477
1194    8.39976096153
1212    8.43283605576
1307    8.47594308853
1330    8.51763105392
1177    8.54338693619
1219    8.57764816284
1235    8.60846304893
1230    8.63983416557
1216    8.67109012604
1343    8.69562697411
1218    8.73055911064
1214    8.76061105728
1215    8.7909719944
1240    8.82487201691
1228    8.86007094383
1262    8.89769911766
1276    8.94059705734
1277    8.98265504837
1260    9.00847697258
1277    9.04405808449
1279    9.08054709435
1301    9.11274695396
1311    9.15603899956
1317    9.18677997589
1423    9.2147500515
1309    9.25446915627
1279    9.28239893913
1279    9.32516407967
1298    9.3499751091
1297    9.38365101814
1311    9.41262102127
1310    9.46047306061
1309    9.50130701065
1279    9.53959298134
1311    9.58292412758
1316    9.62052106857
1295    9.65293097496
1279    9.6853120327
1278    9.71776413918
1258    9.75563216209
1228    9.79650211334
1240    9.82946610451
1199    9.86855006218
1164    9.90348100662
1112    9.9382250309
1099    9.96836495399
1077    10.0115060806
1078    10.0543780327
1008    10.0800170898
966    10.1164000034
910    10.1514730453
907    10.1848139763
892    10.2280809879
841    10.2662301064
840    10.2979011536
856    10.3280961514
936    10.3602740765
856    10.4060621262
859    10.4417381287
823    10.4749701023
828    10.5116751194
858    10.5480539799
972    10.5906031132
887    10.6342899799
860    10.677670002
878    10.715624094
927    10.7460329533
856    10.7888550758
941    10.8177449703
909    10.8609421253
964    10.8872511387
962    10.9217550755
956    10.9564471245
980    10.9960639477
1011    11.0206661224
1063    11.0553531647
975    11.0867209435
978    11.1200239658
945    11.151925087
1058    11.1835510731
973    11.2136480808
1005    11.2470970154
976    11.291465044
975    11.3188180923
945    11.3613629341
1022    11.393871069
978    11.4263660908
1087    11.4587650299
991    11.4912919998
1009    11.5186970234
993    11.5510921478
992    11.5884370804
1023    11.6309130192
1014    11.6583530903
1124    11.6858699322
994    11.7292470932
1014    11.7728569508
1014    11.8065431118
1191    11.8396880627
1010    11.8723499775
1021    11.9156470299
1055    11.9588720798
1048    11.9955861568
1023    12.0270979404
1023    12.0601291656
1023    12.1073420048
1060    12.1460940838
1081    12.1844251156
1081    12.2164349556
1197    12.2468061447
1190    12.2841880322
1075    12.3227021694
1075    12.3606879711
1223    12.3906450272
1081    12.4237289429
1075    12.4673900604
1098    12.5108671188
1095    12.5536501408
1112    12.5906031132
1197    12.6274411678
1112    12.6659221649
1080    12.7091219425
1096    12.7524220943
1100    12.7852180004
1227    12.82158494
1119    12.857612133
1133    12.9049141407
1118    12.936601162
1102    12.9785001278
1100    13.0165939331
1117    13.0538229942
1127    13.0858750343
1147    13.1370460987
1112    13.178976059
1127    13.2162270546
1261    13.2561230659
1132    13.2939009666
1132    13.3314909935
1148    13.3652410507
1162    13.4024789333
1164    13.4398040771
1311    13.4713420868
1215    13.5031011105
1212    13.5345201492
1216    13.5678620338
1350    13.610902071
1231    13.6416721344
1267    13.6725580692
1277    13.7150321007
1273    13.7529821396
1279    13.782474041
1279    13.8162200451
1263    13.8597290516
1300    13.8866591454
1297    13.9192540646
1299    13.9663219452
1299    14.0047240257
1305    14.0430121422
1279    14.0711741447
1279    14.1029851437
1316    14.1339960098
1447    14.1657600403
1311    14.2090051174
1333    14.2390151024
1327    14.2686450481
1311    14.2990250587
1311    14.3346230984
1315    14.3655660152
1329    14.4124081135
1331    14.4544010162
1328    14.4810240269
1306    14.514040947
1299    14.5532970428
1327    14.5846149921
1328    14.6132390499
1324    14.6459159851
1279    14.6741759777
1443    14.7221641541
1309    14.763739109
1464    14.7889261246
1311    14.835958004
1310    14.8641121387
1311    14.9014410973
1335    14.9286899567
1328    14.9657640457
1296    15.0172941685
1279    15.0537979603
1311    15.0889511108
1310    15.11424613
1279    15.1470980644
1245    15.1906869411
1257    15.2275531292
1255    15.2598011494
1258    15.2880101204
1243    15.3214981556
1247    15.3529989719
1244    15.3967559338
1248    15.4402520657
1265    15.4728960991
1264    15.511382103
1267    15.5520009995
1247    15.5870521069
1244    15.6286001205
1248    15.6666259766
1264    15.6945569515
1267    15.7274580002
1223    15.7696950436
1243    15.797260046
1226    15.8345530033
1278    15.8619520664
1279    15.8893370628
1311    15.9267539978
1276    15.9595241547
1314    16.006428957
1311    16.0435459614
1309    16.0871250629
1348    16.1301820278
1382    16.1684629917
1385    16.1983840466
1380    16.2305600643
1393    16.273993969
1417    16.3173799515
1565    16.3587789536
1447    16.3968851566
1470    16.4401011467
1431    16.4784340858
1431    16.5219781399
1450    16.5528831482
1451    16.5817060471
1396    16.6192059517
1397    16.6608080864
1528    16.6985681057
1390    16.7416231632
1384    16.7845611572
1367    16.8371961117
1474    16.865249157
1351    16.8983430862
1348    16.9263019562
1475    16.9597170353
1325    16.9982039928
1346    17.0265460014
1475    17.0599739552
1334    17.088310957
1324    17.1384270191
1335    17.1781339645
1318    17.2054951191
1311    17.2374329567
1325    17.2695231438
1311    17.2993919849
1315    17.3347170353
1311    17.3727180958
1310    17.4192521572
1309    17.4592440128
1315    17.484208107
1322    17.5270609856
