2098    0.0285050868988
2108    0.0617380142212
2104    0.0923330783844
2106    0.130475997925
2105    0.163829088211
2228    0.199604988098
2127    0.240193128586
2118    0.266084194183
2119    0.301938056946
2136    0.339838027954
2136    0.368376016617
2138    0.417004108429
2162    0.460134983063
2158    0.495277166367
2274    0.52786397934
2168    0.55934715271
2165    0.602425098419
2172    0.644168138504
2184    0.682695150375
2183    0.714437961578
2302    0.745740175247
2201    0.77774810791
2196    0.820656061172
2323    0.863700151443
2220    0.890750169754
2220    0.926072120667
2229    0.953200101852
2236    0.985462188721
2232    1.0265891552
2229    1.06417512894
2228    1.10758709908
2236    1.13379311562
2224    1.16817498207
2355    1.19915509224
2211    1.24261903763
2227    1.28678607941
2156    1.32417917252
2136    1.35157608986
2105    1.37893509865
2074    1.41128706932
2071    1.43868899345
1998    1.47106003761
1935    1.50345396996
1949    1.5311961174
1721    1.57453298569
1576    1.61779618263
1396    1.65517306328
1215    1.70119810104
1080    1.73892116547
976    1.78327512741
856    1.81649708748
735    1.86004400253
616    1.89823913574
510    1.92977809906
596    1.96162199974
565    1.99320006371
687    2.03389310837
774    2.06463718414
769    2.09528803825
844    2.13096117973
894    2.17160511017
942    2.2072660923
991    2.23305010796
1023    2.27151012421
1077    2.30784416199
1099    2.33688616753
1100    2.37128400803
1164    2.414757967
1181    2.45800805092
1220    2.49482011795
1247    2.53735613823
1261    2.57569408417
1279    2.60736608505
1279    2.63754701614
1296    2.6721470356
1315    2.69694519043
1324    2.72998404503
1341    2.76277399063
1350    2.80839300156
1386    2.83534002304
1363    2.87850618362
1387    2.91554808617
1375    2.94897818565
1374    2.97737717628
1396    3.01122403145
1395    3.03785014153
1420    3.07458996773
1419    3.10147309303
1415    3.13964509964
1410    3.16324114799
1427    3.19874596596
1427    3.24120616913
1442    3.28197717667
1562    3.30977296829
1441    3.34183001518
1469    3.37046408653
1459    3.40337014198
1587    3.43660902977
1465    3.46861314774
1582    3.49972605705
1476    3.54308009148
1478    3.56991410255
1479    3.60326910019
1500    3.64662718773
1498    3.68903803825
1500    3.72646212578
1496    3.75768017769
1613    3.79429006577
1506    3.83223795891
1514    3.86236405373
1509    3.90571808815
1634    3.94865012169
1525    3.98635816574
1530    4.02627396584
1531    4.05648612976
1531    4.08831810951
1531    4.11999607086
1542    4.16003799438
1543    4.19195103645
1545    4.22442007065
1543    4.27059602737
1543    4.30897903442
1559    4.34975814819
1567    4.37683296204
1561    4.41978812218
1557    4.45820903778
1565    4.48326301575
1551    4.5215780735
1579    4.56454610825
1579    4.60126519203
1574    4.62941813469
1575    4.66777396202
1574    4.70523500443
1575    4.74807310104
1706    4.77666306496
1595    4.80546212196
1591    4.83913612366
1591    4.8678290844
1590    4.9067440033
1591    4.94322896004
1597    4.97321915627
1612    5.0050611496
1603    5.0485329628
1606    5.0871360302
1609    5.11784815788
1612    5.15710616112
1611    5.18512201309
1614    5.21677708626
1606    5.26333999634
1625    5.29209113121
1629    5.32083010674
1630    5.35485816002
1624    5.39828801155
1619    5.44110298157
1738    5.47932815552
1627    5.50661802292
1641    5.54962611198
1764    5.58483219147
1645    5.61557006836
1642    5.64787507057
1648    5.69128799438
1642    5.73466396332
1647    5.7620370388
1645    5.79482102394
1652    5.82623004913
1663    5.85981607437
1662    5.89989709854
1658    5.92475914955
1663    5.9647231102
1663    5.99946808815
1663    6.02963805199
1793    6.0778939724
1674    6.11630916595
1674    6.15926814079
1674    6.18747496605
1677    6.21813607216
1670    6.24862504005
1672    6.28623914719
1685    6.31415700912
1686    6.36255908012
1686    6.39986205101
1687    6.42645907402
1695    6.46262001991
1694    6.49671196938
1686    6.52336716652
1687    6.56689119339
1694    6.59649515152
1686    6.64010214806
1804    6.68367099762
1679    6.72567605972
1679    6.75303912163
1669    6.78146505356
1679    6.81417107582
1670    6.84240698814
1675    6.8762421608
1653    6.90931296349
1656    6.94712805748
1656    6.97851419449
1771    7.00525999069
1663    7.04191708565
1648    7.06754016876
1642    7.10320496559
1645    7.13006401062
1626    7.16956400871
1742    7.21371006966
1614    7.24808001518
1727    7.28918814659
1591    7.32800507545
1574    7.35595798492
1577    7.39571499825
1558    7.42326307297
1550    7.47010707855
1536    7.51060914993
1487    7.54813313484
1476    7.57894706726
1593    7.61164617538
1575    7.63937497139
1427    7.67574119568
1417    7.70157003403
1388    7.74219417572
1369    7.77781319618
1334    7.81344199181
1318    7.84407019615
1315    7.87482619286
1418    7.90549707413
1297    7.93630218506
1279    7.96709108353
1301    8.00301909447
1295    8.03993916512
1279    8.07871103287
1330    8.12413096428
1355    8.15520596504
1349    8.1864130497
1363    8.215280056
1506    8.24725604057
1400    8.28274798393
1539    8.30835819244
1528    8.34487605095
1446    8.38860416412
1447    8.42498016357
1467    8.46038818359
1475    8.49124598503
1491    8.52397608757
1499    8.55174398422
1512    8.59060096741
1531    8.62806415558
1551    8.65789008141
1543    8.69281816483
1547    8.72270917892
1563    8.75267505646
1674    8.78524708748
1578    8.82950115204
1574    8.86746716499
1573    8.90527915955
1591    8.94876408577
1591    8.99204015732
1613    9.01611709595
1609    9.05023813248
1610    9.0844180584
1630    9.11861014366
1618    9.15266108513
1627    9.18676114082
1625    9.2258951664
1639    9.25509214401
1642    9.28410601616
1644    9.31641316414
1642    9.34933996201
1658    9.37667703629
1659    9.40902304649
1653    9.44633603096
1650    9.47368907928
1659    9.50603818893
1652    9.5333571434
1671    9.56066203117
1671    9.59302902222
1671    9.62021303177
1671    9.65729403496
1663    9.68959116936
1670    9.72696614265
1691    9.76019001007
1684    9.79988908768
1692    9.82965612411
1811    9.85950016975
1697    9.89935898781
1695    9.92418003082
1684    9.95893096924
1828    9.99394512177
1738    10.0317780972
1822    10.0638899803
1700    10.1071300507
1710    10.1417400837
1703    10.1799721718
1709    10.2082409859
1708    10.241574049
1706    10.2848360538
1842    10.3284850121
1715    10.371710062
1723    10.399091959
1729    10.4323391914
1721    10.4608771801
1717    10.4939601421
1718    10.5256891251
1836    10.5635011196
1712    10.6009821892
1716    10.6441891193
1719    10.6850650311
1713    10.7186391354
1741    10.7450389862
1737    10.7789080143
1741    10.8087990284
1742    10.8370511532
1734    10.8704891205
1728    10.9041111469
1728    10.9470350742
1732    10.9808380604
1730    11.0176970959
1853    11.0612711906
1749    11.0990920067
1742    11.1257791519
1753    11.1593179703
1756    11.1872601509
1868    11.2181689739
1745    11.2511780262
1878    11.2819020748
1757    11.3179860115
1753    11.354706049
1751    11.3933689594
1752    11.4366931915
1776    11.4629240036
1765    11.4920129776
1762    11.5254511833
1767    11.556989193
1766    11.6016051769
1772    11.6295301914
1774    11.6616430283
1768    11.7091040611
1784    11.7443151474
1785    11.782487154
1785    11.8203680515
1783    11.860970974
1792    11.8966281414
1786    11.9224591255
1794    11.9558341503
1798    11.9942531586
1798    12.0276429653
1795    12.0712351799
1797    12.1143791676
1815    12.1659510136
1814    12.1935231686
1813    12.2260329723
1813    12.263518095
1945    12.291162014
1831    12.3188390732
1830    12.3514339924
1905    12.3789100647
1829    12.4113819599
1847    12.438970089
1848    12.4714980125
1846    12.4995610714
1845    12.5435781479
1845    12.5866880417
1872    12.6121821404
1871    12.6737210751
1869    12.7010390759
1863    12.733246088
1881    12.7654640675
1882    12.7930979729
1880    12.8258461952
1891    12.8588161469
1882    12.8909599781
1892    12.9288651943
1907    12.9770879745
1906    13.0088150501
1913    13.0393631458
1918    13.0703940392
1920    13.101320982
2046    13.1483881474
1928    13.1856751442
1930    13.2165131569
2059    13.2448031902
1949    13.2774751186
1938    13.3051841259
1965    13.3429601192
1956    13.3789260387
1976    13.4170601368
1982    13.4493839741
1972    13.4924581051
1990    13.535793066
2104    13.5691699982
2008    13.6073851585
2004    13.6556890011
2134    13.7033481598
2024    13.7465081215
2031    13.7754201889
2171    13.8036119938
2063    13.8388640881
2068    13.8823020458
2066    13.9201750755
2084    13.9536230564
2108    13.9919550419
2113    14.0282821655
2125    14.0651261806
2236    14.1079449654
2144    14.1470141411
2157    14.179500103
2169    14.2073481083
2187    14.2558040619
2312    14.2928681374
2205    14.3312289715
2220    14.3745601177
2234    14.4170360565
2241    14.4555799961
2256    14.4988250732
2272    14.5272359848
2286    14.5605511665
2321    14.5984170437
2320    14.6321699619
2319    14.6789681911
2326    14.715157032
2328    14.7470121384
2326    14.7783579826
2300    14.8057570457
2300    14.8280210495
2281    14.8608391285
2272    14.8884589672
2272    14.9216980934
2255    14.9600889683
2263    14.9982550144
2241    15.0289890766
2258    15.0573480129
2260    15.0901911259
2255    15.1347250938
2266    15.1620461941
2362    15.1967990398
2240    15.2399790287
2249    15.2754571438
2240    15.3128080368
2226    15.3451230526
2339    15.3725690842
2211    15.4160180092
2331    15.4440979958
2206    15.4757950306
2198    15.5083270073
2175    15.5516910553
2179    15.5899829865
2172    15.6381430626
2161    15.6799800396
2161    15.7168619633
2139    15.7486581802
2135    15.7803740501
2126    15.8108119965
2142    15.8445241451
2126    15.8711659908
2118    15.909142971
2111    15.9469621181
2116    15.980189085
2105    16.0229351521
2105    16.0610580444
2089    16.0923390388
2084    16.1247260571
2094    16.1554410458
2070    16.189125061
2076    16.2159121037
2081    16.25207901
2072    16.2798681259
2051    16.3078861237
2055    16.3449959755
2175    16.3855330944
2054    16.4162890911
2061    16.4472131729
2057    16.4804191589
2043    16.5089921951
2045    16.5423381329
2029    16.5857839584
2045    16.6169881821
2037    16.6553339958
2038    16.6886820793
2043    16.72747612
2156    16.7752389908
2033    16.8026170731
2037    16.8399729729
2039    16.8674530983
2045    16.902613163
2038    16.9405670166
2056    16.9838960171
2065    17.015401125
2053    17.0579710007
2057    17.1009030342
2056    17.1441261768
2056    17.1921401024
2079    17.216520071
2079    17.2506220341
2076    17.2848610878
2072    17.322920084
2069    17.3551690578
2079    17.3902680874
2189    17.4274761677
2086    17.455851078
2096    17.4954221249
2086    17.5379359722
2086    17.5763711929
2087    17.6046690941
2090    17.6413061619
2096    17.6713809967
2100    17.7146379948
2104    17.757445097
2104    17.7902941704
2111    17.8435590267
2113    17.8769190311
2104    17.9102370739
