2042    0.0284337997437
2038    0.0641129016876
2042    0.0953040122986
2037    0.138597011566
2041    0.18083190918
2185    0.219158887863
2055    0.256541967392
2057    0.297607898712
2201    0.341375827789
2075    0.371554851532
2203    0.40499997139
2218    0.433169841766
2088    0.466664791107
2090    0.495012998581
2087    0.528464794159
2090    0.556921005249
2109    0.595360994339
2101    0.637553930283
2111    0.675200939178
2110    0.698985815048
2107    0.732000827789
2123    0.760398864746
2257    0.796100854874
2123    0.822288990021
2129    0.855480909348
2140    0.888157844543
2137    0.91573381424
2135    0.953394889832
2153    1.0013449192
2150    1.03812885284
2169    1.06997585297
2158    1.09752988815
2166    1.1331307888
2175    1.17198491096
2175    1.20039892197
2183    1.23712491989
2180    1.27929282188
2183    1.31161284447
2188    1.35800600052
2179    1.39079380035
2175    1.42771291733
2175    1.45478487015
2152    1.48682594299
2136    1.51776599884
2111    1.55285191536
2093    1.57784986496
2092    1.6129629612
2052    1.65583181381
1965    1.69878101349
1877    1.74730682373
1796    1.78544378281
1710    1.81609582901
1580    1.85108494759
1576    1.88447594643
1411    1.92288184166
1263    1.94905400276
1131    1.98477888107
1049    2.0152528286
938    2.05867099762
842    2.1031498909
752    2.14680695534
714    2.19009685516
825    2.22854685783
962    2.2551908493
1023    2.28935480118
1076    2.31826591492
1134    2.35035681725
1129    2.38811397552
1197    2.42666697502
1230    2.46513581276
1263    2.49412178993
1255    2.52729201317
1294    2.55506491661
1309    2.58806395531
1335    2.62510180473
1347    2.66198182106
1365    2.68987488747
1363    2.72225093842
1380    2.75487685204
1526    2.78327298164
1415    2.816177845
1413    2.84086680412
1422    2.87349081039
1428    2.91162586212
1429    2.94478178024
1574    2.97257781029
1573    3.02104592323
1465    3.04785180092
1467    3.08064198494
1460    3.108522892
1477    3.14099192619
1475    3.17481994629
1478    3.21971392632
1484    3.24758791924
1498    3.2806968689
1624    3.32386493683
1487    3.36790585518
1493    3.40447282791
1499    3.44315695763
1508    3.48712086678
1639    3.53120183945
1505    3.56961393356
1509    3.60111880302
1636    3.64384293556
1530    3.67215180397
1526    3.70522785187
1655    3.75354385376
1524    3.78844189644
1529    3.8189330101
1551    3.84935688972
1538    3.87766194344
1547    3.91556096077
1541    3.9572429657
1544    3.9947719574
1558    4.03893995285
1558    4.07728886604
1555    4.12087082863
1562    4.14793586731
1552    4.17975378036
1577    4.21104478836
1567    4.25363898277
1576    4.29618477821
1573    4.32347297668
1578    4.3561809063
1577    4.39966678619
1593    4.42773485184
1591    4.46077489853
1589    4.48872494698
1589    4.52163290977
1592    4.5498278141
1599    4.58147287369
1591    4.61110687256
1591    4.64300680161
1612    4.67390179634
1738    4.71656298637
1607    4.75442695618
1614    4.78840398788
1608    4.82419395447
1617    4.85972499847
1633    4.89309191704
1630    4.92035484314
1760    4.96368479729
1624    4.99169182777
1627    5.02483081818
1622    5.06820082664
1625    5.10964393616
1624    5.13396000862
1643    5.16627883911
1642    5.19904184341
1769    5.2416408062
1642    5.29165291786
1774    5.32439184189
1659    5.35693478584
1655    5.3893737793
1785    5.41687297821
1656    5.44914698601
1654    5.48680591583
1792    5.51341485977
1663    5.55424594879
1673    5.58781981468
1673    5.61897492409
1672    5.66552591324
1674    5.70780396461
1675    5.73104190826
1678    5.76624393463
1800    5.80449795723
1693    5.8449909687
1686    5.87258195877
1684    5.90551900864
1688    5.9484899044
1813    5.98665595055
1692    6.02182078362
1710    6.0633919239
1704    6.09906578064
1710    6.12975597382
1707    6.15988183022
1710    6.19478392601
1719    6.23004293442
1703    6.26261281967
1708    6.29856991768
1727    6.32429099083
1721    6.35230183601
1717    6.39023995399
1713    6.41749382019
1718    6.45483088493
1720    6.47713589668
1720    6.50951385498
1717    6.5418817997
1715    6.57970190048
1726    6.61815094948
1863    6.65030479431
1735    6.67802095413
1741    6.717648983
1742    6.75242590904
1737    6.78568196297
1739    6.83054590225
1739    6.85884785652
1740    6.89201688766
1750    6.93428993225
1751    6.96690583229
1757    6.99739289284
1752    7.02790880203
1755    7.06379294395
1758    7.09288787842
1758    7.1269698143
1753    7.16534280777
1752    7.20869898796
1738    7.23594689369
1729    7.26864790916
1740    7.3153719902
1730    7.34874200821
1726    7.37901997566
1719    7.41177487373
1714    7.4399459362
1706    7.47324299812
1703    7.50240683556
1703    7.5350689888
1822    7.56202292442
1679    7.59450888634
1675    7.62281894684
1796    7.66527795792
1792    7.69122886658
1644    7.72949981689
1616    7.76778197289
1604    7.81097388268
1573    7.87610983849
1573    7.91783189774
1526    7.92432999611
1495    7.96627783775
0    7.99499583244
1472    8.00679397583
1459    8.05063486099
0    8.08936190605
1451    8.09295201302
1434    8.12628078461
0    8.16493582726
1432    8.16852498055
1427    8.20182085037
0    8.23213195801
1561    8.24010896683
1422    8.277769804
1432    8.28511190414
1426    8.31283187866
0    8.34875297546
1438    8.35189580917
1570    8.37518382072
0    8.40908479691
1457    8.41440200806
1480    8.44995880127
1490    8.49275684357
1491    8.53098487854
1510    8.56790995598
1657    8.59967589378
1536    8.63132095337
1527    8.66308093071
1546    8.69479084015
1564    8.72695684433
1553    8.75904297829
1706    8.79081392288
1577    8.8174469471
1572    8.85406899452
1587    8.89749383926
1723    8.9352118969
1607    8.97865796089
1611    9.01609277725
1607    9.04633593559
1622    9.081376791
1631    9.10809898376
1646    9.15624690056
1635    9.17973279953
1641    9.22224879265
1640    9.26558494568
1655    9.30370783806
1660    9.33196687698
1663    9.36316800117
1662    9.39519500732
1782    9.44116377831
1675    9.48200178146
1674    9.52038884163
1673    9.55240297318
1678    9.58408880234
1676    9.61583399773
1812    9.64748477936
1694    9.67913794518
1691    9.71074390411
1692    9.74254179001
1682    9.77430295944
1686    9.80595493317
1688    9.83237981796
1706    9.8711309433
1701    9.90443992615
1706    9.93744397163
1709    9.96795296669
1700    10.0111868382
1697    10.0426938534
1695    10.0860929489
1701    10.1297039986
1704    10.1682097912
1725    10.2091679573
1726    10.246753931
1720    10.2940189838
1847    10.327121973
1722    10.3599789143
1727    10.3927168846
1715    10.4207849503
1720    10.4589009285
1715    10.4972000122
1848    10.5406517982
1718    10.5833909512
1719    10.6216259003
1736    10.6543989182
1734    10.6976978779
1861    10.7361137867
1785    10.7677428722
1735    10.8006467819
1731    10.8439779282
1734    10.8874459267
1862    10.9306428432
1740    10.9663929939
1734    11.0019738674
1743    11.0380477905
1739    11.0754609108
1734    11.1184489727
1740    11.1491279602
1746    11.1922578812
1747    11.2353768349
1752    11.2723698616
1758    11.3038418293
1883    11.3514130116
1750    11.3737478256
1754    11.4111099243
1760    11.4407827854
1750    11.47347188
1757    11.5000748634
1751    11.5333118439
1766    11.5661928654
1770    11.5948169231
1768    11.647217989
1777    11.680768013
1774    11.716165781
1769    11.7586188316
1770    11.7859609127
1766    11.8233749866
1777    11.850840807
1785    11.8785028458
1793    11.9141259193
1780    11.9575009346
1781    11.9958457947
1928    12.0379858017
1798    12.0810709
1798    12.1302127838
1799    12.1683518887
1806    12.1990509033
1930    12.2349908352
1812    12.2729609013
1821    12.3067948818
1821    12.3365988731
1840    12.3768968582
1833    12.4095709324
1828    12.447439909
1828    12.4729588032
1830    12.5054199696
1846    12.5336899757
1847    12.5700428486
1849    12.5973908901
1846    12.6297039986
1840    12.6570878029
1865    12.6898419857
2002    12.7233328819
1869    12.754791975
1871    12.7955448627
1892    12.8361477852
1887    12.8693778515
1887    12.8958759308
2005    12.9282898903
1899    12.9885468483
1896    13.0216939449
1889    13.0637869835
1899    13.1069769859
1916    13.1457948685
1921    13.1726288795
1917    13.2039148808
1935    13.2405469418
1928    13.2778539658
1928    13.3087339401
2079    13.3544518948
1945    13.3886389732
1951    13.4228258133
1964    13.4474248886
1966    13.486030817
1985    13.5248467922
1976    13.5674128532
1977    13.5944550037
1975    13.6253199577
1991    13.6673908234
1997    13.7055389881
1996    13.7419359684
2006    13.8012199402
2006    13.8386418819
2026    13.8409488201
2030    13.8830749989
0    13.9155409336
2170    13.9229559898
2041    13.945625782
0    13.9788589478
2061    13.990942955
2055    14.0218338966
2071    14.0498290062
2069    14.0526649952
2071    14.0902488232
0    14.1288838387
2095    14.1373569965
2097    14.1751778126
2105    14.220553875
2109    14.2284948826
2111    14.2538158894
0    14.2900109291
2117    14.2984650135
2142    14.3345479965
2144    14.3670699596
2154    14.3744089603
2158    14.401460886
0    14.4393529892
2174    14.4468948841
2179    14.4884529114
0    14.5245358944
2219    14.5519349575
2213    14.5647618771
2211    14.6004588604
2229    14.6051359177
2219    14.6395578384
0    14.6694610119
2252    14.6741688251
2255    14.7036979198
2257    14.745112896
2256    14.7840018272
2257    14.8225347996
2265    14.8628239632
2240    14.8951668739
2231    14.9275398254
2210    14.9653358459
2332    15.0035588741
2190    15.0344319344
2183    15.0667729378
2163    15.0990858078
2158    15.1313769817
2165    15.1586389542
2165    15.1908569336
2188    15.2181909084
2172    15.2505028248
2309    15.2878220081
2165    15.3251178265
2165    15.3574798107
2165    15.3847808838
2170    15.4172198772
2167    15.4545609951
2162    15.4869389534
2144    15.5196478367
2156    15.5508408546
2136    15.6062819958
2136    15.6396028996
2124    15.6710457802
2118    15.7140197754
2111    15.7477779388
2103    15.793792963
2226    15.8269579411
2110    15.8603057861
2109    15.8940238953
2095    15.9177389145
2089    15.9569098949
2096    15.9956719875
2073    16.0392758846
2082    16.0641448498
2071    16.1021718979
2056    16.1470389366
2056    16.172055006
2064    16.207862854
2040    16.2448167801
2043    16.2729108334
2032    16.3079559803
2033    16.3437478542
2030    16.3779947758
2025    16.4162788391
2007    16.4495968819
2013    16.4816060066
2005    16.5140769482
2006    16.5569639206
1991    16.5975079536
1999    16.6280579567
2123    16.6587150097
2003    16.6897819042
2001    16.7262289524
1998    16.7590739727
1996    16.7911059856
2126    16.8252468109
2129    16.8493099213
2004    16.8833358288
1992    16.9176869392
1994    16.9559898376
1999    16.9842808247
1985    17.0208919048
1995    17.0619368553
1995    17.1000249386
1992    17.1119019985
1992    17.1426889896
2001    17.1550648212
1991    17.1855118275
1984    17.1985418797
1990    17.2281107903
0    17.2614798546
