2053    0.0267639160156
2064    0.0584888458252
2057    0.091500043869
2053    0.129757881165
2056    0.168321847916
2061    0.206596851349
2064    0.25518989563
2078    0.287363052368
2078    0.32094502449
2185    0.35813498497
2076    0.397282838821
2095    0.431504964828
2087    0.465692043304
2214    0.489845991135
2109    0.528981924057
2105    0.553220033646
2109    0.587404966354
2101    0.627011060715
2110    0.653892040253
2113    0.687518835068
2106    0.718394994736
2105    0.751997947693
2122    0.790336847305
2120    0.822260856628
2118    0.855804920197
2131    0.883136034012
2136    0.918117046356
2160    0.952698945999
2161    0.992266893387
2153    1.02527594566
2159    1.04858183861
2173    1.08424592018
2169    1.11566090584
2174    1.14886403084
2189    1.17690396309
2173    1.21188783646
2186    1.24226093292
2188    1.27601695061
2298    1.31444096565
2195    1.35295796394
2202    1.39633488655
2201    1.43364500999
2179    1.46198892593
2174    1.49883389473
2150    1.54078698158
2136    1.57902789116
2103    1.6248319149
2077    1.64982485771
2012    1.68341898918
1962    1.71132183075
1964    1.7458729744
1886    1.78241300583
1797    1.81434488297
1686    1.84618401527
1663    1.89289498329
1381    1.93465685844
1213    1.97244095802
1081    2.00278687477
979    2.03697085381
879    2.06108999252
875    2.10017895699
772    2.12434101105
735    2.16350984573
828    2.18765592575
939    2.22088193893
1023    2.25279784203
1023    2.28137588501
1078    2.32202196121
1112    2.35692882538
1149    2.39152884483
1194    2.43682694435
1225    2.47494792938
1259    2.51309895515
1276    2.54618692398
1310    2.5899348259
1325    2.62836694717
1346    2.6559138298
1363    2.68932795525
1378    2.73327183723
1400    2.76504182816
1420    2.79740190506
1431    2.83728289604
1430    2.86482095718
1430    2.89721894264
1445    2.93514299393
1444    2.97867798805
1460    3.01595187187
1459    3.05401682854
1458    3.08710193634
1484    3.11505103111
1481    3.14807486534
1480    3.17596888542
1476    3.21427893639
1482    3.23977589607
1495    3.27772688866
1494    3.31185483932
1499    3.35136604309
1500    3.37754583359
1493    3.4109890461
1513    3.44445204735
1510    3.47295284271
1509    3.50645494461
1509    3.53430104256
1625    3.57761383057
1510    3.61544799805
1536    3.64783787727
1536    3.67771697044
1531    3.70756697655
1525    3.74243593216
1528    3.76936101913
1536    3.80714392662
1525    3.8427939415
1545    3.87292599678
1540    3.90068483353
1547    3.93827104568
1547    3.97313284874
1663    4.00311684608
1554    4.05121994019
1560    4.073802948
1560    4.11111783981
1560    4.13844394684
1557    4.17583990097
1557    4.20315384865
1571    4.23052287102
1577    4.26794791222
1577    4.29542684555
1580    4.33043003082
1695    4.35472893715
1573    4.38800597191
1587    4.4204928875
1599    4.44950795174
1592    4.49790382385
1599    4.53577494621
1594    4.57418894768
1594    4.6024389267
1591    4.63863492012
1722    4.67660689354
1612    4.70655703545
1609    4.74005198479
1609    4.78347086906
1606    4.83191895485
1625    4.86398601532
1623    4.8946518898
1624    4.9249818325
1741    4.9533560276
1628    4.9948849678
1628    5.02094292641
1623    5.05351996422
1646    5.08622002602
1639    5.1346590519
1640    5.172935009
1756    5.21096086502
1640    5.23959183693
1639    5.26822590828
1643    5.30173683167
1658    5.33480286598
1654    5.37217283249
1648    5.40461182594
1655    5.44207191467
1655    5.47441387177
1655    5.51180195808
1661    5.53451085091
1663    5.57167696953
1673    5.59694385529
1672    5.6325750351
1677    5.66782402992
1796    5.70778393745
1677    5.73278594017
1676    5.77289104462
1675    5.81326198578
1694    5.85149097443
1694    5.88331389427
1689    5.91621899605
1693    5.94783782959
1800    5.99136996269
1799    6.03225803375
1705    6.06546401978
1701    6.0899848938
1697    6.1237988472
1703    6.15462803841
1706    6.18633294106
1700    6.21734404564
1709    6.24693989754
1838    6.29536890984
1726    6.33420586586
1718    6.3723628521
1724    6.40363192558
1718    6.44660186768
1726    6.48616695404
1732    6.52480697632
1734    6.55325198174
1733    6.58711504936
1740    6.61949086189
1736    6.66342401505
1736    6.70484685898
1735    6.74830198288
1732    6.78654503822
1735    6.8183529377
1871    6.86137485504
1749    6.89493298531
1752    6.92710399628
1754    6.95953583717
1753    7.00304985046
1760    7.03185892105
1744    7.06565189362
1753    7.09945487976
1798    7.14509105682
1740    7.17992401123
1740    7.2052218914
1726    7.24467992783
1717    7.28539991379
1725    7.31605291367
1713    7.3464679718
1706    7.37468695641
1702    7.41054391861
1690    7.4412548542
1686    7.47217488289
1679    7.50291895866
1679    7.53385686874
1671    7.56967401505
1657    7.60551404953
1645    7.64579701424
1619    7.67873382568
1608    7.70664000511
1596    7.7426199913
1552    7.78068995476
1546    7.81051492691
1549    7.84520602226
1496    7.89194989204
1462    7.92524600029
1447    7.95085191727
1443    7.99835395813
1428    8.02705597878
1411    8.07031393051
1412    8.10846090317
1400    8.13660502434
1516    8.1726038456
1390    8.21602702141
1408    8.25939798355
1408    8.29578089714
1411    8.34245800972
1426    8.36953282356
1537    8.40294194221
1444    8.43086695671
1462    8.46694087982
1480    8.50499987602
1501    8.54200291634
1501    8.58046603203
1511    8.62366986275
1641    8.66198897362
1536    8.69295692444
1529    8.72428703308
1541    8.76760387421
1674    8.79489088058
1564    8.8280608654
1576    8.85606002808
1577    8.89005184174
1576    8.94423985481
1597    8.98194789886
1614    9.0097630024
1614    9.0426299572
1610    9.09047102928
1740    9.11335897446
1624    9.14619398117
1618    9.17896604538
1623    9.20680189133
1643    9.24465298653
1643    9.28252601624
1643    9.31543588638
1663    9.35335683823
1656    9.39628100395
1659    9.42408394814
1657    9.45194888115
1651    9.48481082916
1663    9.51766490936
1671    9.55054998398
1674    9.57836484909
1663    9.61115193367
1668    9.63949489594
1670    9.66677594185
1695    9.70254087448
1688    9.74022603035
1690    9.76899504662
1688    9.8019080162
1693    9.84996604919
1687    9.88721299171
1686    9.91974186897
1688    9.9580218792
1821    10.0012738705
1703    10.0304558277
1702    10.0680248737
1697    10.1013138294
1704    10.149438858
1700    10.1879649162
1695    10.2279298306
1703    10.2534639835
1721    10.2880909443
1724    10.3188588619
1719    10.3622899055
1720    10.4006960392
1723    10.4375128746
1726    10.4701609612
1726    10.5007009506
1715    10.5338339806
1720    10.5722160339
1712    10.6084589958
1719    10.6466779709
1830    10.6994659901
1721    10.7280168533
1717    10.7663559914
1719    10.8140809536
1724    10.8528459072
1736    10.8966560364
1745    10.9206068516
1735    10.9530730247
1741    10.9923820496
1735    11.0261809826
1735    11.0548439026
1860    11.09146595
1736    11.1255168915
1745    11.1686508656
1735    11.207228899
1736    11.2507419586
1732    11.2888200283
1741    11.3192939758
1760    11.3516249657
1750    11.3832759857
1757    11.4135658741
1869    11.4447469711
1757    11.4753780365
1760    11.5060348511
1754    11.5466279984
1757    11.5873458385
1753    11.6255669594
1769    11.6689610481
1770    11.7108368874
1775    11.7374398708
1770    11.7685039043
1765    11.7978429794
1767    11.8401148319
1780    11.8838980198
1792    11.9125409126
1781    11.9513218403
1792    11.9901239872
1799    12.0255119801
1795    12.0680570602
1798    12.1165130138
1811    12.1393098831
1805    12.1742060184
1932    12.2081818581
1817    12.2360589504
1820    12.2745959759
1925    12.3181710243
1821    12.3511140347
1831    12.3797600269
1946    12.4178059101
1954    12.4582269192
1829    12.496532917
1837    12.5275509357
1850    12.5584950447
1852    12.6016969681
1847    12.6378099918
1845    12.676115036
1871    12.702944994
1868    12.7365298271
1866    12.7753939629
1861    12.8070418835
1871    12.8471429348
1884    12.8842818737
1879    12.9224328995
1882    12.9606699944
1880    12.9888749123
1879    13.0171508789
1907    13.0535039902
1906    13.0800900459
1901    13.1225869656
1889    13.1507248878
1920    13.1874530315
1910    13.2307858467
1915    13.2689819336
1912    13.3119380474
1925    13.3475630283
1927    13.3854379654
1929    13.4288058281
1936    13.4670510292
1936    13.5103468895
1961    13.5486428738
1960    13.5763838291
1963    13.6171679497
2092    13.6554088593
1970    13.6939208508
2106    13.7271850109
2000    13.7589728832
2126    13.7909259796
2007    13.838547945
2028    13.8769600391
2017    13.9203078747
2041    13.9462590218
2037    13.9782919884
2048    14.0174708366
2081    14.0422389507
2193    14.0789129734
2075    14.1171998978
2086    14.1505630016
2102    14.1888508797
2105    14.2205460072
2127    14.2522728443
2139    14.28469491
2144    14.3160588741
2151    14.3482789993
2149    14.3861179352
2164    14.4275689125
2178    14.4750368595
2203    14.5128560066
2316    14.540391922
2218    14.5724220276
2231    14.6036388874
2220    14.6468389034
2240    14.6902928352
2258    14.727905035
2255    14.7560999393
2249    14.7950668335
2249    14.8288650513
2259    14.8626329899
2256    14.8972039223
2235    14.9281928539
2223    14.9632878304
2211    14.996557951
2193    15.0296700001
2191    15.0603380203
2192    15.0965099335
2174    15.1364250183
2175    15.1664400101
2173    15.1964378357
2180    15.2314679623
2189    15.2614099979
2182    15.2964408398
2187    15.3386909962
2187    15.3744609356
2164    15.42274189
2173    15.4608459473
2172    15.4866838455
2162    15.5301978588
2148    15.5673220158
2159    15.6017329693
2139    15.6289799213
2131    15.6649329662
2121    15.7033200264
2127    15.736522913
2111    15.7681698799
2111    15.7973918915
2111    15.8365590572
2111    15.8758709431
2100    15.9140319824
2087    15.9459609985
2089    15.9794158936
2094    16.0032000542
2094    16.0423829556
2072    16.0808088779
2069    16.1240458488
2068    16.1621599197
2056    16.2054648399
2051    16.2487950325
2043    16.2914340496
2040    16.3339500427
2025    16.3617529869
2027    16.3994748592
2017    16.4437739849
2032    16.4805519581
2008    16.5189828873
2008    16.5610539913
2015    16.5868349075
2005    16.6187858582
1989    16.6519598961
1989    16.6947510242
1988    16.7399499416
1988    16.7838380337
1998    16.8191020489
2108    16.8489809036
2000    16.8805289268
1990    16.9239499569
1991    16.9613339901
2116    16.9959709644
1986    17.0333240032
1995    17.0691888332
1989    17.1064510345
1992    17.1394920349
1993    17.1674418449
2115    17.1953949928
2016    17.2348129749
2127    17.2594649792
2012    17.2940628529
2017    17.3235988617
2124    17.3581449986
2016    17.3827700615
2009    17.4174189568
2009    17.4521150589
2033    17.4826638699
2024    17.5265190601
2030    17.564759016
2033    17.5972528458
2026    17.6299078465
2022    17.6730420589
2037    17.7149479389
2040    17.7531809807
2039    17.7966480255
2036    17.8396830559
2045    17.8816080093
2171    17.9250068665
2056    17.9629650116
