2199    0.0374448299408
2218    0.0790948867798
2219    0.11235499382
2213    0.155934810638
2209    0.193802833557
2211    0.221684932709
2217    0.257678985596
2227    0.292135000229
2221    0.330390930176
2225    0.361220836639
2240    0.39298081398
2241    0.424887895584
2249    0.47067284584
2265    0.512383937836
2255    0.550024986267
2269    0.595525026321
2272    0.627832889557
2271    0.655201911926
2289    0.68288397789
2290    0.715866804123
2404    0.750873804092
2295    0.790877819061
2311    0.820405006409
2316    0.860384941101
2316    0.895298957825
2328    0.935286998749
2328    0.965198993683
2343    0.995278835297
2339    1.03557085991
2361    1.06124091148
2357    1.10226488113
2351    1.14791798592
2352    1.19115781784
2343    1.21697998047
2454    1.25448083878
2432    1.29444694519
2285    1.33287096024
2265    1.36433386803
2205    1.39181089401
2144    1.42544198036
2082    1.45256686211
2071    1.48488402367
1990    1.51816892624
1896    1.54631400108
1752    1.57928490639
1566    1.61225795746
1559    1.65489387512
1229    1.69480085373
1097    1.73290085793
979    1.76007986069
977    1.79336190224
857    1.82515501976
735    1.86078381538
613    1.89746999741
511    1.92885088921
421    1.97211384773
352    2.00913286209
286    2.04823493958
228    2.10199785233
193    2.13985586166
210    2.18778586388
226    2.22288894653
255    2.25362682343
287    2.2853410244
319    2.32806992531
353    2.36728286743
391    2.39567089081
439    2.44386100769
475    2.47061181068
511    2.49939799309
583    2.5326898098
580    2.56480884552
615    2.60849189758
667    2.65178489685
754    2.68998289108
788    2.73324179649
828    2.77142691612
844    2.80368590355
844    2.83563089371
875    2.86601400375
890    2.90773701668
912    2.94452786446
925    2.98666286469
960    3.0296227932
961    3.05700588226
975    3.09460783005
1010    3.12747979164
1007    3.15547585487
1015    3.19115281105
1062    3.23434782028
1063    3.27743792534
1080    3.32301402092
1204    3.35969400406
1225    3.39713001251
1109    3.43740987778
1128    3.4697368145
1147    3.50220584869
1141    3.52960181236
1166    3.56693291664
1178    3.59427690506
1175    3.62687587738
1193    3.67091202736
1211    3.70503902435
1328    3.74443697929
1231    3.77706193924
1228    3.82003688812
1249    3.84505796432
1246    3.8836209774
1246    3.92239785194
1261    3.96588897705
1267    3.9929959774
1393    4.02611994743
1275    4.05283498764
1299    4.08591389656
1300    4.11536383629
1297    4.15495800972
1311    4.19294285774
1311    4.2315158844
1328    4.27394890785
1330    4.30110502243
1323    4.33634996414
1465    4.36606502533
1347    4.40066480637
1349    4.44568896294
1363    4.48417496681
1362    4.50995492935
1359    4.54240989685
1360    4.57479500771
1380    4.60725283623
1488    4.6400449276
1379    4.66625881195
1387    4.69894886017
1386    4.72814893723
1397    4.76729989052
1395    4.81248879433
1414    4.84497880936
1414    4.87718582153
1418    4.90829086304
1409    4.94905781746
1529    4.97973799706
1540    5.00803399086
1435    5.04304289818
1427    5.07047486305
1428    5.09781289101
1429    5.13562893867
1425    5.17864084244
1427    5.21735095978
1446    5.25557684898
1444    5.28874588013
1439    5.32734680176
1439    5.36537981033
1445    5.4020588398
1449    5.43170690536
1447    5.46557188034
1466    5.49028587341
1452    5.53366398811
1465    5.57166194916
1574    5.61022090912
1459    5.65051484108
1460    5.68367695808
1465    5.71573781967
1472    5.74332499504
1484    5.78429698944
1479    5.81681680679
1486    5.85586094856
1480    5.90035390854
1590    5.94361495972
1483    5.97107386589
1480    6.00499391556
1480    6.0335419178
1473    6.06607079506
1473    6.09349584579
1481    6.12588882446
1479    6.16343402863
1477    6.19085693359
1476    6.22825789452
1478    6.26573896408
1478    6.30326986313
1474    6.33070802689
1477    6.36804389954
1477    6.4005279541
1479    6.4373319149
1486    6.46689295769
1483    6.50090479851
1470    6.52494382858
1479    6.55901885033
1483    6.59346985817
1483    6.63646888733
1479    6.66446185112
1484    6.69743895531
1585    6.72542190552
1483    6.76344490051
1478    6.78636980057
1486    6.82436990738
1464    6.85244202614
1461    6.88043498993
1460    6.91338086128
1458    6.94639587402
1454    6.98939990997
1459    7.0223338604
1460    7.06030392647
1443    7.10326886177
1439    7.13130497932
1446    7.15930485725
1446    7.19225692749
1427    7.22576880455
1427    7.26379084587
1427    7.29579997063
1412    7.33915781975
1406    7.36598682404
1505    7.40384697914
1391    7.42880702019
1401    7.46410679817
1387    7.50230288506
1379    7.54881095886
1377    7.57614088058
1364    7.61344099045
1346    7.64117193222
1456    7.67979001999
1326    7.70742702484
1315    7.73747181892
1310    7.76835989952
1279    7.80483579636
1276    7.84270501137
1377    7.86929893494
1249    7.90435481071
1233    7.9350028038
1339    7.96798682213
1212    8.00071597099
1197    8.03258800507
1183    8.07166981697
1177    8.10928583145
1176    8.14173483849
1183    8.17420697212
1180    8.20165300369
1181    8.23439192772
1194    8.261977911
1212    8.29955101013
1228    8.32712697983
1243    8.36474299431
1266    8.40729880333
1275    8.43487596512
1272    8.46741986275
1294    8.49510502815
1326    8.52774190903
1457    8.56076383591
1351    8.58815979958
1382    8.62139582634
1380    8.65541982651
1399    8.69809889793
1508    8.7366797924
1406    8.78044986725
1446    8.82416796684
1463    8.86107492447
1463    8.89419794083
1578    8.92553400993
1479    8.96879601479
1483    8.99503898621
1492    9.02821588516
1506    9.0614387989
1517    9.09226202965
1517    9.12338089943
1520    9.16725897789
1544    9.20547699928
1544    9.23428797722
1541    9.27008080482
1541    9.29581880569
1673    9.33191299438
1668    9.38042998314
1690    9.41701793671
1574    9.44710898399
1595    9.47809386253
1592    9.50621795654
1596    9.5367398262
1596    9.57554793358
1614    9.61434984207
1607    9.63821792603
1617    9.67342185974
1617    9.70475101471
1607    9.73740196228
1627    9.77304792404
1623    9.8086438179
1629    9.84026002884
1622    9.8659620285
1649    9.90128493309
1646    9.93129396439
1639    9.96275687218
1643    9.99021697044
1641    10.0126159191
1633    10.0449068546
1656    10.0773148537
1655    10.1097669601
1656    10.1421689987
1657    10.1700658798
1761    10.2183599472
1663    10.260999918
1669    10.3032870293
1792    10.328305006
1673    10.3600139618
1672    10.3883538246
1792    10.4267148972
1671    10.4648339748
1678    10.5077219009
1686    10.5493149757
1688    10.587736845
1687    10.6164770126
1793    10.6500489712
1799    10.6916759014
1693    10.7199559212
1695    10.7548689842
1695    10.7832379341
1693    10.811496973
1698    10.8449168205
1700    10.8764259815
1703    10.910296917
1697    10.9531369209
1702    10.9912259579
1709    11.0234479904
1705    11.0622599125
1706    11.1003248692
1706    11.1383929253
1714    11.1808269024
1717    11.2187678814
1728    11.2574288845
1728    11.2960858345
1728    11.3252170086
1721    11.3684768677
1722    11.4118947983
1725    11.4486718178
1720    11.4765620232
1718    11.5131909847
1742    11.5550289154
1848    11.5932888985
1738    11.6312639713
1742    11.6710119247
1733    11.7083439827
1734    11.7465100288
1738    11.7774028778
1739    11.8123829365
1750    11.850787878
1749    11.8940939903
1755    11.9254219532
1745    11.9688749313
1751    11.9949579239
1754    12.0302448273
1762    12.0579190254
1771    12.0885999203
1767    12.1142070293
1874    12.1476438046
1760    12.1758430004
1774    12.2090108395
1760    12.2481508255
1771    12.2933089733
1792    12.3239958286
1788    12.3548688889
1782    12.3858737946
1785    12.4167659283
1792    12.4475038052
1808    12.4882268906
1808    12.5187849998
1800    12.5633058548
1801    12.605702877
1800    12.63803792
1806    12.6728467941
1819    12.7073168755
1819    12.7322978973
1821    12.7677509785
1817    12.8068759441
1812    12.8310689926
1821    12.8654608727
1835    12.9065468311
1831    12.9505119324
1833    12.9880478382
1855    13.0187189579
1853    13.050372839
1852    13.0829129219
1852    13.1296439171
1853    13.1564137936
1862    13.1875529289
1862    13.2156698704
1874    13.2508149147
1873    13.2842550278
1861    13.3127548695
1888    13.3431680202
1889    13.3757629395
1877    13.4141700268
2009    13.447191
1905    13.4830238819
1899    13.5262508392
1917    13.5645189285
1915    13.6072649956
1916    13.6352229118
1911    13.6671190262
1934    13.6990709305
1934    13.7289559841
1934    13.7589139938
1928    13.7886219025
1932    13.8362579346
1946    13.8842728138
1949    13.9168457985
1960    13.945237875
1961    13.9830729961
1962    14.0214428902
1982    14.0553178787
1974    14.0821549892
1977    14.1148998737
2104    14.1499228477
1986    14.1861100197
2007    14.2142589092
2014    14.2537858486
2118    14.279501915
2030    14.3202588558
2044    14.3460760117
2036    14.3794147968
2056    14.4118349552
2066    14.4434258938
2063    14.4766869545
2070    14.5202980042
2078    14.5585780144
2087    14.6058979034
2111    14.6317498684
2102    14.6649968624
2105    14.7030138969
2118    14.7456150055
2134    14.783851862
2150    14.812019825
2164    14.8500130177
2188    14.8766098022
2199    14.9082708359
2199    14.9401829243
2313    14.9834218025
2253    15.0267310143
2247    15.0687429905
2406    15.1074018478
2303    15.145539999
2313    15.1924359798
2357    15.217610836
2357    15.2496519089
2394    15.2791478634
2396    15.3138279915
2409    15.3384568691
2451    15.3730227947
2446    15.4125328064
2471    15.4574289322
2493    15.495194912
2491    15.5281608105
2494    15.5599358082
2494    15.6034259796
2485    15.6410508156
2485    15.6696999073
2483    15.7067909241
2468    15.745046854
2478    15.7751908302
2454    15.8066658974
2454    15.8435418606
2445    15.8869450092
2448    15.9237918854
2424    15.9668629169
2432    15.9972238541
2408    16.0407428741
2407    16.0789718628
2395    16.1086649895
2392    16.1405730247
2380    16.1730129719
2372    16.2165229321
2360    16.2589039803
2355    16.3051948547
2326    16.3382899761
2320    16.3813049793
2328    16.4163818359
2303    16.4589548111
2299    16.494838953
2297    16.5259950161
2287    16.5583198071
2279    16.5862898827
2370    16.6180789471
2347    16.6614069939
2244    16.7021930218
2227    16.7308449745
2212    16.7640218735
2214    16.7975029945
2212    16.8322939873
2211    16.8571269512
2205    16.8924498558
2191    16.9225668907
2207    16.9539368153
2183    16.9822258949
2260    17.018198967
2187    17.0457220078
2292    17.0812239647
2184    17.116604805
2188    17.1532638073
2183    17.1914079189
2175    17.224449873
2180    17.2569668293
2174    17.2894158363
2158    17.317442894
2172    17.3596777916
2179    17.3934078217
2161    17.4219868183
2189    17.4587337971
2183    17.5021297932
2181    17.5448758602
2189    17.5804479122
2187    17.6129050255
2185    17.6412220001
2179    17.6896419525
2204    17.7272980213
2203    17.770416975
2195    17.8087048531
