2396    0.0259408950806
2396    0.059455871582
2392    0.091157913208
2556    0.121845960617
2398    0.152664899826
2403    0.184089899063
2404    0.223113059998
2395    0.26605796814
2514    0.305073976517
2401    0.336925983429
2402    0.373548030853
2544    0.405488967896
2403    0.438278913498
2392    0.47086596489
2535    0.518790006638
2390    0.556773900986
2388    0.580509901047
2383    0.619673013687
2386    0.649946928024
2529    0.677453041077
2377    0.712859869003
2376    0.756221055984
2380    0.799451828003
2395    0.828088998795
2391    0.87208199501
2404    0.909005880356
2395    0.942235946655
2397    0.979861974716
2401    1.02289605141
2397    1.0501768589
2398    1.08299398422
2404    1.11441087723
2387    1.14607596397
2403    1.20309305191
2405    1.24433302879
2414    1.27426886559
2407    1.30611586571
2402    1.33518505096
2420    1.36786293983
2554    1.41129994392
2410    1.45009303093
2405    1.49312090874
2394    1.52100801468
2393    1.55340385437
2400    1.58583498001
2396    1.61833786964
2388    1.6508538723
2540    1.69403791428
2403    1.72497701645
2405    1.75430202484
2550    1.78957796097
2394    1.81565284729
2404    1.85127687454
2401    1.87710404396
2402    1.91394400597
2405    1.95721793175
2388    1.99578285217
2405    2.0270178318
2390    2.06538796425
2380    2.10912895203
2381    2.13749504089
2381    2.17130184174
2381    2.21565198898
2381    2.25328588486
2377    2.29698395729
2534    2.32362103462
2395    2.36686491966
2387    2.40344405174
2389    2.43333482742
2389    2.46999597549
2393    2.50638985634
2389    2.53654789925
2380    2.57990598679
2526    2.62284088135
2389    2.64783096313
2373    2.68275403976
2375    2.7229950428
2364    2.76139688492
2524    2.7990000248
2374    2.83627104759
2514    2.88886094093
2358    2.92196393013
2373    2.94784283638
2373    2.98352885246
2367    3.01029586792
2374    3.04929900169
2371    3.08568501472
2509    3.1234960556
2367    3.1617538929
2352    3.1933259964
2358    3.22835588455
2512    3.26310586929
2347    3.29649496078
2354    3.33017396927
2360    3.35730600357
2357    3.39058089256
2347    3.42265200615
2353    3.45494389534
2345    3.50192785263
2498    3.53909301758
2352    3.57097291946
2355    3.63217592239
2335    3.65955901146
2333    3.69187998772
2327    3.71928596497
2333    3.75676202774
2327    3.79964089394
2325    3.83772587776
2340    3.86863899231
2333    3.91694784164
2326    3.96280002594
2480    4.00577688217
2328    4.04848790169
2340    4.07512283325
2336    4.10718393326
2332    4.13955688477
2487    4.17474794388
2327    4.21194291115
2320    4.23935699463
2317    4.27276301384
2316    4.30616497993
2319    4.35962986946
2320    4.39236783981
2320    4.42420887947
2312    4.45411205292
2310    4.48614382744
2325    4.51717400551
2321    4.55098700523
2320    4.58919095993
2324    4.62198090553
2303    4.67412686348
2320    4.70728087425
2319    4.74554586411
2473    4.77688193321
2321    4.81969285011
2297    4.84764885902
2309    4.87920999527
2302    4.91256690025
2302    4.94069290161
2303    4.97371387482
2294    5.001734972
2310    5.0350048542
2302    5.06831693649
2302    5.10660791397
2310    5.14839506149
2309    5.17655205727
2302    5.21984386444
2312    5.24979901314
2313    5.28288197517
2311    5.31325697899
2288    5.34236598015
2300    5.37445902824
2312    5.40359187126
2303    5.43174290657
2289    5.46994185448
2432    5.50318098068
2288    5.53641104698
2287    5.56497597694
2290    5.59834384918
2288    5.64167094231
2292    5.66895103455
2289    5.70102095604
2294    5.73303389549
2281    5.76602983475
2435    5.79963803291
2284    5.84051704407
2288    5.87375998497
2437    5.90191292763
2287    5.93510890007
2286    5.96328997612
2279    5.99643087387
2280    6.02457094193
2290    6.05766105652
2288    6.09112882614
2289    6.11989998817
2288    6.15865087509
2288    6.18738389015
2439    6.22109794617
2285    6.26490092278
2436    6.2985959053
2283    6.32243990898
2297    6.35604786873
2287    6.38979792595
2293    6.41892886162
2276    6.45222997665
2287    6.48048686981
2296    6.51301002502
2283    6.54484605789
2272    6.58720684052
2272    6.63055801392
2273    6.66596484184
2413    6.69779205322
2279    6.72992706299
2272    6.76348400116
2273    6.79239583015
2276    6.82563090324
2274    6.85378503799
2280    6.8864428997
2272    6.9171128273
2264    6.9455909729
2276    6.97900390625
2276    7.01214385033
2278    7.04300999641
2270    7.08589696884
2272    7.1239669323
2268    7.15698289871
2265    7.18495488167
2273    7.22342991829
2273    7.25198197365
2274    7.28538703918
2424    7.3153488636
2272    7.35884690285
2280    7.40157985687
2273    7.44963502884
2275    7.47807884216
2269    7.50972890854
2274    7.54806089401
2280    7.58667993546
2277    7.61515903473
2273    7.64908003807
2273    7.68685889244
2264    7.71530604362
2283    7.75334501266
2275    7.78995394707
2276    7.83957290649
2280    7.87961792946
2265    7.91787600517
2279    7.94591999054
2283    7.97871994972
2280    8.01221489906
2277    8.05065584183
2273    8.09405183792
2273    8.13646602631
2279    8.17486286163
2274    8.20635700226
2276    8.24515199661
2274    8.27204585075
2266    8.30339097977
2258    8.33565402031
2268    8.36642885208
2262    8.3986158371
2265    8.43222999573
2264    8.45895385742
2389    8.50255489349
2233    8.54542183876
2235    8.57782292366
2241    8.61108899117
2243    8.63531804085
2389    8.67170190811
2225    8.70038199425
2249    8.73911595345
2235    8.77783584595
2250    8.80369305611
2247    8.84058499336
2242    8.87912893295
2252    8.91080093384
2252    8.94438004494
2248    8.98310804367
2242    9.02011299133
2250    9.05307102203
2243    9.09497904778
2249    9.12816500664
2393    9.16197991371
2259    9.18712592125
2249    9.22110390663
2259    9.2614839077
2261    9.29524898529
2259    9.32299494743
2255    9.35639286041
2265    9.38951086998
2251    9.43667793274
2266    9.47317504883
2255    9.50434589386
2252    9.53265190125
2270    9.5684030056
2269    9.60143899918
2265    9.62534093857
2256    9.66259384155
2257    9.70134091377
2398    9.73529601097
2281    9.77507591248
2256    9.81767988205
2409    9.87064886093
2280    9.9159488678
2270    9.95922899246
2279    9.99596095085
2275    10.0283260345
2279    10.0555920601
2416    10.0977640152
2272    10.1301598549
2267    10.1625299454
2272    10.1949410439
2270    10.2222919464
2273    10.2545778751
2273    10.291962862
2283    10.3243000507
2272    10.3516900539
2286    10.3840529919
2296    10.4168579578
2422    10.459939003
2265    10.5027749538
2282    10.5385048389
2275    10.5708749294
2275    10.5982010365
2264    10.6355178356
2278    10.6764059067
2272    10.7048089504
2271    10.7478690147
2286    10.7785139084
2294    10.8144948483
2279    10.8571419716
2434    10.8956069946
2288    10.9225139618
2297    10.9560089111
2286    11.0003979206
2280    11.0383558273
2449    11.0795798302
2452    11.121642828
2303    11.1598939896
2301    11.1981639862
2302    11.2307038307
2459    11.2607829571
2303    11.2921299934
2309    11.3228158951
2303    11.354683876
2310    11.3870258331
2444    11.4304208755
2293    11.4743318558
2295    11.5072948933
2462    11.5442349911
2326    11.5749349594
2460    11.6024110317
2323    11.6347608566
2323    11.6671919823
2465    11.6985318661
2315    11.7291789055
2330    11.7612478733
2320    11.7889070511
2463    11.8372168541
2321    11.8752429485
2318    11.9035849571
2314    11.9369928837
2327    11.9705209732
2335    12.0082950592
2477    12.0411009789
2326    12.0848379135
2329    12.1226968765
2339    12.1543040276
2345    12.1899299622
2353    12.2264280319
2364    12.2683029175
2363    12.3053059578
2361    12.337695837
2358    12.3650848866
2367    12.4017119408
2366    12.4445109367
2364    12.4830360413
2364    12.5263609886
2515    12.5678248405
2358    12.5951919556
2356    12.6325249672
2365    12.6597690582
2365    12.6871140003
2367    12.7194218636
2364    12.7567338943
2509    12.7844378948
2364    12.8163428307
2373    12.8477768898
2508    12.876281023
2371    12.9171888828
2357    12.9688470364
2366    13.0063760281
2367    13.0337269306
2365    13.0659489632
2367    13.0989570618
2374    13.1322698593
2374    13.1584749222
2374    13.1985118389
2366    13.2317988873
2367    13.2645359039
2366    13.302175045
2507    13.3302340508
2364    13.3786559105
2367    13.4121110439
2358    13.4434740543
2365    13.4760758877
2376    13.5135259628
2359    13.5463609695
2522    13.5787708759
2378    13.608702898
2373    13.6490449905
2374    13.6798229218
2517    13.7178690434
2366    13.749434948
2373    13.7978379726
2375    13.836165905
2377    13.8730249405
2369    13.9055168629
2364    13.9485459328
2366    13.9866330624
2367    14.0188279152
2517    14.0672159195
2358    14.1105718613
2367    14.1439819336
2362    14.1871068478
2374    14.2172429562
2367    14.2614269257
2505    14.3043699265
2367    14.353468895
2372    14.3913779259
2358    14.4397089481
2512    14.4768910408
2363    14.5046000481
2378    14.5391368866
2377    14.5719969273
2373    14.6026208401
2374    14.6327369213
2387    14.6701819897
2382    14.7185919285
2380    14.7570290565
2389    14.7940199375
2521    14.8326070309
2387    14.8696579933
2381    14.9030458927
2389    14.9399719238
2379    14.9834120274
2535    15.0080189705
2379    15.0417380333
2393    15.0805330276
2383    15.1091680527
2535    15.142952919
2532    15.1766028404
2382    15.20033288
2391    15.2389609814
2376    15.2826108932
2386    15.3214108944
2389    15.3470129967
2384    15.3804500103
2380    15.4123940468
2379    15.4405519962
2380    15.4759778976
2377    15.5026428699
2384    15.5346498489
2378    15.570472002
2382    15.6079649925
2379    15.6400749683
2372    15.6906378269
2380    15.7326009274
2384    15.7702589035
2392    15.8013758659
2386    15.8347430229
2379    15.8718850613
2380    15.9044790268
2380    15.9331350327
2387    15.9669828415
2392    15.9968049526
2378    16.0295908451
2379    16.0580239296
2380    16.0902600288
2387    16.1259438992
2406    16.1518728733
2393    16.185049057
2382    16.2168149948
2401    16.2477769852
2395    16.291000843
2394    16.3294448853
2395    16.3625319004
2549    16.3896789551
2398    16.418129921
2403    16.4500129223
2549    16.4866709709
2386    16.5318520069
2404    16.5719339848
2392    16.605134964
2550    16.6374809742
2404    16.6677858829
2388    16.697947979
2404    16.7299418449
2395    16.7581560612
2396    16.8011448383
2390    16.8276288509
2396    16.8643319607
2404    16.8918659687
2407    16.9267458916
2405    16.9719278812
2407    16.998541832
2541    17.0437600613
2408    17.0852768421
2409    17.111686945
2396    17.1547169685
2392    17.181648016
2393    17.2135398388
2395    17.2416918278
2405    17.2782008648
2399    17.309032917
2545    17.3391149044
2539    17.372387886
2394    17.4156289101
2387    17.4617078304
2401    17.4981868267
2394    17.536085844
2394    17.5787539482
2397    17.615790844
2393    17.6588900089
2400    17.7027349472
2391    17.739718914
2408    17.7708308697
2396    17.8142838478
2398    17.8526279926
2542    17.896116972
