2390    0.0472521781921
2392    0.0800580978394
2397    0.123167037964
2390    0.153064012527
2386    0.183236122131
2377    0.216495037079
2402    0.253154993057
2382    0.284548997879
2378    0.322599172592
2386    0.358599185944
2379    0.387068033218
2382    0.420955181122
2380    0.452495098114
2373    0.480964183807
2372    0.520596027374
2377    0.558653116226
2374    0.586184978485
2381    0.623878002167
2387    0.656605005264
2378    0.689246177673
2472    0.722242116928
2402    0.752686023712
2393    0.786117076874
2394    0.823693037033
2404    0.859198093414
2479    0.897514104843
2406    0.92772603035
2395    0.959756135941
2393    1.01528906822
2396    1.04173612595
2403    1.07283306122
2392    1.10098314285
2404    1.13575816154
2486    1.16585302353
2420    1.1986989975
2409    1.24126410484
2411    1.27472400665
2500    1.29815196991
2496    1.32161402702
2412    1.35518813133
2421    1.39008998871
2405    1.43009305
2418    1.45690011978
2408    1.49006605148
2409    1.53304314613
2414    1.56313109398
2406    1.60623311996
2408    1.66896295547
2408    1.72671914101
2417    1.73356199265
2408    1.77128815651
0    1.81430196762
2508    1.81698298454
2395    1.84501218796
0    1.8834400177
2385    1.89040112495
2397    1.914083004
2408    1.95210814476
2414    1.98777198792
2417    2.01789808273
2409    2.0528819561
2419    2.08315014839
2412    2.11669206619
2416    2.16002202034
2418    2.18761014938
2406    2.23629498482
2418    2.27235507965
2403    2.31066417694
2417    2.34292507172
2494    2.37481403351
2394    2.40686011314
2391    2.45042800903
2491    2.48350811005
2392    2.5242960453
2491    2.55280995369
2404    2.58562111855
2397    2.62996411324
2485    2.66834616661
2391    2.71132612228
2396    2.7386431694
2393    2.77629303932
2397    2.81916809082
2407    2.85669612885
2403    2.89160895348
2401    2.92179703712
2483    2.96021103859
2472    2.99380707741
2394    3.03706598282
2392    3.07837605476
2378    3.12072706223
2476    3.14824795723
2376    3.19156599045
2365    3.23316717148
2354    3.2716190815
2348    3.31504511833
2339    3.34148311615
2332    3.37975096703
2420    3.41758704185
2340    3.44728016853
2340    3.48176002502
2333    3.50953197479
2335    3.54455399513
2359    3.57529711723
2366    3.61609911919
2360    3.64209103584
2366    3.67787098885
2372    3.71957015991
2364    3.75742006302
2344    3.80048012733
2323    3.82744407654
2323    3.86399197578
2327    3.89081406593
2410    3.92246103287
2316    3.9532520771
2321    3.99472117424
2303    4.02252817154
2319    4.05386996269
2303    4.09067606926
2320    4.12706804276
2408    4.15988302231
2300    4.18764615059
2300    4.22044610977
2303    4.25363898277
2298    4.29180598259
2303    4.32991218567
2401    4.37011814117
2301    4.41568017006
2300    4.44296598434
2301    4.48130202293
2300    4.51411008835
2303    4.55355811119
2313    4.60013699532
2310    4.63358402252
2303    4.6619720459
2293    4.69533109665
2309    4.73464202881
2311    4.78236818314
2312    4.8196310997
2391    4.86141300201
2303    4.89936804771
2312    4.93076109886
2296    4.97360610962
2293    5.00113916397
2299    5.06432199478
2303    5.10769200325
2298    5.14603114128
2300    5.1838760376
2301    5.21976017952
2302    5.25679111481
2300    5.300137043
2400    5.33855104446
2294    5.38182616234
2303    5.4279820919
2303    5.4758541584
2309    5.53005313873
2297    5.57200717926
2301    5.62863612175
2300    5.65424203873
2285    5.6863951683
2298    5.73481798172
2299    5.77086210251
2293    5.80911302567
2292    5.84001517296
2286    5.87086105347
2290    5.90413212776
2297    5.93112516403
2374    5.97459101677
2289    6.01306295395
2386    6.04445815086
2280    6.08302116394
2281    6.11594295502
2292    6.15158605576
2285    6.19230508804
2281    6.23827195168
2283    6.27156996727
2385    6.30968213081
2279    6.34292602539
2374    6.37059497833
2385    6.40589809418
2280    6.44390201569
2296    6.47887301445
2288    6.50583815575
2285    6.53912901878
2286    6.57745695114
2291    6.60845708847
2280    6.63712716103
2289    6.67476010323
2283    6.71326804161
2289    6.75495004654
2298    6.77962398529
2293    6.81252002716
2285    6.84073901176
2286    6.87763309479
2279    6.92121601105
2288    6.96446895599
2378    7.00709104538
2281    7.04010105133
2384    7.07545495033
2294    7.1156270504
2286    7.14762210846
2284    7.19081997871
2285    7.23403596878
2287    7.25927805901
2285    7.29187512398
2298    7.32579517365
2288    7.35006713867
2291    7.38352298737
2284    7.4118449688
2290    7.45254015923
2287    7.493694067
2286    7.53173208237
2288    7.56212115288
2379    7.60541510582
2303    7.64372396469
2298    7.67651104927
2312    7.71111011505
2301    7.73557806015
2294    7.76763916016
2301    7.80399608612
2300    7.84234499931
2302    7.88586616516
2303    7.92940807343
2298    7.97296214104
2310    8.01059508324
2296    8.03791117668
2392    8.07027196884
2303    8.10289406776
2313    8.13443517685
2302    8.1620631218
2309    8.19485616684
2301    8.23308515549
2303    8.27141308784
2302    8.30486798286
2301    8.34828615189
2302    8.38625907898
2303    8.41549801826
2294    8.44879817963
2400    8.4911839962
2303    8.51869416237
2301    8.55883407593
2303    8.59566617012
2301    8.63758301735
2309    8.6637339592
2303    8.69548797607
2310    8.72601509094
2298    8.7733399868
2303    8.80022501945
2409    8.83338499069
2310    8.86538696289
2302    8.90444111824
2309    8.9422249794
2302    8.97927808762
2297    9.02746915817
2284    9.07062005997
2383    9.09760713577
2288    9.13892102242
2297    9.1780591011
2274    9.21669507027
2274    9.25514006615
2280    9.28628015518
2367    9.31445097923
2273    9.35223507881
2376    9.38954496384
2270    9.43295311928
2271    9.46906995773
2272    9.50436306
2267    9.53740310669
2281    9.57561612129
2274    9.60679006577
2298    9.63687205315
2288    9.67037916183
2292    9.70748305321
2378    9.74602007866
2284    9.78843402863
2281    9.82723808289
2290    9.87612009048
2297    9.90996003151
2288    9.94370603561
2280    9.97246098518
2298    10.0060050488
2296    10.0385890007
2303    10.0674459934
2303    10.1013691425
2299    10.1356911659
2303    10.1829590797
2313    10.2261221409
2302    10.2637469769
2303    10.2956390381
2303    10.3274731636
2406    10.359372139
2309    10.392193079
2392    10.4357290268
2310    10.4660191536
2303    10.5144679546
2302    10.5514571667
2396    10.5899090767
2300    10.616546154
2326    10.6522321701
2317    10.6831719875
2329    10.7130291462
2313    10.7417550087
2319    10.7742390633
2318    10.8173620701
2320    10.8543519974
2317    10.8920960426
2316    10.9357299805
2312    10.9739570618
2317    11.0146081448
2321    11.0403029919
2326    11.0757060051
2317    11.1030681133
2316    11.135789156
2316    11.1794710159
2319    11.2178730965
2316    11.2496180534
2413    11.2843360901
2309    11.314191103
2316    11.3474459648
2317    11.384688139
2327    11.4146840572
2342    11.4598309994
2328    11.5018999577
2333    11.5301401615
2339    11.5677599907
2333    11.6103579998
2343    11.6440370083
2334    11.6777191162
2335    11.7131471634
2331    11.7509460449
2435    11.7937660217
2344    11.837015152
2353    11.8804969788
2354    11.9073710442
2360    11.9402070045
2324    11.9687321186
2329    12.0022110939
2351    12.0356609821
2354    12.0691120625
2352    12.0980160236
2350    12.141700983
2353    12.1675961018
2349    12.1999371052
2350    12.2398371696
2359    12.2772769928
2350    12.3186149597
2341    12.3469531536
2439    12.3800230026
2362    12.4149360657
2360    12.4448721409
2357    12.4749760628
2359    12.5056481361
2349    12.5463180542
2460    12.5897040367
2364    12.6238751411
2361    12.6604411602
2356    12.6877970695
2367    12.7102031708
2365    12.7492711544
2373    12.7818081379
2387    12.8191809654
2375    12.8571419716
2373    12.8856639862
2383    12.928483963
2381    12.9558820724
2381    12.99340415
2378    13.021198988
2387    13.0518660545
2377    13.0848309994
2384    13.1186671257
2388    13.1597511768
2374    13.1958990097
2379    13.2294859886
2380    13.2667541504
2381    13.3100891113
2380    13.3484671116
2470    13.3772289753
2383    13.4106550217
2474    13.4541201591
2392    13.4955041409
2384    13.5278849602
2380    13.5576879978
2380    13.5916390419
2380    13.6190540791
2384    13.651458025
2384    13.6893620491
2379    13.7277100086
2383    13.7601840496
2383    13.8076901436
2382    13.8536570072
2356    13.8968069553
2379    13.9386589527
2362    13.968419075
2365    13.9991841316
2367    14.0313630104
2366    14.0734641552
2367    14.1057751179
2362    14.1432201862
2462    14.1755561829
2361    14.2032990456
2361    14.2318739891
2357    14.2639751434
2375    14.29600811
2374    14.3281071186
2364    14.3605480194
2364    14.3990461826
2369    14.4400310516
2456    14.4670810699
2459    14.4998011589
2377    14.535007
2367    14.5796260834
2376    14.6046700478
2360    14.6396541595
2372    14.666560173
2357    14.7000870705
2364    14.7375769615
2374    14.7721741199
2376    14.8077921867
2367    14.8402841091
2366    14.8786830902
2366    14.9114370346
2364    14.9462211132
2456    14.978880167
2361    15.0144050121
2367    15.0506570339
2355    15.0837891102
2356    15.1214129925
2457    15.147092104
2462    15.18177104
2373    15.2097551823
2453    15.2447581291
2370    15.2754600048
2376    15.3061621189
2367    15.3368241787
2363    15.368571043
2358    15.4019370079
2370    15.4453020096
2364    15.4813950062
2364    15.5187499523
2361    15.5460820198
2364    15.5834710598
2367    15.6158661842
2370    15.6432631016
2369    15.6756401062
2372    15.7043790817
2362    15.7375969887
2365    15.7755789757
2377    15.8094120026
2353    15.8435881138
2359    15.8848540783
2375    15.9256830215
2367    15.961299181
2375    15.997013092
2367    16.0248479843
2365    16.0581171513
2358    16.0853750706
2459    16.1194021702
2367    16.1509521008
2373    16.1837191582
2373    16.2259290218
2360    16.2626991272
2359    16.3013100624
2367    16.3502480984
2353    16.3920650482
2346    16.4299571514
2360    16.4606320858
2443    16.4985451698
2440    16.5314600468
2365    16.5644340515
2347    16.6028211117
2357    16.6485171318
2363    16.6941990852
2361    16.7247619629
2364    16.7556660175
2348    16.7996611595
2349    16.8306081295
2346    16.8738131523
2358    16.9041001797
2348    16.9475669861
2349    16.9858579636
2437    17.0290300846
2352    17.0650081635
2355    17.1009190083
2342    17.1289610863
2351    17.162042141
2438    17.206099987
2452    17.2345199585
2353    17.2779531479
2348    17.321680069
2350    17.3600320816
2441    17.3988420963
2360    17.4356100559
2351    17.4682691097
2362    17.5025660992
2352    17.5593409538
2350    17.5950551033
2447    17.6335639954
2344    17.6744129658
2351    17.7092621326
2346    17.7422661781
2353    17.7763869762
2361    17.8027760983
2359    17.8350009918
2347    17.877644062
2340    17.9111390114
2347    17.9540240765
2358    17.981618166
2352    18.0150530338
2347    18.0462241173
2443    18.0840671062
2362    18.1178221703
