2349    0.0273580551147
2335    0.0597240924835
2324    0.0919780731201
2329    0.129331111908
2332    0.161947965622
2323    0.199609994888
2324    0.23220205307
2323    0.264802932739
2333    0.297480106354
2334    0.330114126205
2334    0.357752084732
2328    0.393249988556
2325    0.435137987137
2340    0.458953142166
2398    0.497586965561
2303    0.526343107224
2328    0.555086135864
2317    0.593799114227
2325    0.637557983398
2331    0.661289930344
2326    0.69510602951
2328    0.723865032196
2335    0.756628036499
2342    0.789438009262
2325    0.817184925079
2332    0.849895954132
2412    0.877700090408
2414    0.92396402359
2329    0.963773965836
2329    0.992926120758
2333    1.0260579586
2342    1.05594992638
2334    1.08652615547
2339    1.11702799797
2343    1.1499941349
2359    1.17988801003
2353    1.20977401733
2349    1.24460101128
2353    1.28449010849
2358    1.30945014954
2359    1.34945201874
2350    1.38496112823
2356    1.41481614113
2363    1.44961309433
2342    1.48649406433
2360    1.51898407936
2411    1.54712915421
2332    1.58210015297
2338    1.6121981144
2327    1.64007592201
2334    1.67814803123
2342    1.72062301636
2342    1.7637989521
2360    1.79947710037
2352    1.83012509346
2358    1.86102795601
2329    1.88941311836
2329    1.92265796661
2340    1.95606613159
2338    1.98427510262
2412    2.02004599571
2340    2.05328011513
2338    2.0841691494
2393    2.11171913147
2406    2.15224909782
2321    2.19895100594
2315    2.24224615097
2316    2.28066396713
2418    2.31285214424
2337    2.34571099281
2330    2.38907694817
2331    2.43236207962
2330    2.46984410286
2325    2.49893307686
2315    2.53306412697
2320    2.57210493088
2320    2.60134601593
2404    2.63150405884
2318    2.66452813148
2325    2.69702410698
2316    2.7291841507
2316    2.77243804932
2315    2.81060194969
2313    2.84392404556
2324    2.87956595421
2318    2.91868400574
2328    2.9630010128
2320    3.01143407822
2314    3.0432600975
2303    3.07508111
2312    3.1180870533
2325    3.14425802231
2320    3.17983603477
2303    3.21003508568
2326    3.24240398407
2302    3.27194595337
2391    3.30493211746
2300    3.34351301193
2302    3.37716197968
2327    3.42513608932
2382    3.46424794197
2302    3.48836398125
2303    3.52246904373
2301    3.55518698692
2309    3.58965206146
2300    3.62799596786
2371    3.67148303986
2300    3.70965909958
2300    3.73596096039
2390    3.76954507828
2301    3.80016303062
2311    3.83094596863
2302    3.86494898796
2300    3.90809798241
2300    3.9463300705
2300    3.97792696953
2303    4.00811696053
2297    4.05124807358
2297    4.09436607361
2301    4.14254403114
2298    4.20524692535
2298    4.24310898781
2293    4.25096893311
2309    4.28933405876
2298    4.328125
2302    4.37240195274
2300    4.41552114487
2303    4.45233893394
2302    4.4890370369
2301    4.52500796318
2303    4.55687904358
2375    4.58875107765
2276    4.61676907539
2303    4.65522098541
2290    4.68382811546
2286    4.71773314476
2297    4.76587605476
2288    4.81136798859
2294    4.84815597534
2289    4.87988710403
2289    4.92258501053
2283    4.9655649662
2286    4.99234294891
2288    5.02313113213
2294    5.05910515785
2294    5.09740114212
2293    5.13959693909
2361    5.16801810265
2367    5.20182204247
2285    5.24576807022
2294    5.27236199379
2287    5.31115603447
2278    5.34417200089
2298    5.38048100471
2289    5.42227196693
2297    5.44858908653
2288    5.49717307091
2289    5.53429698944
2294    5.57333111763
2297    5.60740303993
2285    5.63587498665
2295    5.69377303123
2295    5.7271490097
2289    5.73034310341
2297    5.76337599754
2288    5.79901409149
2297    5.84134697914
2296    5.8734459877
2277    5.90542793274
2286    5.93716406822
2284    5.96976804733
2287    6.00571298599
2284    6.03145098686
2293    6.067070961
2286    6.09271597862
2286    6.12455201149
2279    6.15691494942
2299    6.19496893883
2288    6.23268413544
2288    6.26009607315
2286    6.2925620079
2286    6.32504010201
2278    6.35254096985
2286    6.39019799232
2287    6.41997694969
2297    6.45147299767
2283    6.49008011818
2284    6.52828907967
2286    6.56552815437
2295    6.59233903885
2367    6.62725400925
2286    6.6600921154
2284    6.68848609924
2289    6.72689914703
2288    6.77021598816
2297    6.80557012558
2291    6.84169006348
2286    6.87741398811
2294    6.90312004089
2295    6.93878293037
2295    6.96439003944
2297    7.00023198128
2362    7.04092407227
2297    7.07155203819
2288    7.10697293282
2281    7.13953900337
2279    7.16934013367
2365    7.20368003845
2283    7.24443006516
2291    7.27517008781
2286    7.30586600304
2287    7.3365521431
2288    7.36723303795
2284    7.40213298798
2284    7.43570113182
2294    7.47645401955
2281    7.52215099335
2301    7.55787396431
2300    7.59355211258
2303    7.62937092781
2310    7.6600561142
2289    7.69130206108
2297    7.72715997696
2294    7.76292800903
2297    7.79307699203
2298    7.82370495796
2384    7.86931800842
2310    7.90494799614
2383    7.93058896065
2297    7.97648215294
2385    8.00954794884
2301    8.03535795212
2391    8.07121515274
2298    8.10926008224
2299    8.13997793198
2303    8.17210912704
2298    8.20063304901
2303    8.24668097496
2296    8.27761507034
2377    8.30937314034
2288    8.33847904205
2367    8.37221312523
2285    8.40032792091
2293    8.43777394295
2374    8.46494793892
2285    8.50854492188
2271    8.55196809769
2277    8.5949151516
2262    8.6305501461
2272    8.65610098839
2274    8.68894314766
2272    8.73238992691
2273    8.77516508102
2283    8.8017680645
2262    8.83015799522
2277    8.86737895012
2272    8.90579795837
2352    8.94868397713
2265    8.98704600334
2262    9.0210981369
2287    9.05842494965
2293    9.09330010414
2294    9.11985898018
2288    9.15950512886
2290    9.19776511192
2289    9.2226729393
2290    9.25551509857
2280    9.29856204987
2294    9.33677101135
2282    9.36497402191
2278    9.39808106422
2381    9.42661213875
2288    9.46011400223
2296    9.50375795364
2303    9.54710292816
2301    9.58050608635
2303    9.61306905746
2303    9.64277005196
2301    9.67560100555
2292    9.70143008232
2311    9.73478603363
2302    9.76975393295
2310    9.80675506592
2381    9.84590911865
2300    9.88396406174
2303    9.92150211334
2390    9.95234107971
2385    9.99096894264
2300    10.0291280746
2395    10.05854702
2390    10.1011140347
2401    10.1285071373
2317    10.1608810425
2321    10.1935169697
2323    10.222465992
2310    10.2634830475
2313    10.2958271503
2316    10.328608036
2324    10.3719520569
2402    10.4091780186
2303    10.4365661144
2301    10.4638519287
2303    10.496183157
2292    10.5285460949
2301    10.5609641075
2301    10.5882370472
2315    10.620855093
2323    10.6600189209
2320    10.6932580471
2316    10.7311079502
2395    10.7686491013
2316    10.7960870266
2314    10.8235681057
2397    10.8560860157
2321    10.8886630535
2317    10.9211390018
2312    10.9494709969
2316    10.9827780724
2332    11.0160009861
2331    11.0586690903
2327    11.0950210094
2332    11.1273319721
2335    11.1648340225
2334    11.1924331188
2335    11.2246501446
2330    11.2570610046
2407    11.2846689224
2406    11.3197491169
2326    11.3581631184
2325    11.4162869453
2410    11.459731102
2408    11.4981219769
2348    11.5416219234
2355    11.5832390785
2438    11.611905098
2349    11.6447520256
2347    11.688076973
2351    11.7362720966
2352    11.7795770168
2362    11.8105700016
2350    11.8388650417
2356    11.8719120026
2358    11.9076681137
2355    11.9333879948
2361    11.9693319798
2358    12.0121610165
2367    12.0493431091
2367    12.0786380768
2359    12.111645937
2361    12.1504859924
2447    12.1882750988
2364    12.2256829739
2363    12.2586400509
2374    12.2968239784
2388    12.3285770416
2376    12.3601751328
2392    12.3904831409
2381    12.423607111
2378    12.4570510387
2378    12.4952800274
2375    12.5282690525
2389    12.5602920055
2364    12.6081211567
2364    12.6414301395
2364    12.6744599342
2388    12.7048330307
2376    12.7478511333
2362    12.7806191444
2367    12.8233399391
2356    12.8657579422
2362    12.9093580246
2440    12.9420940876
2366    12.9875349998
2364    13.0214810371
2365    13.0484490395
2374    13.085351944
2449    13.1089060307
2364    13.1311559677
2367    13.1635100842
2366    13.200813055
2358    13.2284770012
2365    13.2568171024
2452    13.2899560928
2445    13.3165831566
2366    13.3503940105
2363    13.3779261112
2372    13.4113650322
2367    13.4398169518
2367    13.4741749763
2375    13.5006649494
2370    13.537348032
2364    13.5809700489
2373    13.6175680161
2449    13.6496169567
2371    13.688024044
2356    13.7307169437
2365    13.7684519291
2363    13.811537981
2373    13.842302084
2444    13.8857250214
2365    13.9240951538
2373    13.9724841118
2366    14.0095081329
2434    14.0390930176
2365    14.0762951374
2356    14.1087300777
2364    14.1455080509
2372    14.181292057
2434    14.2120840549
2363    14.2442440987
2375    14.2761271
2350    14.3142199516
2358    14.3476989269
2425    14.3847651482
2357    14.421323061
2359    14.461730957
2373    14.4889039993
2348    14.5222151279
2350    14.5656430721
2359    14.5935339928
2353    14.6263620853
2349    14.6569471359
2436    14.6884291172
2349    14.7354741096
2348    14.7723119259
2344    14.8153500557
2346    14.8623659611
2353    14.8957700729
2352    14.9242191315
2349    14.9571499825
2347    14.9903099537
2341    15.0187089443
2353    15.0518131256
2353    15.0846669674
2354    15.122961998
2434    15.1596419811
2349    15.1864490509
2353    15.2249610424
2341    15.2666511536
2432    15.2936270237
2360    15.3253800869
2353    15.3573219776
2351    15.3998770714
2358    15.443418026
2352    15.4818120003
2352    15.5251159668
2358    15.567825079
2350    15.6110100746
2427    15.6376590729
2363    15.6733701229
2351    15.7168259621
2352    15.7450609207
2358    15.7775769234
2358    15.8094580173
2349    15.853055954
2424    15.8957531452
2360    15.939332962
2439    15.977519989
2352    16.0108890533
2349    16.0538909435
2350    16.0831429958
2426    16.1261091232
2357    16.1566560268
2359    16.1904020309
2353    16.2142529488
2363    16.2482669353
2352    16.281965971
2356    16.3207371235
2348    16.355107069
2436    16.3852050304
2349    16.4180729389
2348    16.4486751556
2355    16.4815249443
2360    16.5121810436
2354    16.5438661575
2343    16.5762701035
2350    16.6087870598
2356    16.6344690323
2362    16.674790144
2350    16.7110171318
2432    16.7433230877
2348    16.7756769657
2348    16.8029780388
2343    16.8353669643
2348    16.8792150021
2352    16.9122059345
2344    16.9502060413
2353    16.9827079773
2354    17.0101561546
2358    17.048030138
2348    17.0807061195
2357    17.1063909531
2346    17.1421909332
2432    17.1799490452
2356    17.2124800682
2361    17.2434370518
2350    17.2738320827
2359    17.3058450222
2344    17.3387401104
2350    17.3820099831
2437    17.4204671383
2350    17.4588820934
2352    17.4948711395
2341    17.5256710052
2410    17.5689611435
2342    17.6117460728
2337    17.6400640011
2427    17.6883850098
2359    17.7308371067
2328    17.7676911354
