2341    0.038782119751
2350    0.0819911956787
2409    0.125244140625
2330    0.163190126419
2331    0.190021038055
2346    0.238414049149
2339    0.274943113327
2340    0.310094118118
2331    0.353271007538
2332    0.394386053085
2412    0.433085203171
2330    0.476422071457
2328    0.518458127975
2315    0.56126499176
2321    0.5980219841
2329    0.626083135605
2334    0.662294149399
2327    0.689048051834
2322    0.736092090607
2325    0.773749113083
2332    0.804597139359
2323    0.837064027786
2334    0.879825115204
2334    0.912317037582
2330    0.939985990524
2341    0.97501707077
2331    1.01251220703
2323    1.04554414749
2326    1.08359718323
2325    1.11660408974
2345    1.14464497566
2438    1.1726360321
2348    1.20556902885
2346    1.23862910271
2360    1.26913404465
2352    1.30220603943
2362    1.33262205124
2349    1.36096119881
2348    1.4043970108
2348    1.44236397743
2349    1.47494316101
2349    1.50407600403
2348    1.53813099861
2332    1.5720770359
2333    1.59947609901
2332    1.6319270134
2341    1.66345119476
2414    1.70138907433
2331    1.73405313492
2340    1.77662205696
2332    1.81539201736
2346    1.84385108948
2341    1.87157917023
2330    1.89394307137
2332    1.92642998695
2333    1.95379900932
2407    1.98649907112
2337    2.02483820915
2405    2.05880999565
2338    2.09774017334
2316    2.14096999168
2319    2.1679110527
2326    2.20146799088
2315    2.232213974
2321    2.26502203941
2318    2.29273605347
2338    2.3279800415
2323    2.36612606049
2340    2.41559815407
2335    2.45435714722
2338    2.48891806602
2330    2.53355717659
2341    2.56818413734
2324    2.59541797638
2323    2.63086104393
2323    2.6604411602
2326    2.69016003609
2327    2.7233710289
2325    2.75712513924
2325    2.79583001137
2324    2.82453107834
2325    2.85818910599
2324    2.89191007614
2326    2.9155189991
2316    2.95406913757
2322    2.99063301086
2309    3.02296614647
2404    3.05492901802
2315    3.08560609818
2310    3.11691308022
2311    3.15836215019
2392    3.19650220871
2322    3.22784399986
2319    3.26099610329
2294    3.2892510891
2299    3.3224132061
2378    3.3609521389
2292    3.38929605484
2367    3.42546319962
2303    3.46335721016
2298    3.49185919762
2302    3.53473901749
2309    3.57226705551
2303    3.61519408226
2303    3.64206600189
2303    3.6756401062
2303    3.70563817024
2303    3.73901414871
2381    3.78312516212
2310    3.80716013908
2312    3.84120202065
2309    3.88395214081
2303    3.92239713669
2303    3.9660320282
2301    4.00940418243
2293    4.04784202576
2296    4.09119606018
2302    4.12959098816
2301    4.17316412926
2299    4.21660208702
2300    4.25483703613
2298    4.28253507614
2380    4.31026315689
2303    4.34121417999
2301    4.3845281601
2311    4.42735219002
2383    4.46441602707
2302    4.49948620796
2303    4.52992606163
2303    4.56057500839
2301    4.5921561718
2301    4.63546705246
2292    4.67763400078
2284    4.71946406364
2292    4.74644708633
2374    4.77591204643
2291    4.80916500092
2303    4.84116911888
2288    4.88932800293
2297    4.92694807053
2289    4.95442318916
2371    4.99194002151
2284    5.01925301552
2363    5.05701208115
2292    5.08349919319
2285    5.11520600319
2289    5.16295313835
2282    5.2008960247
2370    5.2436041832
2292    5.27995204926
2286    5.31062602997
2288    5.34663319588
2289    5.38531899452
2288    5.41759705544
2277    5.45045208931
2284    5.49857997894
2294    5.53435707092
2290    5.5601670742
2296    5.59612798691
2285    5.63445401192
2293    5.68376517296
2291    5.72098302841
2294    5.74537920952
2283    5.77818417549
2294    5.80883002281
2288    5.84956002235
2294    5.87564611435
2283    5.90722298622
2295    5.94003200531
2282    5.98349404335
2284    6.02652907372
2278    6.06929111481
2286    6.10252118111
2279    6.13573312759
2284    6.16400098801
2290    6.20217704773
2290    6.23589611053
2290    6.27328419685
2289    6.30515217781
2284    6.33618497849
2284    6.37225103378
2359    6.40919613838
2291    6.44102621078
2294    6.47040200233
2281    6.50213003159
2292    6.53243517876
2286    6.56015300751
2290    6.5914580822
2279    6.61948418617
2288    6.65481519699
2279    6.68398308754
2285    6.7158780098
2285    6.74746704102
2293    6.78023815155
2298    6.80957603455
2293    6.84535503387
2286    6.88311815262
2285    6.92647218704
2297    6.96979117393
2291    7.01829719543
2285    7.04686307907
2286    7.0797700882
2295    7.10893201828
2287    7.14331316948
2281    7.18616199493
2283    7.22926020622
2364    7.27008104324
2288    7.30301213264
2294    7.32977199554
2286    7.36304402351
2286    7.40989899635
2292    7.44676303864
2301    7.47897720337
2294    7.51087212563
2311    7.54255199432
2309    7.57449197769
2278    7.61791706085
2288    7.66106200218
2288    7.69877314568
2288    7.73646712303
2289    7.76921701431
2292    7.80202507973
2286    7.82986712456
2302    7.86001205444
2303    7.89531898499
2313    7.92017412186
2303    7.95522499084
2309    7.98504519463
2294    8.02040910721
2301    8.05759620667
2300    8.08547401428
2312    8.12232613564
2303    8.17054200172
2301    8.23357415199
2301    8.27117800713
2303    8.27362012863
2297    8.3063120842
0    8.33318018913
2277    8.34483909607
2285    8.37958097458
0    8.40729618073
2283    8.42057514191
2294    8.45131611824
2296    8.48189210892
2291    8.49090504646
2291    8.52526497841
0    8.56025314331
2361    8.56488704681
2359    8.59509301186
2273    8.63756418228
2269    8.68196702003
2269    8.71519804001
2276    8.74796700478
2272    8.77619719505
2280    8.80895519257
2269    8.8370950222
2270    8.87009620667
2278    8.90406799316
2277    8.94255208969
2270    8.97544002533
2283    9.00617098808
2359    9.0378100872
2277    9.08097815514
2288    9.12665700912
2295    9.16236519814
2295    9.19310212135
2293    9.22881197929
2286    9.26402306557
2286    9.29281306267
2289    9.33776116371
2285    9.37871408463
2283    9.41681599617
2286    9.44859004021
2295    9.48092603683
2281    9.51344203949
2283    9.55692720413
2283    9.59069108963
2302    9.62888717651
2302    9.67235302925
2387    9.71058702469
2301    9.74346613884
2303    9.77760601044
2303    9.80700802803
2303    9.8456389904
2296    9.87712717056
2386    9.90720200539
2299    9.93827319145
2313    9.97817111015
2329    10.0029962063
2324    10.0378880501
2321    10.0677630901
2324    10.0979981422
2315    10.1312530041
2320    10.168279171
2325    10.2054030895
2326    10.2311840057
2309    10.269397974
2312    10.3055300713
2316    10.3488919735
2316    10.3917760849
2321    10.4188480377
2303    10.4567101002
2377    10.4930009842
2294    10.5307970047
2300    10.5637001991
2316    10.5969421864
2316    10.6460180283
2324    10.6803710461
2318    10.7218229771
2319    10.7553400993
2320    10.7910120487
2325    10.8237221241
2318    10.8671250343
2393    10.9038841724
2312    10.9397821426
2333    10.9782221317
2400    11.0257341862
2325    11.0639531612
2329    11.1026010513
2339    11.1460711956
2327    11.1844480038
2330    11.2127530575
2330    11.2447631359
2335    11.2848200798
2334    11.321737051
2342    11.3478732109
2336    11.3844661713
2340    11.4205989838
2412    11.4539320469
2331    11.5025560856
2345    11.5459032059
2348    11.5894441605
2352    11.6276981831
2353    11.6706991196
2354    11.7097361088
2362    11.7352859974
2349    11.7750980854
2359    11.8101940155
2340    11.8433430195
2350    11.8749911785
2350    11.9281949997
2356    11.9637391567
2348    11.9942522049
2358    12.0299150944
2366    12.0599031448
2376    12.0933351517
2367    12.1360781193
2364    12.1734170914
2444    12.2166161537
2356    12.2597692013
2455    12.2875730991
2383    12.315734148
2378    12.3489069939
2377    12.3771810532
2379    12.4104380608
2388    12.4414300919
2382    12.4699370861
2377    12.5080471039
2371    12.5359661579
2380    12.568857193
2381    12.6068570614
2465    12.6398041248
2356    12.678786993
2380    12.7221231461
2364    12.7603399754
2369    12.7923820019
2364    12.824614048
2366    12.8679289818
2441    12.9104301929
2358    12.9488151073
2360    12.9922201633
2364    13.0304791927
2370    13.0677480698
2451    13.1026241779
2371    13.1275260448
2451    13.1627011299
2365    13.2078201771
2447    13.2329480648
2363    13.2667770386
2355    13.3053071499
2442    13.3338320255
2367    13.3721370697
2363    13.419522047
2355    13.4626181126
2364    13.5021979809
2367    13.5330891609
2359    13.5642471313
2358    13.5965101719
2367    13.6405310631
2367    13.666405201
2370    13.7032279968
2367    13.7415721416
2363    13.7695221901
2358    13.8068861961
2361    13.8543350697
2356    13.8871090412
2348    13.9200379848
2366    13.947974205
2365    13.9801230431
2372    14.0142230988
2445    14.0483901501
2367    14.0804951191
2452    14.1340310574
2353    14.1723351479
2352    14.2155461311
2351    14.2528400421
2365    14.2967691422
2350    14.3388991356
2432    14.3721520901
2348    14.418348074
2349    14.4603011608
2439    14.4935221672
2354    14.53166008
2354    14.5645260811
2349    14.6076011658
2343    14.6381440163
2362    14.6687560081
2436    14.6994001865
2348    14.7301402092
2357    14.7618629932
2364    14.8053741455
2365    14.84852314
2356    14.8731842041
2350    14.9052321911
2355    14.9485809803
2343    14.9870271683
2342    15.0303239822
2350    15.0570449829
2352    15.089910984
2350    15.1205370426
2356    15.1520721912
2358    15.1943221092
2344    15.2296161652
2358    15.2710971832
2347    15.3085091114
2350    15.3358521461
2354    15.3682751656
2350    15.400698185
2347    15.4330451488
2350    15.4604971409
2346    15.4979691505
2343    15.5253360271
2353    15.5527420044
2345    15.5901720524
2348    15.6175391674
2355    15.6650881767
2350    15.6974861622
2348    15.7399430275
2350    15.7723751068
2350    15.7996361256
2352    15.8319611549
2352    15.8693242073
2352    15.9067471027
2349    15.9440271854
2347    15.9712290764
2434    16.003524065
2350    16.0358240604
2350    16.068157196
2359    16.0954911709
2357    16.1328451633
2344    16.1602370739
2424    16.1927030087
2350    16.2250311375
2348    16.2624621391
2350    16.2948470116
2352    16.3272731304
2350    16.3647201061
2348    16.3971321583
2344    16.4245140553
2349    16.4619560242
2347    16.4892580509
2353    16.5170559883
2355    16.548623085
2358    16.5776181221
2359    16.610270977
2428    16.6383290291
2350    16.6785750389
2358    16.7090551853
2354    16.747685194
2350    16.7816441059
2353    16.8125901222
2350    16.8494091034
2359    16.8875370026
2357    16.920235157
2353    16.952242136
2361    16.9818329811
2350    17.0200781822
2350    17.0460300446
2348    17.0792851448
2438    17.1133360863
2432    17.1493861675
2343    17.1877040863
2353    17.2358410358
2354    17.2734041214
2357    17.3117752075
2350    17.3395600319
2357    17.3719031811
2362    17.4048550129
2356    17.4368321896
2355    17.4681851864
2356    17.4987502098
2343    17.530559063
2342    17.5590121746
2350    17.5920491219
2348    17.6252830029
2348    17.6684451103
2355    17.694190979
2342    17.7300901413
2357    17.760035038
2361    17.792976141
