2332    0.0323638916016
2331    0.0647020339966
2340    0.097039937973
2323    0.124366044998
2418    0.151661872864
2326    0.173975944519
2331    0.206302881241
2328    0.243687868118
2333    0.271582841873
2408    0.31521487236
2329    0.357246875763
2410    0.395437955856
2424    0.428468942642
2329    0.47215294838
2331    0.514737844467
2317    0.539959907532
2319    0.573204040527
2318    0.615720033646
2320    0.65890288353
2328    0.684633970261
2314    0.716583013535
2337    0.748239994049
2326    0.78549695015
2332    0.812803983688
2334    0.840077877045
2411    0.8774330616
2330    0.9047498703
2330    0.937059879303
2338    0.974437952042
2332    1.00174093246
2335    1.0390958786
2328    1.08643198013
2332    1.11877083778
2335    1.15118002892
2331    1.17859101295
2329    1.21592783928
2351    1.25342202187
2347    1.28072500229
2348    1.3080470562
2346    1.33539199829
2432    1.37273001671
2432    1.41010284424
2350    1.44239783287
2425    1.47477483749
2342    1.50747203827
2357    1.53595590591
2350    1.56446290016
2348    1.59778690338
2330    1.62535500526
2322    1.66560292244
2329    1.71071386337
2340    1.73481082916
2334    1.77267098427
2327    1.80943584442
2342    1.84614992142
2338    1.87278604507
2331    1.90517401695
2335    1.93252587318
2331    1.97026205063
2339    2.00728201866
2335    2.04461097717
2341    2.0730240345
2327    2.10540986061
2332    2.14287185669
2324    2.17575788498
2316    2.20933198929
2318    2.24267601967
2311    2.26886987686
2319    2.30235791206
2316    2.36051797867
2332    2.39838290215
2333    2.42898583412
2335    2.46027088165
2340    2.49432682991
2328    2.52804303169
2335    2.56555390358
2316    2.59964585304
2312    2.62380886078
2320    2.65793085098
2328    2.69723987579
2328    2.72710704803
2403    2.76472401619
2398    2.79988384247
2312    2.83166098595
2303    2.8638458252
2324    2.89577198029
2313    2.92810297012
2320    2.97139883041
2317    3.00979185104
2329    3.03917193413
2315    3.06668186188
2309    3.09972405434
2312    3.14720582962
2323    3.18831396103
2394    3.22678089142
2315    3.26894688606
2317    3.29844784737
2303    3.32773685455
2303    3.36740684509
2309    3.40241003036
2315    3.4308450222
2310    3.47390389442
2299    3.51393485069
2381    3.54772496223
2312    3.57456493378
2310    3.61133885384
2294    3.64970898628
2310    3.67652583122
2291    3.71282982826
2381    3.74023103714
2297    3.77756094933
2303    3.8104300499
2302    3.84380483627
2301    3.87553191185
2303    3.90504002571
2302    3.93803501129
2387    3.97563385963
2301    4.00907087326
2313    4.04096198082
2303    4.0843269825
2303    4.12690901756
2302    4.16494083405
2311    4.1981420517
2302    4.2410299778
2303    4.26893496513
2299    4.30196690559
2309    4.33070492744
2301    4.36350488663
2297    4.39511990547
2312    4.4268219471
2303    4.45883083344
2311    4.50263905525
2303    4.53110003471
2286    4.57327103615
2364    4.61649799347
2303    4.65456199646
2285    4.70057582855
2297    4.73649597168
2287    4.77060103416
2291    4.79700088501
2283    4.82581305504
2287    4.85882902145
2288    4.89231705666
2288    4.92632198334
2288    4.96395301819
2288    4.99175190926
2294    5.0258500576
2285    5.06027197838
2362    5.1020629406
2288    5.12944698334
2287    5.16167902946
2288    5.19364905357
2295    5.2254140377
2285    5.25721693039
2365    5.29398202896
2372    5.33163285255
2363    5.3738629818
2282    5.41249084473
2284    5.45533704758
2332    5.49521303177
2284    5.53312492371
2292    5.56301903725
2285    5.5967669487
2295    5.63273596764
2280    5.66653704643
2280    5.71009087563
2377    5.73802495003
2367    5.77152895927
2291    5.80501294136
2292    5.82892990112
2367    5.86136293411
2295    5.89623188972
2295    5.92412900925
2296    5.95501995087
2286    5.98593688011
2279    6.0100569725
2286    6.04751706123
2297    6.07463693619
2284    6.10573482513
2284    6.14415884018
2294    6.19267487526
2281    6.23573088646
2294    6.26657390594
2376    6.2973139286
2293    6.32815098763
2295    6.35986185074
2364    6.40313386917
2280    6.44641089439
2295    6.47077703476
2294    6.50756382942
2287    6.54007005692
2282    6.57241487503
2284    6.60496497154
2293    6.62972998619
2297    6.66866087914
2298    6.7059879303
2288    6.73402905464
2289    6.77033090591
2284    6.79769492149
2281    6.84274101257
2282    6.87027096748
2292    6.91361284256
2287    6.95142197609
2376    6.98058986664
2281    7.01377105713
2288    7.05700683594
2286    7.10003089905
2281    7.13797903061
2371    7.17020392418
2293    7.21361804008
2284    7.25115203857
2294    7.28243899345
2289    7.31927800179
2296    7.35075998306
2286    7.38070082664
2286    7.41396594048
2285    7.4519598484
2281    7.48511600494
2285    7.51423096657
2288    7.54748487473
2292    7.59296989441
2303    7.62759804726
2298    7.662981987
2300    7.69886398315
2375    7.73483586311
2290    7.76570487022
2286    7.79924893379
2282    7.82780098915
2296    7.85832905769
2294    7.89408588409
2286    7.91963386536
2391    7.95566391945
2284    8.00391292572
2301    8.04139995575
2384    8.0696208477
2296    8.1131799221
2300    8.15644598007
2300    8.19463706017
2300    8.23808598518
2301    8.27676796913
2300    8.30886888504
2299    8.35244989395
2300    8.38583683968
2300    8.424451828
2310    8.45747494698
2278    8.50407791138
2280    8.54003882408
2286    8.57790398598
2283    8.61130595207
2294    8.64155888557
2270    8.66937184334
2281    8.70870089531
2272    8.74446201324
2274    8.7878139019
2274    8.83080482483
2277    8.87408804893
2264    8.91012096405
2270    8.95346283913
2272    8.99666595459
2274    9.02214598656
2284    9.05623197556
2294    9.08566784859
2279    9.12376189232
2286    9.16632699966
2288    9.2050909996
2288    9.25385284424
2289    9.28623485565
2288    9.32581496239
2297    9.3581829071
2292    9.39703583717
2294    9.43199586868
2385    9.46220493317
2309    9.49471187592
2300    9.52648901939
2303    9.56289505959
2310    9.59636187553
2302    9.62483501434
2309    9.65868496895
2303    9.7114109993
2303    9.74487805367
2301    9.77353000641
2291    9.81720590591
2299    9.84104394913
2303    9.87986588478
2303    9.91866993904
2301    9.95798587799
2299    10.0062329769
2312    10.0498149395
2315    10.0934019089
2324    10.1314809322
2396    10.1785860062
2318    10.2157289982
2319    10.2553110123
2318    10.2939510345
2320    10.3247318268
2325    10.3613939285
2318    10.3980238438
2392    10.4366269112
2324    10.4695408344
2325    10.4946169853
2302    10.5302479267
2300    10.5737478733
2303    10.6078088284
2324    10.6447749138
2303    10.6879329681
2312    10.7257139683
2314    10.7543900013
2310    10.7920069695
2328    10.8161818981
2316    10.8506548405
2303    10.8790988922
2323    10.9174258709
2316    10.9530608654
2325    10.9920568466
2326    11.0299189091
2341    11.0565500259
2331    11.0907058716
2327    11.1392419338
2338    11.1825459003
2332    11.2204449177
2332    11.2583670616
2329    11.2911889553
2343    11.3214719296
2339    11.3527219296
2328    11.3811719418
2343    11.4420969486
2340    11.4743618965
2408    11.5025210381
2329    11.5383179188
2359    11.5686569214
2343    11.5994420052
2353    11.6561319828
2347    11.6788079739
2353    11.7116179466
2349    11.7444398403
2358    11.7772400379
2428    11.804997921
2349    11.8377459049
2352    11.8654458523
2357    11.9032199383
2355    11.9395709038
2350    11.9728319645
2356    12.0083398819
2357    12.0462069511
2358    12.0768418312
2371    12.1124038696
2366    12.162788868
2370    12.2009570599
2439    12.2342638969
2361    12.2664029598
2378    12.30950284
2465    12.3475990295
2383    12.3826668262
2388    12.4126210213
2456    12.4448559284
2386    12.4751958847
2463    12.515406847
2378    12.5527348518
2380    12.6000959873
2379    12.6274878979
2376    12.6548688412
2380    12.6922290325
2380    12.7196269035
2382    12.751983881
2373    12.7846539021
2439    12.8315439224
2367    12.863214016
2450    12.904968977
2367    12.9423229694
2443    12.9749670029
2373    13.0182960033
2362    13.05636096
2373    13.0906989574
2367    13.1201479435
2363    13.1532330513
2364    13.1812160015
2367    13.2142088413
2369    13.2471840382
2366    13.2801918983
2448    13.3181419373
2365    13.3511679173
2369    13.3868019581
2364    13.4254970551
2359    13.4589090347
2363    13.4866929054
2362    13.5190110207
2364    13.5467250347
2438    13.5848619938
2372    13.6258928776
2361    13.6641738415
2436    13.7060658932
2364    13.7488319874
2367    13.7770750523
2444    13.8100249767
2448    13.8483278751
2365    13.8818490505
2366    13.915391922
2374    13.9525249004
2377    13.9881010056
2375    14.0289609432
2443    14.0670628548
2375    14.0971498489
2372    14.12814188
2347    14.1747570038
2360    14.218020916
2367    14.2512278557
2364    14.2943298817
2354    14.3373990059
2351    14.3756730556
2350    14.4140729904
2353    14.4422399998
2353    14.4793179035
2432    14.506955862
2345    14.5396509171
2351    14.5672299862
2352    14.6048128605
2348    14.6324329376
2350    14.6602649689
2350    14.6934819221
2357    14.7258899212
2362    14.7568750381
2357    14.7886199951
2377    14.8211050034
2358    14.8566739559
2349    14.8944580555
2344    14.9360220432
2344    14.9693939686
2435    14.9963598251
2360    15.0289618969
2352    15.0595779419
2347    15.0952248573
2350    15.1324489117
2343    15.18085289
2353    15.2141959667
2348    15.2425858974
2349    15.2800569534
2357    15.320032835
2342    15.3580369949
2348    15.4011869431
2422    15.4303150177
2340    15.4590029716
2348    15.4949889183
2361    15.5285658836
2353    15.5669219494
2360    15.5986199379
2358    15.6321179867
2342    15.6780898571
2425    15.7155020237
2356    15.7424249649
2432    15.7761509418
2351    15.808521986
2358    15.8444309235
2352    15.8807499409
2353    15.9134089947
2353    15.9560639858
2354    15.9939959049
2352    16.0371718407
2350    16.0747778416
2350    16.108755827
2352    16.1417908669
2352    16.1725690365
2349    16.2160689831
2425    16.2592639923
2353    16.2973899841
2358    16.327947855
2352    16.3599979877
2432    16.395637989
2345    16.4379630089
2348    16.4841730595
2347    16.51689291
2346    16.5492010117
2345    16.5816040039
2350    16.6140189171
2353    16.6417448521
2346    16.6747019291
2356    16.7113928795
2359    16.7496500015
2355    16.7929358482
2422    16.8345868587
2437    16.8617799282
2358    16.8969449997
2355    16.9276249409
2344    16.9732968807
2350    17.0186629295
2357    17.0586960316
2421    17.0986368656
2354    17.1238329411
2346    17.1576828957
2360    17.194560051
2436    17.2375738621
2329    17.2647879124
2333    17.298473835
2428    17.3321979046
2437    17.3559288979
2328    17.3947458267
2358    17.4185929298
2353    17.4572958946
2352    17.4850609303
2432    17.5128920078
2357    17.5512189865
2340    17.5925328732
2330    17.626060009
2437    17.6658928394
2332    17.7037189007
2339    17.7348279953
2346    17.7783339024
2333    17.8214938641
2344    17.863296032
2330    17.8994460106
2330    17.9430859089
