2134    0.0380859375
2132    0.0764298439026
2147    0.11967086792
2138    0.158143043518
2138    0.202177047729
2134    0.240360975266
2146    0.283616065979
2136    0.3245408535
2131    0.352704048157
2137    0.385854005814
2136    0.414080858231
2124    0.447319030762
2122    0.480538845062
2114    0.508707046509
2124    0.546860933304
2123    0.593086957932
2120    0.62130188942
2129    0.663532972336
2123    0.700991868973
2122    0.73406791687
2136    0.762276887894
2133    0.795726060867
2137    0.823680877686
2136    0.869833946228
2134    0.911938905716
2132    0.939993858337
2137    0.972986936569
2146    1.00119805336
2133    1.03441905975
2140    1.06497788429
2143    1.09571194649
2136    1.12419199944
2161    1.15902495384
2154    1.19369888306
2148    1.23843193054
2153    1.28075885773
2151    1.3242559433
2146    1.3626639843
2147    1.40124893188
2149    1.44073104858
2150    1.4841029644
2151    1.51651000977
2169    1.54340600967
2173    1.58170604706
2167    1.61756587029
2173    1.6592669487
2155    1.68374490738
2150    1.72221183777
2153    1.7590470314
2150    1.79200696945
2157    1.81992197037
2152    1.86088585854
2149    1.90472888947
2247    1.93664097786
2151    1.98004603386
2172    2.00414299965
2166    2.04698085785
2174    2.08111906052
2172    2.10539484024
2261    2.13856196404
2170    2.1819229126
2163    2.22610092163
2162    2.26397705078
2156    2.31221985817
2165    2.34823083878
2164    2.38663196564
2269    2.41995096207
2273    2.45845389366
2150    2.48692893982
2165    2.52038884163
2166    2.54878091812
2175    2.58773088455
2175    2.62420797348
2167    2.66749191284
2191    2.69212198257
2181    2.73286700249
2182    2.77098798752
2187    2.80635404587
2278    2.83872699738
2181    2.87450289726
2186    2.91042685509
2187    2.94375300407
2183    2.99237084389
2183    3.03500795364
2186    3.06993699074
2175    3.10835695267
2175    3.141685009
2290    3.18020391464
2194    3.22146606445
2188    3.25935602188
2195    3.29775595665
2195    3.35827994347
2204    3.39565896988
2197    3.43820095062
2207    3.46244192123
2205    3.49660205841
2200    3.52734184265
2200    3.56313896179
2205    3.59896683693
2209    3.62967205048
2222    3.66028499603
2212    3.6911380291
2214    3.72685694695
2219    3.75760006905
2209    3.79335188866
2205    3.82913589478
2214    3.86478900909
2236    3.89141702652
2220    3.92441296577
2235    3.95418190956
2230    3.98660588264
2224    4.03989100456
2227    4.06736207008
2218    4.09997606277
2222    4.13254594803
2230    4.1652109623
2227    4.19265604019
2337    4.22562289238
2238    4.25871491432
2340    4.29356598854
2240    4.33858394623
2243    4.37851190567
2241    4.42061185837
2339    4.4564268589
2240    4.48745703697
2254    4.52083897591
2255    4.55890202522
2268    4.59302687645
2269    4.62733697891
2257    4.6689119339
2259    4.70579600334
2259    4.7389550209
2273    4.78266596794
2274    4.81465291977
2266    4.84849596024
2267    4.89212203026
2367    4.9299249649
2269    4.97345900536
2272    5.0113658905
2370    5.04324197769
2294    5.07836890221
2288    5.13032698631
2289    5.16694784164
2282    5.20246601105
2293    5.22841286659
2286    5.26155495644
2284    5.29366493225
2309    5.32932806015
2300    5.36766886711
2301    5.41108393669
2298    5.44935894012
2303    5.4911968708
2301    5.51825690269
2303    5.55153083801
2325    5.59763097763
2315    5.63531184196
2317    5.67863488197
2317    5.70749092102
2313    5.73623394966
2313    5.7649409771
2317    5.79868006706
2330    5.83744907379
2334    5.8761818409
2327    5.91996097565
2329    5.95801496506
2338    5.989757061
2440    6.02168107033
2343    6.06508302689
2355    6.10333204269
2360    6.13501191139
2353    6.16879701614
2346    6.19737792015
2449    6.22610402107
2357    6.26710295677
2371    6.29404401779
2374    6.32490706444
2367    6.35288596153
2370    6.39242005348
2365    6.42994499207
2364    6.4567668438
2373    6.49137496948
2460    6.53409194946
2474    6.57074594498
2390    6.61242198944
2381    6.64905405045
2388    6.68311786652
2483    6.70730805397
2389    6.74336886406
2477    6.78172492981
2385    6.83049106598
2402    6.86333489418
2403    6.89777302742
2404    6.93226504326
2392    6.97180390358
2402    7.0113298893
2503    7.03576993942
2402    7.07045602798
2415    7.1017370224
2413    7.13643097878
2413    7.18182396889
2410    7.21937084198
2401    7.25765895844
2509    7.28580594063
2411    7.32272195816
2422    7.36577486992
2426    7.40316104889
2425    7.43646502495
2420    7.47475194931
2433    7.51055693626
2422    7.54865503311
2420    7.57869005203
2420    7.60708284378
2442    7.65035700798
2437    7.68300700188
2448    7.71451091766
2448    7.75585985184
2549    7.79411196709
2454    7.82143807411
2448    7.85951089859
2462    7.88534188271
2463    7.92094993591
2549    7.95183396339
2451    7.98255586624
2462    8.01616096497
2465    8.05971193314
2458    8.09672403336
2471    8.12431406975
2476    8.16604089737
2477    8.20284891129
2469    8.24134898186
2466    8.272742033
2466    8.30187892914
2577    8.33744287491
2467    8.38006401062
2559    8.41890192032
2492    8.44614696503
2487    8.4794318676
2593    8.52200007439
2491    8.55674791336
2483    8.58984684944
2483    8.6331820488
2581    8.67060804367
2483    8.7035548687
2482    8.75127601624
2486    8.7901558876
2507    8.83237195015
2509    8.85803699493
2591    8.89860701561
2492    8.92875790596
2480    8.97199892998
2489    9.01478695869
2474    9.05327987671
2482    9.08129787445
2463    9.1291179657
2460    9.16751098633
2468    9.19446086884
2482    9.22715091705
2491    9.25748705864
2492    9.30001997948
2496    9.3268020153
2489    9.35852003098
2491    9.39018392563
2490    9.42188596725
2489    9.45346689224
2485    9.48518705368
2501    9.53183102608
2491    9.57349705696
2508    9.60025596619
2506    9.63330793381
2504    9.674243927
2604    9.70140099525
2506    9.73364305496
2608    9.76246786118
2493    9.79803299904
2510    9.82881784439
2600    9.86047506332
2505    9.89223694801
2497    9.93578386307
2594    9.97875499725
2502    10.0178229809
2500    10.0559220314
2507    10.0901479721
2608    10.1142139435
2513    10.1537280083
2514    10.1918208599
2506    10.2199149132
2525    10.2559969425
2525    10.2922170162
2517    10.3316390514
2516    10.3653678894
2510    10.409350872
2515    10.4521510601
2523    10.4790639877
2519    10.5107929707
2608    10.5425379276
2506    10.5791258812
2507    10.6162209511
2605    10.6515979767
2507    10.6782979965
2503    10.7141139507
2510    10.7511508465
2497    10.791823864
2507    10.8174650669
2498    10.8539948463
2493    10.8955709934
2505    10.9203548431
2490    10.9655590057
2497    11.0085630417
2503    11.0543520451
2490    11.0877580643
2503    11.1208510399
2497    11.1493520737
2498    11.1823880672
2501    11.2144100666
2500    11.2450120449
2505    11.2772660255
2597    11.3082928658
2492    11.3510220051
2506    11.3847739697
2597    11.4223139286
2508    11.4544990063
2501    11.4860930443
2591    11.5283210278
2501    11.5663380623
2507    11.5954148769
2501    11.6286878586
2496    11.6718978882
2591    11.702575922
2489    11.7333879471
2478    11.7766609192
2483    11.8199100494
2577    11.8579769135
2489    11.895428896
2483    11.9386849403
2481    11.9708600044
2476    12.0023698807
2490    12.0326068401
2496    12.0680859089
2487    12.1092698574
2486    12.1474678516
2473    12.1947948933
2482    12.2430200577
2493    12.2758879662
2478    12.3087980747
2492    12.3465759754
2476    12.3797459602
2472    12.4178900719
2479    12.4536879063
2481    12.4969370365
2470    12.5329799652
2456    12.5658860207
2455    12.5943849087
2451    12.6366159916
2456    12.6709098816
2462    12.703594923
2455    12.7345719337
2439    12.7656240463
2451    12.7965328693
2439    12.8297109604
2433    12.8729188442
2451    12.914675951
2441    12.9530498981
2426    12.9861569405
2432    13.0128240585
2521    13.0444989204
2416    13.0763058662
2421    13.1077640057
2418    13.1383109093
2417    13.1689760685
2419    13.2005040646
2402    13.2313079834
2404    13.2627370358
2499    13.2976648808
2395    13.3398740292
2383    13.3773159981
2381    13.4055809975
2386    13.4413268566
2388    13.4706609249
2379    13.5027840137
2367    13.5325329304
2370    13.5646669865
2365    13.5994269848
2365    13.6374440193
2374    13.694879055
2362    13.727864027
2361    13.7580909729
2344    13.790596962
2348    13.8337249756
2448    13.8608410358
2432    13.8935940266
2328    13.9259970188
2332    13.9686410427
2334    14.0032949448
2337    14.0410480499
2413    14.084266901
2303    14.1223759651
2325    14.1541378498
2329    14.1857950687
2303    14.2295658588
2303    14.2715508938
2396    14.3098659515
2295    14.3575758934
2310    14.3958179951
2292    14.4389798641
2283    14.4767279625
2294    14.5143280029
2284    14.5473248959
2285    14.5855739117
2285    14.6286289692
2279    14.6621260643
2280    14.6885199547
2280    14.7201440334
2378    14.7511739731
2373    14.7802450657
2265    14.8142268658
2261    14.8482830524
2269    14.8726508617
2256    14.9205858707
2266    14.9557409286
2263    14.9910359383
2241    15.0232229233
2240    15.0560269356
2241    15.0969798565
2237    15.1294829845
2345    15.1537909508
2252    15.1899559498
2243    15.2155349255
2247    15.2510788441
2334    15.2847459316
2225    15.3237738609
2221    15.3622050285
2223    15.3989150524
2235    15.4355769157
2229    15.4673910141
2218    15.4995529652
2220    15.5328290462
2209    15.5760669708
2213    15.6191329956
2213    15.6439919472
2203    15.6771218777
2216    15.7094259262
2194    15.7467989922
2194    15.7841169834
2296    15.8169059753
2195    15.8553500175
2294    15.8869540691
2207    15.9236979485
2195    15.9469900131
2196    15.9802088737
2250    16.0088038445
2194    16.0422430038
2175    16.079308033
2183    16.1029698849
2175    16.1366350651
2172    16.1647629738
2277    16.1987140179
2182    16.2324168682
2183    16.2733540535
2191    16.3089978695
2183    16.3472919464
2168    16.3860988617
2168    16.4129638672
2166    16.4463889599
2166    16.480080843
2169    16.5079009533
2170    16.5434389114
2168    16.5712389946
2169    16.604460001
2173    16.6351220608
2164    16.6781878471
2269    16.7072649002
2167    16.7363679409
2162    16.7756998539
2150    16.8089358807
2161    16.847413063
2151    16.8856709003
2158    16.9161989689
2148    16.9466340542
2148    16.9781398773
2148    17.0113010406
2158    17.0489778519
2159    17.0806238651
2158    17.1122689247
2157    17.1443119049
2148    17.1718978882
2147    17.2049250603
2144    17.2374148369
2161    17.2744970322
2160    17.3206789494
2160    17.367431879
2149    17.3751978874
2148    17.4040369987
0    17.4373760223
2150    17.4454739094
2140    17.4759750366
0    17.5101900101
2135    17.5171239376
2144    17.5443789959
0    17.5799119473
2141    17.5876889229
2133    17.6337800026
0    17.6659920216
2131    17.6720609665
2141    17.7024719715
0    17.7362909317
2136    17.7397708893
2142    17.7782399654
0    17.809237957
2139    17.8156599998
2136    17.8462510109
