0    0.00750684738159
1250    0.0321719646454
1248    0.0801289081573
1249    0.0877459049225
1255    0.114540815353
0    0.153023004532
1254    0.161437988281
1276    0.190029859543
1276    0.217294931412
0    0.254691839218
1265    0.256819009781
1376    0.288879871368
0    0.331842899323
1279    0.339082956314
1298    0.389134883881
0    0.427080869675
1278    0.435191869736
1277    0.472450971603
0    0.506841897964
1276    0.51149892807
1278    0.550904035568
0    0.590834856033
1279    0.595419883728
1277    0.625191926956
0    0.653605937958
1279    0.665508985519
1258    0.686858892441
0    0.714376926422
1278    0.734717845917
1259    0.749840974808
1259    0.770144939423
0    0.808123826981
1248    0.813674926758
1240    0.842005968094
0    0.880964994431
1207    0.886581897736
1315    0.925237894058
0    0.962248802185
1193    0.968648910522
1166    0.993575811386
0    1.02535796165
1147    1.03575801849
1112    1.08399200439
0    1.11695480347
1093    1.12337803841
1081    1.15455198288
1081    1.18113994598
1075    1.23773097992
1023    1.27000594139
1015    1.30237603188
959    1.32970690727
945    1.36253380775
927    1.39557003975
920    1.43383693695
1023    1.46657586098
923    1.50975298882
913    1.55311703682
914    1.58545899391
908    1.62909793854
945    1.67289185524
945    1.70911002159
982    1.74090790749
975    1.77371191978
939    1.81677985191
976    1.85896801949
977    1.89723682404
995    1.94023084641
1023    1.9801928997
1013    2.02343297005
1010    2.06631302834
1010    2.10872793198
1023    2.14438986778
1008    2.17234492302
999    2.20863580704
1013    2.23665785789
1009    2.28275203705
994    2.32571697235
995    2.36391496658
996    2.39708995819
989    2.43531990051
959    2.46356081963
980    2.49985003471
972    2.53823781013
936    2.56893181801
981    2.60270595551
965    2.6324930191
996    2.65963888168
994    2.69964694977
1096    2.73639798164
973    2.76823496819
972    2.80050086975
996    2.84787487984
1023    2.88541102409
1023    2.91716194153
1022    2.9602329731
1023    3.00343799591
1023    3.04037690163
1061    3.08122992516
1055    3.10947299004
1076    3.15768885612
1082    3.20050001144
1061    3.23747801781
1084    3.27060580254
1076    3.31388688087
1078    3.35719680786
1091    3.39555883408
1119    3.43421196938
1110    3.4675579071
1111    3.51075291634
1133    3.5424759388
1133    3.57051801682
1127    3.60416388512
1130    3.63577580452
1134    3.66916894913
1148    3.70263981819
1145    3.73112082481
1147    3.76464796066
1161    3.80696892738
1177    3.84511303902
1161    3.87231302261
1145    3.90582680702
1181    3.95174789429
1162    3.97922587395
1166    4.01147294044
1166    4.0442340374
1208    4.07626199722
1211    4.1192548275
1193    4.15742993355
1214    4.1965739727
1191    4.2307100296
1215    4.26489496231
1229    4.29905986786
1246    4.32368803024
1245    4.3581969738
1227    4.39158296585
1255    4.435079813
1258    4.47636294365
1355    4.51348090172
1277    4.54176998138
1279    4.58446884155
1279    4.62302303314
1314    4.6506550312
1412    4.68304991722
1334    4.71817088127
1334    4.74856591225
1326    4.79208493233
1355    4.8193500042
1347    4.85440301895
1343    4.89299488068
1343    4.9361000061
1362    4.96313285828
1361    5.00629401207
1362    5.03414702415
1366    5.0709400177
1455    5.11283993721
1369    5.1372218132
1349    5.17029380798
1343    5.20090389252
1369    5.23706102371
1376    5.27364802361
1458    5.30527997017
1368    5.34821581841
1366    5.40168595314
1363    5.43945097923
1363    5.46762299538
1361    5.50095582008
1349    5.53258991241
1362    5.57602095604
1347    5.61442995071
1346    5.66330194473
1326    5.69391703606
1350    5.73078584671
1326    5.78185296059
1326    5.82035899162
1416    5.84460783005
1427    5.88147783279
1351    5.91955685616
1323    5.95250797272
1334    5.98042583466
1321    6.01157903671
1324    6.0451529026
1352    6.07518291473
1347    6.11736702919
1446    6.16060996056
1447    6.19864702225
1347    6.24229001999
1346    6.29954481125
1363    6.34273481369
1325    6.38025784492
1343    6.42358994484
1327    6.46565794945
1363    6.51416182518
1395    6.55795288086
1379    6.59597587585
1389    6.62322902679
1385    6.6618168354
1516    6.68514800072
1397    6.70848488808
1496    6.74095392227
1379    6.77450299263
1394    6.80247783661
1379    6.84106302261
1367    6.88454294205
1347    6.92287993431
1347    6.9661450386
1345    7.00449085236
1325    7.04260993004
1325    7.07441687584
1325    7.10129284859
1332    7.136895895
1311    7.17949581146
1311    7.20723485947
1304    7.24025893211
1325    7.28364682198
1325    7.32701802254
1279    7.36519193649
1141    7.40843701363
784    7.44523191452
438    7.48809885979
460    7.53032302856
427    7.56884980202
479    7.61211681366
615    7.64985203743
1014    7.67888092995
1381    7.70724201202
1485    7.74471187592
1439    7.77285194397
1443    7.80596089363
1430    7.83399701118
1425    7.87202191353
1410    7.90022301674
1460    7.94647598267
1343    7.99078202248
1279    8.02413392067
1276    8.05227684975
1279    8.08995103836
1276    8.1333899498
1260    8.17170190811
1261    8.20363998413
1244    8.24590396881
1244    8.28006100655
1333    8.30414295197
1230    8.33865785599
1230    8.37182998657
1228    8.40853381157
1327    8.44682598114
1209    8.48523902893
1326    8.52860093117
1213    8.56662297249
1315    8.61629080772
1217    8.64943099022
1235    8.68438482285
1233    8.71430397034
1243    8.74406695366
1244    8.77925491333
1249    8.80528092384
1363    8.84573101997
1257    8.88433980942
1278    8.93509697914
1279    8.97535586357
1279    9.00363087654
1298    9.03587603569
1317    9.07535290718
1311    9.10888981819
1301    9.15217995644
1311    9.19526100159
1315    9.2243309021
1329    9.25640082359
1326    9.28965091705
1323    9.31646084785
1427    9.35457897186
1348    9.38038492203
1369    9.41611003876
1361    9.45635986328
1353    9.49459290504
1346    9.53290486336
1383    9.56412887573
1479    9.61265492439
1355    9.65071892738
1334    9.68100380898
1326    9.72418498993
1316    9.75085902214
1274    9.78454995155
1266    9.81168794632
1212    9.84491991997
1167    9.88641881943
1128    9.9249818325
1095    9.95832896233
1082    9.99637794495
1012    10.0294368267
966    10.0703988075
963    10.1010699272
941    10.1316738129
890    10.1623568535
862    10.1930530071
878    10.223690033
860    10.2662169933
878    10.2985508442
873    10.3317878246
859    10.3753948212
876    10.4184808731
915    10.4566168785
878    10.4839808941
876    10.5160050392
921    10.5448789597
905    10.5789988041
945    10.6104028225
927    10.6510689259
927    10.6794958115
927    10.710105896
890    10.7459058762
926    10.783272028
942    10.8116748333
926    10.8450119495
978    10.8775668144
980    10.9079508781
926    10.9389708042
1059    10.9679379463
1023    11.0015740395
932    11.0330770016
927    11.0635418892
961    11.0958168507
939    11.1384868622
927    11.1742448807
1061    11.2108409405
943    11.2416329384
926    11.2723298073
966    11.3030908108
945    11.3357889652
942    11.3737888336
941    11.4056208134
1055    11.4374299049
974    11.4809138775
971    11.5241749287
977    11.5621938705
959    11.5904779434
957    11.6340198517
974    11.669495821
997    11.702464819
971    11.7357888222
995    11.7752528191
1107    11.8093509674
1110    11.8372359276
1010    11.8982169628
994    11.9255828857
994    11.9682748318
1023    12.0002849102
1023    12.0421600342
1023    12.0814208984
1023    12.1097319126
1023    12.1430599689
1023    12.1778059006
1023    12.2160558701
1023    12.2442748547
1023    12.2776279449
1023    12.3207759857
1023    12.367112875
1147    12.4076719284
1023    12.4447228909
1023    12.4732680321
1060    12.5067749023
1023    12.5355598927
1023    12.5693700314
1023    12.6001288891
1060    12.6433019638
1061    12.6765348911
1142    12.7098519802
1062    12.7379968166
1064    12.7712669373
1067    12.8007619381
1077    12.8287909031
1077    12.8620009422
1072    12.8905248642
1086    12.9297859669
1081    12.9759669304
1080    13.0189828873
1097    13.0575008392
1079    13.0955338478
1115    13.1315250397
1128    13.169921875
1208    13.2023458481
1129    13.2303578854
1131    13.266176939
1133    13.2931249142
1131    13.3263809681
1145    13.3547799587
1181    13.3933269978
1160    13.4369628429
1188    13.4702739716
1195    13.5062019825
1218    13.5328989029
1214    13.5660088062
1311    13.5977709293
1208    13.6409478188
1193    13.6843328476
1330    13.7081508636
1226    13.751595974
1230    13.77876091
1245    13.8143978119
1249    13.851102829
1252    13.8828718662
1241    13.9187078476
1244    13.9569778442
1357    13.9878408909
1247    14.0205848217
1259    14.0639879704
1261    14.1023859978
1278    14.1413040161
1248    14.1658308506
1263    14.2058539391
1272    14.2429330349
1248    14.2714319229
1263    14.305259943
1261    14.3435838223
1264    14.38032794
1247    14.4070839882
1257    14.4391980171
1227    14.4657838345
1227    14.4996600151
1259    14.526293993
1326    14.5629529953
1258    14.6050479412
1359    14.6432960033
1240    14.6856160164
1326    14.7184789181
1231    14.7413699627
1247    14.7776379585
1218    14.8102629185
1212    14.8371729851
1211    14.8692669868
1214    14.9335429668
1214    14.9616119862
1208    15.0050828457
1199    15.0418219566
1179    15.072644949
1179    15.1036229134
1199    15.1405549049
1263    15.1890180111
1176    15.232159853
1178    15.2583959103
1180    15.2918889523
1183    15.3228809834
1193    15.3663029671
1177    15.409072876
1177    15.4520428181
1160    15.4993779659
1146    15.5308120251
1140    15.5624628067
1195    15.6057369709
1278    15.6394519806
1240    15.6767089367
1294    15.7091159821
1193    15.7397329807
1218    15.7704768181
1211    15.8040299416
1217    15.8524129391
1247    15.8856358528
1248    15.9220428467
1278    15.9608559608
1357    15.9896109104
1372    16.0236418247
1307    16.0619769096
1303    16.0901079178
1333    16.1268289089
1347    16.17065382
1364    16.2158539295
1343    16.2528419495
1380    16.281621933
1350    16.3153779507
1353    16.3558518887
1368    16.3818268776
1356    16.4155189991
1352    16.4478919506
1321    16.490945816
1320    16.5338768959
1309    16.5718829632
1279    16.6119530201
1376    16.6417689323
1258    16.6757838726
1276    16.7220859528
1359    16.7645280361
1226    16.797675848
1247    16.8319239616
1242    16.8770709038
1233    16.9148859978
1244    16.9516458511
1228    16.9777088165
1228    17.0057878494
1225    17.0387098789
1243    17.0686290264
1231    17.1085128784
1326    17.1334519386
1216    17.1694729328
1217    17.1954460144
1210    17.2272708416
1233    17.2629840374
1314    17.2930309772
1310    17.3312988281
1227    17.3839409351
1228    17.4130628109
1211    17.4469578266
1226    17.4904789925
1230    17.517647028
1343    17.5560319424
1228    17.5894989967
1247    17.6240048409
1249    17.65457201
1263    17.6850399971
1279    17.7156348228
1265    17.7463538647
