2001    0.0282559394836
1989    0.0669269561768
1990    0.104226112366
1997    0.134991168976
1994    0.167653083801
1990    0.211045980453
1991    0.253523111343
1991    0.281409978867
2085    0.317273139954
1996    0.343053102493
1991    0.375950098038
1994    0.412477016449
1993    0.451755046844
1994    0.487898111343
1990    0.519906044006
1992    0.553282022476
1983    0.596822023392
2003    0.638949155807
1985    0.676682949066
1990    0.718222141266
2087    0.750225067139
1997    0.782572031021
1986    0.814646959305
2000    0.845818996429
1984    0.878127098083
1990    0.909165143967
1996    0.952418088913
1997    0.995851993561
1987    1.03905105591
1992    1.0807261467
2000    1.10978603363
1988    1.15251803398
1989    1.19581604004
1999    1.22236204147
1997    1.25664901733
1997    1.28325009346
1994    1.32283306122
1999    1.35977101326
1995    1.40268516541
1989    1.43978500366
1987    1.47427296638
1988    1.51303696632
1989    1.55628204346
2090    1.58208703995
2003    1.62181305885
1994    1.65517115593
1997    1.68821811676
1996    1.7191400528
1998    1.75188708305
1985    1.7809419632
1984    1.81352305412
2000    1.84526610374
1991    1.88797616959
1992    1.91647195816
1995    1.95306515694
1996    1.98350310326
1985    2.01186800003
1991    2.04420399666
1993    2.07293200493
1998    2.10864496231
1990    2.15226602554
1995    2.19101500511
1998    2.2227370739
1991    2.25582408905
1991    2.29085898399
1997    2.31595516205
1993    2.35162210464
1993    2.39016413689
1993    2.43349814415
2001    2.46322703362
1998    2.50299906731
2090    2.52963900566
1993    2.56159496307
1988    2.60322904587
1991    2.64604616165
1998    2.68926906586
1994    2.71496701241
1998    2.74684715271
1996    2.77858805656
1998    2.81031394005
1992    2.84139609337
1987    2.87496995926
1996    2.91262817383
1987    2.94605994225
1991    2.97387695312
1988    3.01478505135
2095    3.05468416214
1993    3.08734607697
1993    3.12056708336
1998    3.15298008919
1993    3.19655513763
2093    3.22706198692
2011    3.26828598976
1991    3.30642700195
1998    3.35128211975
1996    3.3853559494
1994    3.42048406601
1993    3.45108103752
2079    3.47901701927
1994    3.51479911804
1995    3.5581381321
1996    3.5959610939
1989    3.62468600273
1994    3.65822815895
2084    3.69046711922
1998    3.72316813469
1990    3.7668659687
1982    3.81007313728
1989    3.84828710556
1996    3.87413811684
2005    3.91260695457
2006    3.97085404396
1990    4.01049900055
1999    4.05198311806
2001    4.08723211288
1994    4.11971902847
1995    4.1529071331
1982    4.19657802582
1986    4.23473715782
1998    4.27674508095
1992    4.31405496597
2081    4.35136413574
1985    4.39378404617
1990    4.42616701126
2085    4.45849704742
1993    4.49081301689
1984    4.52318501472
1989    4.55061101913
1991    4.58293509483
1984    4.62082910538
2085    4.65890812874
1992    4.69683694839
1997    4.73539710045
1990    4.77863717079
1993    4.81687998772
1993    4.84511899948
2091    4.88426303864
1992    4.92239117622
1989    4.95418000221
1993    4.98572206497
1996    5.0194580555
2013    5.05777215958
2000    5.10097098351
2005    5.14782309532
2005    5.19112300873
2005    5.22956514359
1997    5.26106595993
2005    5.29392194748
2013    5.32556915283
2008    5.35734295845
2013    5.38892412186
2003    5.43997716904
2017    5.47308516502
2008    5.51362609863
2008    5.55742406845
2001    5.5912539959
2000    5.62549901009
2011    5.66392111778
2013    5.69507694244
2007    5.72795200348
2096    5.75989103317
2086    5.80323314667
2016    5.83050704002
2006    5.86719703674
2004    5.91066503525
2009    5.95293903351
2011    5.99115395546
2006    6.01936197281
2016    6.05560112
2016    6.08240604401
2006    6.11487007141
1997    6.16672706604
2008    6.19966197014
2010    6.2373290062
2013    6.27546215057
2099    6.31368803978
2015    6.35699510574
2008    6.39556694031
2008    6.43868613243
2008    6.48044705391
2016    6.50725102425
2003    6.54055714607
2006    6.58354902267
2006    6.61328601837
2007    6.643253088
2012    6.67883610725
1998    6.70685005188
2008    6.73881697655
2004    6.7712290287
2008    6.79928803444
2014    6.83481311798
2003    6.88547205925
2003    6.92400503159
1999    6.95725893974
2011    6.99362897873
2100    7.0355629921
2015    7.06124806404
2008    7.08699417114
2011    7.11792016029
2005    7.1511900425
2010    7.18246817589
2014    7.21510314941
2014    7.24677014351
2008    7.27832698822
2011    7.30896806717
2003    7.34474396706
2004    7.38530015945
2013    7.41588115692
2006    7.4569401741
2006    7.49540400505
2006    7.53725504875
2004    7.56712198257
2026    7.59968209267
2006    7.64341306686
2011    7.66846513748
2008    7.7067129612
2008    7.74997615814
2009    7.78859496117
2032    7.83033013344
2015    7.85711598396
2003    7.89042615891
2005    7.93351197243
2118    7.96492409706
2023    7.99330401421
2029    8.02679014206
2014    8.07025909424
2017    8.11759114265
2017    8.15590596199
2022    8.19451999664
2115    8.22797513008
2022    8.26997900009
2022    8.29845309258
2023    8.33243203163
2029    8.37075805664
2018    8.40274500847
2019    8.43686199188
2022    8.47578215599
2021    8.51899504662
2014    8.56201004982
2024    8.58789396286
2026    8.62812614441
2017    8.66077804565
2022    8.69678902626
2018    8.73999714851
2021    8.78337001801
2014    8.82149100304
2016    8.85208201408
2122    8.88264799118
2032    8.91305494308
2024    8.94885611534
2022    8.99243807793
2029    9.03596901894
2027    9.07858300209
2027    9.11891007423
2027    9.15722203255
2017    9.20115494728
2019    9.24423694611
2029    9.27845001221
2021    9.31457495689
2027    9.3678290844
2024    9.41070914268
2033    9.44753599167
2031    9.4757270813
2017    9.50894594193
2022    9.55204606056
2021    9.59541416168
2023    9.63359713554
2021    9.66180515289
2029    9.69485807419
2038    9.73562908173
2028    9.7735221386
2018    9.81657505035
2037    9.85979199409
2031    9.90181207657
2042    9.93947196007
2021    9.98279094696
2040    10.021146059
2038    10.0518400669
2037    10.0999140739
2044    10.1370370388
2046    10.1776959896
2024    10.2162220478
2045    10.243981123
2040    10.2770869732
2036    10.3115019798
2036    10.3498899937
2036    10.3877241611
2035    10.4250631332
2036    10.4572651386
2042    10.4889130592
2040    10.5167031288
2128    10.5602719784
2042    10.598938942
2040    10.642717123
2036    10.6813969612
2048    10.7165329456
2042    10.7574591637
2040    10.7956969738
2040    10.8284440041
2039    10.8706419468
2040    10.9025411606
2043    10.9396929741
2039    10.9726290703
2037    11.0156030655
2044    11.0492069721
2139    11.0760030746
2039    11.1075069904
2047    11.1386179924
2039    11.166738987
2045    11.202475071
2035    11.2480790615
2043    11.2840199471
2036    11.3126461506
2044    11.3480181694
2037    11.3756921291
2041    11.4084551334
2040    11.4462850094
2132    11.4790899754
2040    11.511890173
2029    11.5494589806
2037    11.5824241638
2045    11.6132171154
2033    11.6501340866
2038    11.6923971176
2037    11.7261359692
2041    11.7552211285
2140    11.7880451679
2036    11.8313400745
2039    11.8695991039
2038    11.8975260258
2033    11.9350931644
2038    11.9854440689
2038    12.0244100094
2048    12.0729970932
2040    12.1150901318
2035    12.1534609795
2036    12.1848931313
2038    12.2281730175
2037    12.2911851406
2035    12.3292901516
2035    12.3641619682
2045    12.3889961243
2044    12.4239039421
2037    12.4590251446
2031    12.4973421097
2037    12.5406270027
2043    12.5688159466
2031    12.6120021343
2048    12.6472110748
2043    12.67720294
2043    12.7088861465
2136    12.7458779812
2045    12.789247036
2034    12.8263881207
2041    12.8536419868
2030    12.8913619518
2038    12.9297771454
2040    12.9566290379
2033    12.9900510311
2039    13.018073082
2131    13.0514819622
2129    13.0845069885
2041    13.1199769974
2030    13.1537079811
2035    13.189576149
2047    13.2151379585
2039    13.2611379623
2039    13.2928700447
2040    13.3294539452
2036    13.3662590981
2041    13.4048631191
2035    13.4328820705
2036    13.4710600376
2129    13.4967341423
2051    13.533246994
2050    13.5593669415
2133    13.5953781605
2043    13.6214540005
2041    13.6571681499
2042    13.6919970512
2034    13.7370040417
2037    13.7638201714
2040    13.7969181538
2039    13.8397171497
2040    13.8777201176
2046    13.9081959724
2032    13.9361860752
2035    13.9696531296
2029    14.0028779507
2033    14.0478351116
2039    14.087471962
2043    14.127104044
2124    14.1516311169
2050    14.1862239838
2049    14.2166471481
2029    14.2480881214
2043    14.2829740047
2029    14.3129160404
2116    14.3479411602
2022    14.4031720161
2019    14.4364509583
2028    14.4681119919
2019    14.515884161
2111    14.5488009453
2027    14.5820319653
2020    14.6257500648
2120    14.6641099453
2030    14.6979911327
2027    14.7242791653
2024    14.7564880848
2029    14.7887589931
2022    14.8186631203
2027    14.8635721207
2021    14.9086661339
2029    14.9387121201
2029    14.9691121578
2115    15.0022931099
2126    15.0327191353
2032    15.0634059906
2110    15.0915820599
2021    15.1395390034
2117    15.1812751293
2019    15.224627018
2028    15.2656199932
2025    15.3035731316
2022    15.3309690952
2029    15.3658521175
2111    15.4084949493
2025    15.4466819763
2017    15.4949419498
2025    15.5285241604
2071    15.5620470047
2031    15.5911140442
2022    15.6243879795
2029    15.66350317
2022    15.6922080517
2025    15.7259521484
2022    15.7550880909
2020    15.7981359959
2024    15.8330380917
2018    15.8713581562
2006    15.8992300034
2005    15.9364171028
2021    15.9701220989
2005    16.0088181496
2014    16.0378341675
2009    16.0664081573
2006    16.1026911736
2004    16.141119957
2004    16.184607029
2001    16.211452961
2010    16.2495660782
2003    16.2880821228
2011    16.3217871189
2005    16.3642301559
2005    16.412430048
2008    16.4432630539
2012    16.4798071384
2011    16.5104010105
2012    16.540979147
2016    16.5717480183
2008    16.6307110786
2013    16.6685130596
2011    16.7068791389
2005    16.7350490093
2017    16.7722189426
2016    16.7984681129
2004    16.8316259384
2099    16.8635210991
2015    16.8941979408
2101    16.924890995
2018    16.9608681202
2006    16.9994320869
2014    17.0309779644
2005    17.0677061081
2004    17.1069600582
2003    17.1490030289
2010    17.1760880947
2099    17.2082140446
2099    17.2524950504
2007    17.298304081
2004    17.3311750889
2014    17.3644421101
1997    17.392565012
2008    17.4291641712
2006    17.4722061157
2002    17.5106079578
2008    17.5456860065
2012    17.5841290951
2004    17.6272830963
2013    17.6654880047
2009    17.6964449883
2016    17.7265911102
2012    17.7573230267
1990    17.8001430035
1991    17.8232800961
2012    17.8619699478
2004    17.8950240612
1991    17.9323711395
1996    17.9702780247
2015    18.0036380291
1996    18.0325119495
1989    18.0640261173
1998    18.0946490765
1993    18.1363861561
2088    18.1794331074
1999    18.221446991
1996    18.2588641644
1988    18.2913630009
1994    18.3231739998
