1212    0.0330390930176
1211    0.063775062561
1209    0.0924880504608
1225    0.133680105209
1223    0.17159318924
1221    0.210049152374
1242    0.253000020981
1225    0.281215190887
1241    0.314545154572
1255    0.342548131943
1245    0.380156993866
1249    0.407885074615
1306    0.438479185104
1245    0.470045089722
1258    0.51588511467
1248    0.543021202087
1264    0.57311797142
1265    0.612985134125
1262    0.656108140945
1267    0.682912111282
1260    0.716015100479
1229    0.747757196426
1192    0.791197061539
1159    0.834815979004
1144    0.87251996994
1093    0.916189193726
1066    0.954493999481
1059    0.989706039429
1023    1.02967500687
992    1.05454802513
945    1.08954501152
910    1.12027597427
839    1.1636531353
799    1.20721316338
763    1.24510908127
735    1.27577614784
700    1.31900310516
712    1.36217403412
647    1.40482497215
639    1.44160413742
664    1.47902417183
668    1.51129102707
650    1.54325008392
651    1.57352614403
667    1.60695409775
669    1.63438796997
681    1.66316699982
700    1.69700217247
683    1.73001217842
661    1.77997708321
750    1.8149600029
697    1.85496497154
698    1.8799571991
697    1.91985416412
702    1.95478010178
716    1.98318314552
682    2.01675415039
718    2.05282402039
742    2.0778670311
722    2.11719298363
704    2.15746212006
718    2.19598317146
782    2.23960900307
717    2.28265500069
703    2.309497118
714    2.35157799721
765    2.39468812943
734    2.42129516602
718    2.46148514748
719    2.49703502655
735    2.52563619614
733    2.55790519714
749    2.5900850296
744    2.63374209404
746    2.67720198631
766    2.72090101242
814    2.74671196938
767    2.77990102768
767    2.81314206123
788    2.84179902077
790    2.88542914391
787    2.92878317833
787    2.97222208977
799    3.00900602341
783    3.05629301071
866    3.09106516838
826    3.12122797966
829    3.1532201767
824    3.18410801888
838    3.22764801979
823    3.26598715782
841    3.29794812202
839    3.34054398537
844    3.38376402855
841    3.42110800743
876    3.46459007263
877    3.50802612305
906    3.54541301727
890    3.58833813667
895    3.61926317215
910    3.651252985
954    3.68282103539
888    3.72572016716
923    3.76909899712
910    3.80736017227
910    3.85092020035
921    3.88943219185
927    3.93286108971
986    3.9735250473
940    4.00157809258
939    4.03465914726
942    4.06439614296
940    4.09546709061
957    4.13364005089
960    4.17163515091
940    4.20497202873
1023    4.24315500259
975    4.27636098862
964    4.30954217911
958    4.33775615692
973    4.3710231781
971    4.42819619179
971    4.46070408821
993    4.4629471302
993    4.50005912781
1006    4.55804204941
1009    4.59637618065
1005    4.62318110466
1015    4.6549551487
1010    4.68954896927
1012    4.72032403946
1023    4.7632381916
1023    4.80666303635
1023    4.84492397308
1023    4.87549519539
1087    4.90165805817
1023    4.93353819847
1023    4.96776604652
1066    4.99572896957
1108    5.02900314331
1053    5.07216310501
1080    5.10278701782
1091    5.1335670948
1071    5.16673207283
1075    5.19433903694
1078    5.22757101059
1075    5.25599217415
1078    5.29214215279
1078    5.31912612915
1084    5.35488915443
1082    5.39688897133
1078    5.43517613411
1126    5.47659707069
1075    5.50997519493
1138    5.54830813408
1092    5.58691120148
1097    5.62388706207
1085    5.66236400604
1084    5.68726611137
1130    5.7251560688
1075    5.75201702118
1063    5.78782701492
1023    5.82899308205
1008    5.86769413948
988    5.90024900436
891    5.94310617447
795    5.98668217659
614    6.03071308136
543    6.07371807098
509    6.11265015602
492    6.15381908417
494    6.18741202354
492    6.2334561348
511    6.26356220245
509    6.29860901833
511    6.34158110619
546    6.3750641346
580    6.41374611855
595    6.44698905945
617    6.47356700897
633    6.507417202
650    6.54113101959
697    6.56538105011
665    6.5988919735
682    6.63229799271
703    6.66376113892
699    6.71040415764
698    6.74688100815
748    6.77871203423
704    6.81869506836
746    6.86689805984
680    6.91039013863
661    6.94253706932
667    6.99052000046
712    7.02802705765
663    7.06265616417
665    7.10019612312
665    7.13820505142
684    7.17521715164
732    7.20144820213
704    7.23509001732
748    7.28374099731
717    7.33174705505
717    7.36932706833
781    7.40190505981
736    7.42976212502
753    7.47302699089
772    7.50422310829
812    7.53828120232
770    7.57394218445
814    7.60707902908
831    7.65521097183
783    7.68855404854
783    7.7170419693
786    7.75389003754
786    7.79234600067
831    7.83572912216
780    7.87910914421
783    7.92157506943
783    7.9651119709
771    7.99831819534
767    8.03510904312
763    8.07229804993
753    8.11610198021
795    8.15912604332
752    8.18482303619
753    8.22059106827
746    8.25149512291
751    8.29829311371
753    8.33382797241
750    8.38870310783
769    8.42399811745
749    8.45229697227
767    8.48587703705
765    8.51446008682
772    8.54754710197
770    8.57598614693
767    8.61283707619
764    8.65543699265
769    8.69383311272
767    8.72206497192
767    8.75906610489
783    8.79538702965
769    8.83132505417
767    8.87259912491
783    8.9108080864
785    8.9432489872
785    8.97131514549
790    9.00436401367
785    9.0430431366
787    9.07789206505
831    9.1178021431
783    9.14288210869
765    9.17987513542
767    9.21801900864
767    9.25592207909
767    9.29872298241
763    9.33230400085
761    9.36567902565
750    9.39339518547
753    9.43170499802
753    9.47015309334
753    9.51354908943
753    9.54129219055
745    9.58464503288
735    9.62797904015
736    9.67261505127
779    9.72114610672
700    9.74800515175
688    9.77898907661
684    9.80726408958
683    9.84018301964
709    9.86867499352
630    9.90275716782
612    9.93692207336
600    9.96102905273
598    9.99549102783
582    10.0297951698
558    10.0539321899
532    10.0934221745
496    10.129240036
474    10.1776401997
476    10.210875988
476    10.2383711338
476    10.2723560333
472    10.3100440502
459    10.3451161385
459    10.3708000183
458    10.404061079
462    10.4349961281
459    10.4719991684
460    10.505158186
459    10.5410041809
440    10.57990098
387    10.6233620644
389    10.666686058
408    10.6928620338
423    10.7413401604
423    10.7853090763
478    10.8177800179
475    10.845072031
491    10.8778531551
491    10.9212331772
492    10.9746301174
460    11.0184099674
488    11.0606181622
440    11.0939040184
438    11.1272130013
440    11.1613411903
472    11.1991121769
494    11.2292151451
510    11.2703831196
511    11.3059539795
511    11.3473191261
475    11.3894000053
439    11.4277861118
387    11.4661750793
367    11.4984130859
372    11.5279150009
353    11.5613760948
369    11.5899450779
372    11.6290001869
373    11.6623170376
371    11.6905200481
370    11.7178812027
337    11.7555999756
388    11.8013601303
369    11.8322310448
367    11.8756341934
353    11.9027271271
356    11.9408681393
445    11.9659490585
442    12.0075809956
646    12.0393919945
719    12.0715119839
830    12.1147589684
836    12.156591177
856    12.2003111839
946    12.2378280163
941    12.2804961205
976    12.3239071369
1023    12.3473370075
1019    12.3857181072
1077    12.4141690731
1079    12.4484200478
1090    12.4920971394
1078    12.530408144
1083    12.5624260902
1080    12.6111960411
1076    12.6480441093
1079    12.6898431778
1098    12.7281520367
1099    12.7594501972
1080    12.7899720669
1083    12.830835104
1079    12.8682441711
1077    12.9063880444
1122    12.9439079762
1059    12.9914691448
1081    13.0193991661
1105    13.0579531193
1048    13.0963411331
1023    13.1346361637
1023    13.1781029701
1023    13.2164571285
958    13.2446541786
927    13.2911400795
799    13.3334310055
665    13.3583660126
666    13.3948969841
511    13.4327421188
487    13.4649369717
476    13.4956600666
683    13.5263969898
751    13.5595240593
805    13.6147680283
805    13.6480910778
799    13.6562821865
783    13.6939229965
0    13.723886013
788    13.7284471989
799    13.7595880032
0    13.801279068
877    13.8047959805
903    13.8283410072
0    13.8650941849
943    13.8782200813
990    13.9016649723
944    13.9302799702
958    13.9459671974
1003    13.9686920643
0    14.012032032
962    14.0210411549
961    14.0504610538
0    14.0803580284
959    14.0846819878
961    14.114166975
0    14.1567981243
973    14.1630380154
961    14.202434063
0    14.2339761257
993    14.2387981415
996    14.2683529854
0    14.3132431507
991    14.3179659843
973    14.3375082016
0    14.3776400089
991    14.3858270645
1005    14.4210500717
0    14.4571630955
994    14.4627151489
1008    14.4904820919
1006    14.528067112
1008    14.5693070889
1011    14.6027030945
1009    14.64113307
1009    14.6693890095
1016    14.7025439739
1011    14.7391901016
1052    14.7797482014
1006    14.8152570724
986    14.845151186
1023    14.8756501675
1008    14.9035639763
999    14.9434089661
981    14.9775261879
974    15.0118839741
993    15.04383111
1022    15.0857031345
1023    15.1251289845
977    15.1518201828
975    15.1984679699
971    15.2402820587
992    15.2769150734
973    15.3084511757
1023    15.3400170803
971    15.3831040859
952    15.4265789986
953    15.4693160057
940    15.507764101
970    15.5514190197
941    15.594645977
945    15.6302981377
945    15.6621980667
953    15.6908180714
985    15.724173069
941    15.7575221062
942    15.8005230427
961    15.8303730488
958    15.8853170872
1018    15.9183959961
955    15.951513052
1023    15.9796040058
988    16.0077960491
990    16.0413880348
1006    16.0845530033
1023    16.1275069714
1023    16.1674580574
1063    16.1923761368
1055    16.2274060249
1080    16.2807431221
1075    16.3265020847
1078    16.3611340523
1091    16.399187088
1159    16.4310221672
1092    16.4595081806
1092    16.4929590225
1092    16.5415480137
1094    16.5800700188
1090    16.6225860119
1072    16.6611340046
1074    16.7041590214
1076    16.7329781055
1080    16.7676160336
1076    16.8112180233
1070    16.8548569679
1074    16.8884320259
1081    16.9192800522
1124    16.9502379894
1079    16.9821350574
1097    17.0105040073
1092    17.0536181927
1125    17.1068661213
1095    17.1495630741
1099    17.1751329899
1099    17.2108981609
1098    17.2417480946
1111    17.2729070187
1111    17.3167891502
1124    17.360943079
1128    17.38677001
1147    17.422752142
1144    17.457062006
1144    17.4979841709
1208    17.5291771889
1167    17.5602781773
1179    17.6033070087
1179    17.6455161572
1177    17.6889569759
1173    17.7270300388
1198    17.7617371082
1195    17.7968490124
1193    17.8301241398
1195    17.8624429703
1198    17.9034500122
1217    17.9418480396
1207    17.9751980305
1224    18.0131890774
