1930    0.0357298851013
1934    0.0638098716736
1926    0.110626935959
1932    0.142102956772
1927    0.193171977997
1929    0.227689027786
1933    0.263151884079
1934    0.294747829437
2032    0.325521945953
1922    0.357247829437
1929    0.389683961868
1932    0.4215259552
1937    0.464560031891
1929    0.507107019424
1932    0.530863046646
1935    0.564769029617
1927    0.598659992218
1930    0.634244918823
1929    0.665539979935
1936    0.693621873856
1933    0.729773044586
1931    0.776466846466
1938    0.812083005905
1937    0.842879056931
1927    0.871572971344
1928    0.910037994385
1929    0.937216997147
1926    1.00178694725
1926    1.03928303719
1929    1.0414018631
1924    1.07354402542
0    1.10594296455
1933    1.10808396339
1920    1.14011287689
0    1.17750597
1936    1.17965698242
1922    1.20667386055
0    1.23895382881
2048    1.24670290947
1934    1.27404689789
0    1.3115799427
1954    1.31391882896
1944    1.34671902657
1946    1.38530182838
1946    1.42860198021
1946    1.4727230072
2042    1.51019501686
1954    1.56511187553
1950    1.59795498848
1946    1.63355588913
1937    1.66316986084
1944    1.6986849308
1947    1.74403691292
1944    1.77159905434
1951    1.79762887955
1940    1.83756494522
1949    1.87254285812
2019    1.90299296379
1943    1.93142104149
1944    1.96998405457
1961    2.00850105286
1968    2.05154395103
1966    2.07803893089
1951    2.11038589478
1957    2.14771699905
1960    2.17536187172
1966    2.20325088501
1959    2.23546600342
1959    2.26796793938
1961    2.30627894402
2058    2.34470486641
1961    2.37804603577
1960    2.40536403656
1951    2.43773603439
1961    2.47022485733
1966    2.50262999535
1959    2.53502583504
1975    2.58247900009
1984    2.629956007
2079    2.66564583778
1978    2.69241094589
1973    2.7298078537
1975    2.76863002777
1971    2.79625105858
1973    2.82918286324
1979    2.8620288372
2072    2.90462899208
1978    2.93215990067
1977    2.96943998337
1977    2.99705982208
2091    3.02973389626
2100    3.06241798401
1987    3.0900478363
1994    3.12308096886
2001    3.15014505386
1987    3.20301103592
2000    3.2509329319
2084    3.28421998024
1991    3.32265591621
1991    3.35372686386
1993    3.39726996422
2101    3.4393658638
2004    3.47758984566
2003    3.52081990242
2004    3.55771398544
2004    3.5980079174
2002    3.6254298687
2016    3.66233086586
2009    3.69603300095
2013    3.72873401642
2006    3.76166796684
2007    3.78968501091
2013    3.82758998871
2002    3.85086584091
2006    3.88491201401
2011    3.91642785072
2004    3.94887304306
2003    3.98683404922
2012    4.02515482903
2020    4.05748987198
2022    4.09538388252
2018    4.12975287437
2024    4.16214585304
2023    4.19457602501
2022    4.22687888145
2016    4.25421690941
2021    4.28656482697
2025    4.31891393661
2022    4.36632204056
2017    4.39871001244
2025    4.43604302406
2025    4.46341300011
2020    4.50066900253
2014    4.53307199478
2020    4.56740689278
2027    4.59603095055
2029    4.62739896774
2024    4.6598098278
2016    4.69716882706
2018    4.73965287209
2044    4.76518082619
2045    4.80027985573
2138    4.82579302788
2046    4.86116600037
2047    4.89175891876
2144    4.92249298096
2040    4.95307898521
2035    4.98703289032
2044    5.01681685448
2032    5.05999183655
2038    5.08700203896
2046    5.12012290955
2036    5.16342592239
2055    5.20174098015
2065    5.22975683212
2054    5.26341485977
2060    5.29535984993
2054    5.32725000381
2062    5.35760784149
2064    5.38960194588
2060    5.44136691093
2065    5.47888684273
2049    5.52208900452
2051    5.54953289032
2056    5.57816791534
2055    5.61146783829
2056    5.6445889473
2054    5.67307686806
2055    5.71093797684
2056    5.74898099899
2066    5.78695702553
2059    5.81421589851
2053    5.84666991234
2074    5.87980794907
2079    5.91128993034
2071    5.94452786446
2165    5.9747300148
2081    6.00592088699
2070    6.04915785789
2074    6.09270596504
2079    6.13491988182
2072    6.16222596169
2068    6.19542193413
2068    6.22365093231
2077    6.26040291786
2066    6.30283784866
2066    6.34117603302
2069    6.38432097435
2067    6.40978884697
2089    6.45548605919
2185    6.49850082397
2094    6.52456283569
2086    6.567704916
2086    6.59569787979
2089    6.6287150383
2082    6.6617770195
2089    6.68987703323
2087    6.72273683548
2086    6.76585698128
2088    6.79623389244
2080    6.8312690258
2093    6.86118888855
2096    6.90108704567
2097    6.92604899406
2084    6.96148586273
2085    7.00419783592
2085    7.04681992531
2107    7.08828282356
2101    7.11612987518
2109    7.14399194717
2202    7.17671489716
2105    7.20951390266
2111    7.24239087105
2102    7.28531193733
2103    7.31312799454
2096    7.34588503838
2103    7.37878203392
2102    7.40646886826
2211    7.44010186195
2104    7.47101402283
2103    7.50200390816
2199    7.52942204475
2106    7.56540989876
2108    7.59427785873
2111    7.63676786423
2103    7.68985486031
2099    7.72760295868
2101    7.76592493057
2104    7.79686188698
2093    7.82457399368
2105    7.86077284813
2101    7.88712692261
2103    7.92270684242
2107    7.9557788372
2101    7.98388385773
2104    8.01724505424
2196    8.06029891968
2106    8.09833598137
2102    8.14194989204
2104    8.18122005463
2107    8.21835684776
2111    8.25008797646
2111    8.28174304962
2109    8.31676793098
2104    8.34411001205
2195    8.37671899796
2101    8.41467404366
2114    8.45498800278
2105    8.48810386658
2103    8.52189087868
2115    8.55308699608
2109    8.58511185646
2113    8.61624693871
2098    8.66024804115
2105    8.6922018528
2111    8.73754787445
2111    8.77271389961
2111    8.80334591866
2110    8.83549785614
2096    8.86452698708
2108    8.89786696434
2104    8.92605185509
2109    8.96241688728
2103    8.9964799881
2104    9.03335404396
2100    9.06720590591
2105    9.10021090508
2111    9.14998483658
2101    9.18231987953
2102    9.20956683159
2102    9.24724602699
2106    9.28226184845
2109    9.31720089912
2100    9.35386300087
2107    9.38698101044
2103    9.42514801025
2104    9.45725893974
2103    9.48515605927
2109    9.51893496513
2111    9.54751205444
2097    9.58050990105
2108    9.6107339859
2197    9.6525759697
2100    9.68101382256
2099    9.71432495117
2104    9.7428278923
2101    9.78038096428
2101    9.81695699692
2100    9.86028790474
2104    9.88824486732
2196    9.92040395737
2107    9.94967198372
2096    9.97810101509
2101    10.0152490139
2106    10.0428800583
2110    10.073184967
2201    10.1140699387
2101    10.1670758724
2107    10.2043008804
2100    10.2380769253
2101    10.2668378353
2109    10.2955210209
2105    10.3291418552
2097    10.3579099178
2101    10.3916170597
2096    10.4202558994
2201    10.4489550591
2111    10.4895868301
2111    10.5135929585
2108    10.5506019592
2111    10.5939569473
2087    10.6371898651
2089    10.6804449558
2088    10.7186179161
2187    10.7615718842
2094    10.8034079075
2094    10.8308129311
2096    10.8673899174
2084    10.8939459324
2087    10.9316148758
2082    10.9751138687
2085    11.0135269165
2092    11.0512959957
2085    11.0792338848
2092    11.1125400066
2168    11.1438670158
2063    11.1868948936
2064    11.2301640511
2079    11.2564909458
2073    11.2999010086
2071    11.3376460075
2167    11.3811719418
2068    11.4245228767
2071    11.4580500126
2076    11.4949979782
2078    11.5217549801
2078    11.5548679829
2070    11.5858240128
2067    11.6203269958
2068    11.6631939411
2068    11.7015099525
2152    11.7332370281
2053    11.7848830223
2063    11.8177080154
2046    11.86054492
2048    11.898747921
2055    11.9365260601
2061    11.97498703
2063    11.9987828732
2055    12.0364780426
2052    12.0798399448
2055    12.1097300053
2161    12.1446700096
2064    12.170363903
2060    12.208976984
2065    12.2572958469
2041    12.300675869
2040    12.3386118412
2048    12.3684499264
2045    12.4002430439
2036    12.4287559986
2036    12.4613828659
2045    12.4968099594
2042    12.5450470448
2030    12.5833740234
2141    12.6151540279
2141    12.6471269131
2043    12.6786358356
2039    12.7128179073
2025    12.7391240597
2029    12.7698898315
2025    12.8019258976
2024    12.8298020363
2026    12.8730549812
2024    12.9114439487
2025    12.9539990425
2032    12.9796628952
2028    13.0152330399
2122    13.060888052
2011    13.0867638588
2011    13.1224529743
2012    13.15305686
2006    13.1816430092
2006    13.2152109146
2005    13.2561569214
2011    13.2828938961
2111    13.3140559196
2105    13.3467059135
2009    13.3773880005
2009    13.4100599289
2009    13.4538588524
2009    13.4923319817
2009    13.5313689709
1993    13.5694458485
1994    13.6061248779
1999    13.6413199902
1995    13.6721608639
1987    13.7054629326
1990    13.7437858582
2089    13.7772400379
1994    13.8074028492
1990    13.8397910595
1986    13.8881549835
1990    13.921640873
1990    13.9586069584
2081    14.0073149204
1976    14.0506930351
1972    14.0764319897
1971    14.1331648827
1971    14.1728830338
1970    14.1772899628
1980    14.2115478516
0    14.2515289783
1969    14.2589249611
1978    14.2918109894
0    14.3304278851
1974    14.3384108543
1985    14.3760399818
1981    14.399132967
1986    14.4293270111
1982    14.4421999454
1971    14.4669859409
0    14.507694006
1976    14.5131118298
1960    14.5484929085
1959    14.5866599083
1967    14.6166558266
1958    14.6489930153
1962    14.6862869263
1961    14.7274098396
1963    14.7710440159
1956    14.8039588928
1969    14.8388650417
1962    14.877145052
1961    14.9203569889
1967    14.9522540569
1970    14.9944620132
1946    15.0330939293
1954    15.08989501
1954    15.1377458572
1944    15.1459000111
1948    15.1828730106
0    15.221134901
1943    15.2294559479
1946    15.2587380409
0    15.286921978
1944    15.3053908348
1944    15.3219740391
1951    15.3426630497
0    15.3857359886
1945    15.392457962
1945    15.4196398258
1946    15.4574239254
1944    15.4906449318
1946    15.518791914
1943    15.5522119999
1939    15.5890669823
1927    15.6220338345
1923    15.6497759819
2032    15.6818339825
1928    15.7241330147
1929    15.750962019
1924    15.7835049629
1928    15.8320229053
1926    15.8703768253
1927    15.9090900421
1927    15.9370620251
1928    15.9738099575
1927    16.0118420124
1935    16.0521910191
1923    16.0873379707
1921    16.1303648949
1928    16.173732996
1927    16.2020800114
1923    16.2349019051
2026    16.2665958405
1930    16.2949969769
2034    16.3306119442
1921    16.3582479954
1920    16.4012548923
1926    16.4337480068
1926    16.4722268581
2026    16.4984898567
1928    16.5349159241
1935    16.5699520111
1922    16.6055989265
2028    16.6362478733
2022    16.6641738415
1932    16.7008650303
1925    16.7442729473
1927    16.7922840118
1933    16.8289549351
2025    16.8666639328
1932    16.8996520042
2023    16.9278268814
1928    16.960657835
1938    16.9908928871
1933    17.021723032
1925    17.0500319004
2032    17.0822880268
1926    17.1191999912
1928    17.1571249962
1937    17.1888639927
1933    17.2296168804
1937    17.2551708221
1930    17.2902719975
1920    17.3334069252
1934    17.3666348457
1935    17.3902719021
2028    17.4285838604
