2215    0.0283930301666
2224    0.0768029689789
2247    0.11750292778
2249    0.153051137924
2248    0.178165912628
2248    0.214051961899
2254    0.253165006638
2279    0.287564992905
2385    0.33451294899
2303    0.363030910492
2300    0.396291971207
2314    0.42950296402
2335    0.457695960999
2341    0.494359970093
2353    0.537410020828
2360    0.57714009285
2374    0.603325128555
2367    0.646529912949
2383    0.684783935547
2384    0.716639995575
2381    0.760178089142
2405    0.808393001556
2410    0.844304084778
2401    0.882192134857
2432    0.91166305542
2432    0.945050001144
2422    0.977571964264
2438    1.02009105682
2433    1.06243395805
2452    1.08925199509
2454    1.12122011185
2559    1.14967799187
2550    1.18122792244
2465    1.21670007706
2439    1.24507403374
2408    1.28896212578
2396    1.33203196526
2372    1.35993909836
2328    1.39281201363
2314    1.43566298485
2316    1.46225500107
2409    1.49639606476
2313    1.52543091774
2303    1.56069803238
2293    1.5912759304
2280    1.62199211121
2260    1.65803694725
2364    1.69139504433
2244    1.73443293571
2230    1.78022003174
2205    1.81840896606
2210    1.8549311161
2204    1.89120602608
2172    1.9290869236
2179    1.96637511253
2165    1.98916292191
2170    2.0236749649
2149    2.04856395721
2158    2.08722901344
2140    2.12394714355
2129    2.16759896278
2118    2.19498896599
2121    2.22946691513
2130    2.25535392761
2120    2.29034900665
2108    2.32061195374
2111    2.35110092163
2109    2.38605809212
2110    2.42608499527
2084    2.47181105614
2186    2.50881314278
2078    2.53590393066
2066    2.56434607506
2072    2.60005402565
2069    2.62757492065
2052    2.6615550518
2062    2.71722412109
2062    2.76045012474
2057    2.76830601692
2057    2.80388092995
2061    2.82483291626
2037    2.85321497917
2036    2.86643695831
2036    2.89288592339
2038    2.91060304642
2031    2.93015599251
0    2.95987010002
2041    2.96972799301
2040    2.9972820282
0    3.03842902184
2040    3.045566082
2045    3.08268809319
0    3.11189508438
2035    3.11870908737
2048    3.14908695221
0    3.17722511292
2043    3.18837213516
2032    3.21768903732
0    3.26057291031
2038    3.26339793205
2040    3.29115104675
0    3.32418107986
2127    3.32693004608
2039    3.35757112503
0    3.38991498947
2033    3.39715790749
2037    3.42673397064
2037    3.4590139389
2040    3.48980808258
2040    3.53122210503
2056    3.56998610497
2057    3.60859107971
2065    3.65431809425
2058    3.68677592278
2053    3.71428894997
2051    3.74677705765
2040    3.77916812897
2054    3.815294981
2054    3.84886002541
2053    3.89218497276
2063    3.92207312584
2059    3.95695900917
2064    3.99207305908
2058    4.02865409851
2053    4.06447005272
2055    4.10005092621
2077    4.12717890739
2069    4.16057395935
2174    4.19141697884
2073    4.23459506035
2171    4.26030111313
2078    4.29643201828
2087    4.33495593071
2084    4.36563611031
2087    4.39361095428
2093    4.43390393257
2086    4.46655297279
2094    4.50289702415
2101    4.55121302605
2099    4.59436392784
2105    4.62141299248
2105    4.65991997719
2105    4.68874502182
2104    4.72156405449
2222    4.7493519783
2125    4.78712511063
2214    4.81995606422
2133    4.8428299427
2136    4.87853503227
2143    4.91098809242
2153    4.94094705582
2155    4.98080897331
2158    5.005423069
2175    5.04045200348
2166    5.06861901283
2164    5.10155296326
2185    5.13971304893
2175    5.18289804459
2203    5.221159935
2297    5.24443411827
2207    5.27771806717
2207    5.31290602684
2225    5.35692405701
2233    5.39512014389
2247    5.4260020256
2253    5.46067595482
2250    5.48656797409
2251    5.54000592232
2274    5.57248997688
2266    5.60442996025
2287    5.6342959404
2291    5.66487503052
2292    5.69310903549
2303    5.73085713387
2318    5.77302408218
2335    5.81028795242
2353    5.84265708923
2348    5.8712220192
2461    5.90846014023
2379    5.93572998047
2393    5.9681019783
2398    5.99587011337
2394    6.02880692482
2423    6.06636309624
2436    6.10896396637
2436    6.13654494286
2453    6.16907596588
2559    6.19659113884
2471    6.22422599792
2488    6.25678300858
2497    6.2893910408
2512    6.31697893143
2627    6.34455108643
2535    6.38219308853
2539    6.41973400116
2540    6.44735598564
2541    6.47997093201
2641    6.50761508942
2550    6.54429197311
2550    6.5926220417
2546    6.63103413582
2544    6.65753602982
2545    6.69100403786
2521    6.72482395172
2530    6.76305603981
2527    6.806235075
2523    6.84535193443
2518    6.87212610245
2494    6.90790605545
2497    6.95107913017
2482    6.98469400406
2460    7.02299594879
2559    7.06145596504
2453    7.11484599113
2449    7.14240312576
2448    7.17915701866
2438    7.21125793457
2531    7.24173498154
2432    7.27252697945
2425    7.3031680584
2406    7.33880209923
2416    7.37436795235
2496    7.40996193886
2396    7.43584895134
2400    7.47168397903
2424    7.50226902962
2383    7.53801393509
2381    7.58147406578
2367    7.62477111816
2465    7.67322492599
2370    7.70629191399
2362    7.74906992912
2362    7.79229712486
2341    7.83029603958
2344    7.86081695557
2358    7.89132499695
2353    7.9243221283
2353    7.98136806488
2339    8.01658701897
2338    8.04653906822
2343    8.08153104782
2340    8.10789203644
2337    8.14412713051
2432    8.16902399063
2359    8.20918607712
2448    8.2370300293
2352    8.27014493942
2353    8.30709004402
2449    8.34457397461
2353    8.38752603531
2357    8.42217993736
2349    8.46338510513
2352    8.50909805298
2376    8.54086399078
2361    8.57276105881
2364    8.60138201714
2387    8.63640213013
2388    8.66632604599
2389    8.69410896301
2380    8.73598408699
2397    8.7744140625
2397    8.80222511292
2398    8.84939193726
2496    8.88741397858
2402    8.92358207703
2406    8.95947599411
2387    8.99217391014
2411    9.02479600906
2409    9.05270195007
2417    9.08562707901
2409    9.12359404564
2423    9.15660500526
2424    9.19958400726
2434    9.2226099968
2440    9.26059007645
2437    9.28884506226
2445    9.32781291008
2455    9.36262702942
2476    9.39162492752
2480    9.42572903633
2474    9.46614098549
2486    9.50404000282
2488    9.53748393059
2593    9.58069896698
2498    9.61798095703
2512    9.65063214302
2536    9.68382406235
2527    9.7224240303
2549    9.75409412384
2556    9.78616809845
2653    9.82939696312
2579    9.87140512466
2577    9.90815091133
2593    9.94468307495
2596    9.9743039608
2599    10.0088810921
2588    10.038465023
2573    10.0684940815
2632    10.0979599953
2528    10.1360321045
2494    10.1740589142
2548    10.2172040939
2443    10.2521519661
2512    10.2920920849
2393    10.322040081
2406    10.3536829948
2496    10.3846740723
2375    10.4275979996
2364    10.4547390938
2365    10.4867551327
2359    10.5182139874
2340    10.5539331436
2329    10.5946390629
2299    10.6404650211
2290    10.6769740582
2277    10.7145600319
2360    10.7452580929
2242    10.7734849453
2240    10.8069279194
2345    10.8395459652
2233    10.8703320026
2232    10.9063589573
2211    10.9549789429
2210    10.9883670807
2194    11.016461134
2184    11.0522830486
2191    11.077755928
2186    11.1096489429
2172    11.1446299553
2165    11.1756169796
2156    11.207572937
2160    11.2417399883
2137    11.2798171043
2137    11.312762022
2129    11.3487341404
2144    11.3830840588
2142    11.4171879292
2120    11.4413211346
2130    11.4751200676
2126    11.5093231201
2128    11.5394101143
2104    11.5943760872
2115    11.628426075
2103    11.6557300091
2111    11.6933851242
2103    11.7320740223
2101    11.7652390003
2103    11.7932929993
2105    11.8265960217
2111    11.8539979458
2201    11.8863339424
2107    11.9196999073
2096    11.9492681026
2106    11.9890170097
2101    12.027269125
2097    12.0700759888
2094    12.1081781387
2198    12.1453149319
2100    12.183658123
2101    12.221681118
2109    12.2516930103
2111    12.2909860611
2114    12.3251531124
2108    12.3542120457
2111    12.383605957
2206    12.4166550636
2096    12.4590201378
2104    12.4857621193
2105    12.5188009739
2115    12.5487990379
2097    12.5812051296
2105    12.612044096
2202    12.6553800106
2201    12.6933610439
2111    12.7216451168
2120    12.7600519657
2211    12.8031411171
2215    12.8313319683
2214    12.8745059967
2136    12.9083509445
2133    12.9389760494
2145    12.9690361023
2135    13.0003490448
2141    13.0309591293
2142    13.0606679916
2161    13.0953710079
2160    13.1229910851
2147    13.1511349678
2149    13.1896979809
2157    13.2144141197
2175    13.2486600876
2175    13.2787680626
2166    13.3140771389
2168    13.3568949699
2166    13.3950960636
2182    13.4269149303
2188    13.4874761105
2188    13.5192611217
2202    13.5255010128
2204    13.5457060337
0    13.582597971
2205    13.590282917
2293    13.633398056
2211    13.6414489746
2212    13.6727240086
2236    13.7001309395
2219    13.7339351177
2225    13.7699820995
2227    13.8082849979
2247    13.8356580734
2340    13.8666489124
2244    13.9004809856
2242    13.929158926
2256    13.9631979465
2252    14.0013980865
2277    14.032282114
2270    14.0604739189
2296    14.0972719193
2312    14.1396479607
2302    14.1769280434
2303    14.2095789909
2296    14.2423520088
2313    14.2710959911
2310    14.3140630722
2433    14.3450911045
2453    14.3750441074
2350    14.4049201012
2376    14.4398310184
2373    14.4703190327
2467    14.5158269405
2381    14.5612010956
2406    14.5974650383
2396    14.6299071312
2408    14.664963007
2513    14.6913940907
2421    14.7240290642
2444    14.76906991
2434    14.7964060307
2454    14.8289549351
2465    14.8675830364
2473    14.9053800106
2471    14.9383440018
2468    14.9802520275
2466    15.0075700283
2449    15.0397911072
2436    15.0773720741
2416    15.117939949
2387    15.1600270271
2364    15.1985471249
2342    15.2257459164
2443    15.2684280872
2348    15.3052201271
2442    15.3376870155
2346    15.3693940639
2350    15.4127929211
2334    15.4560511112
2436    15.4991009235
2340    15.5340740681
2326    15.5660851002
2320    15.5984621048
2318    15.6309330463
2326    15.6700050831
2300    15.6976850033
2297    15.7302000523
2382    15.7578310966
2298    15.795953989
2272    15.8341219425
2282    15.8695881367
2352    15.9180080891
2266    15.949639082
2256    15.9928119183
2240    16.0257210732
2241    16.0676510334
2238    16.105866909
2248    16.1504309177
2226    16.1787619591
2238    16.2098660469
2225    16.2417891026
2209    16.2735381126
2213    16.3278810978
2211    16.3601529598
2216    16.392416954
2206    16.4197199345
2195    16.45707798
2285    16.4945230484
2197    16.5268189907
2207    16.5592119694
2195    16.586607933
2179    16.6190271378
2174    16.6564121246
2277    16.6837930679
2184    16.716217041
2179    16.7486901283
2181    16.7910330296
2175    16.8183510303
2184    16.8506219387
2162    16.8828771114
2166    16.9101390839
2168    16.9424669743
2263    16.9698250294
2164    16.9972300529
2158    17.0250790119
2175    17.0585000515
2167    17.0911340714
2163    17.1339139938
2164    17.1773810387
2167    17.2153270245
2175    17.2570950985
2172    17.294080019
2175    17.3274030685
