878    0.0332100391388
765    0.0764410495758
876    0.102918863297
771    0.135455846786
769    0.168043851852
874    0.195648908615
767    0.223258018494
767    0.260874032974
755    0.303534984589
767    0.336452007294
734    0.368716001511
757    0.400377988815
750    0.433109998703
613    0.476457834244
511    0.51947593689
615    0.547106027603
666    0.574712991714
731    0.617389917374
772    0.648176908493
840    0.691586017609
962    0.732965946198
1047    0.776166915894
1062    0.802340984344
1095    0.837491989136
1102    0.863816022873
1096    0.896689891815
1073    0.928024053574
1183    0.970819950104
1023    1.01412582397
1023    1.04098391533
1023    1.07438802719
1063    1.10607790947
990    1.14445590973
1105    1.18625187874
979    1.21785187721
914    1.25204992294
1015    1.28117990494
944    1.31532382965
909    1.33934688568
1003    1.37346792221
864    1.4042699337
858    1.43600988388
914    1.46793484688
799    1.5110449791
752    1.55471086502
685    1.59554386139
647    1.62871193886
630    1.66219997406
564    1.6959798336
618    1.73563289642
442    1.77257299423
425    1.80399799347
409    1.83547186852
287    1.86617994308
285    1.89786982536
319    1.93066883087
174    1.97385191917
193    2.00074982643
159    2.03354382515
106    2.06925988197
138    2.11615490913
36    2.15404391289
214    2.18620204926
104    2.22438502312
89    2.26127505302
126    2.28888392448
123    2.33227586746
178    2.38009905815
174    2.42262387276
228    2.45763087273
285    2.49723696709
194    2.52178001404
191    2.5615029335
177    2.58605384827
176    2.62070083618
246    2.6504919529
212    2.68560886383
231    2.71064186096
230    2.75582289696
255    2.78326892853
255    2.82160592079
286    2.86013889313
284    2.89784097672
337    2.93610405922
339    2.96680092812
355    3.00881505013
373    3.05216002464
356    3.09452390671
355    3.12193393707
408    3.15425395966
422    3.18162703514
425    3.21914887428
445    3.26225590706
511    3.29205703735
511    3.33183503151
550    3.37656283379
585    3.40625905991
584    3.43566703796
584    3.47527694702
583    3.50987792015
564    3.53944587708
617    3.57923793793
549    3.62049198151
583    3.6664659977
583    3.69863700867
582    3.74218082428
508    3.78054094315
511    3.8118929863
550    3.8475048542
582    3.88565182686
565    3.92934203148
615    3.96711397171
601    4.00075387955
582    4.03448390961
601    4.06824398041
671    4.0968708992
665    4.1306219101
635    4.15935897827
649    4.19810295105
648    4.2269308567
669    4.25567793846
668    4.28432297707
685    4.31811499596
702    4.36243700981
735    4.40460991859
752    4.44323992729
735    4.48346400261
736    4.51605391502
788    4.54668092728
785    4.57733798027
802    4.60811185837
828    4.6365480423
824    4.66967582703
806    4.70053100586
910    4.72905898094
844    4.76604104042
843    4.80435299873
863    4.8362300396
862    4.86447191238
892    4.90652799606
909    4.94000792503
999    4.96840286255
892    5.00227499008
908    5.04633903503
924    5.0878469944
942    5.12973403931
1052    5.16539883614
939    5.20104193687
945    5.23184204102
965    5.26274394989
964    5.29342484474
992    5.32413482666
983    5.38286805153
1013    5.41548895836
1115    5.4485168457
983    5.49174189568
980    5.52826404572
1014    5.55696988106
992    5.59031200409
1023    5.63384604454
1023    5.67710399628
1023    5.7140378952
1061    5.75095796585
1049    5.7839820385
1061    5.82538890839
1078    5.85695004463
1183    5.89334201813
1167    5.93351197243
1084    5.97535204887
1075    6.01415801048
1084    6.04885601997
1097    6.07392096519
1101    6.10682702065
1094    6.1646900177
1094    6.20206284523
1096    6.20415186882
1091    6.2562019825
1111    6.28843998909
1096    6.32584691048
1128    6.36820292473
1107    6.40066194534
1107    6.43434095383
1113    6.46669197083
1162    6.49899482727
1147    6.5312628746
1145    6.55902791023
1144    6.6017408371
1119    6.64421105385
1112    6.67273497581
1144    6.70646500587
1147    6.73285293579
1237    6.76667904854
1147    6.79538393021
1145    6.82887887955
1253    6.86076688766
1144    6.90444493294
1165    6.93114185333
1197    6.98294901848
1144    7.02132701874
1270    7.06001996994
1174    7.09020495415
1164    7.12259483337
1176    7.15356087685
1164    7.18701386452
1161    7.21524405479
1163    7.24874186516
1181    7.27685284615
1180    7.30929493904
1181    7.34622097015
1181    7.37960791588
1179    7.41775989532
1196    7.45081591606
1192    7.49906802177
1164    7.55767083168
1183    7.59350991249
1194    7.62188386917
1211    7.66040205956
1227    7.69901895523
1191    7.73062300682
1201    7.76058101654
1196    7.80038189888
1209    7.8352599144
1198    7.87339186668
1215    7.90928792953
1316    7.95316886902
1230    7.98706388474
1316    8.01104998589
1248    8.04667687416
1231    8.07294392586
1229    8.10584497452
1211    8.13797998428
1226    8.18466591835
1227    8.22141504288
1221    8.26489186287
1212    8.30795001984
1251    8.34353899956
1225    8.37948584557
1227    8.41771602631
1228    8.46448397636
1264    8.50215697289
1263    8.54540801048
1261    8.58377504349
1369    8.61703586578
1295    8.65471386909
1251    8.68770194054
1245    8.7158229351
1244    8.76345992088
1249    8.80699491501
1246    8.84532499313
1213    8.8887758255
1213    8.92751502991
1269    8.97088503838
1174    9.00873994827
1141    9.05231499672
1159    9.09009790421
1247    9.12120199203
1168    9.16070795059
1136    9.18874001503
1151    9.23209905624
1183    9.27544188499
1113    9.31381797791
1146    9.35236287117
1135    9.38529706001
1131    9.43647503853
1133    9.47440195084
1234    9.51248598099
1062    9.54594397545
1080    9.57841205597
1023    9.63194203377
1022    9.67535185814
991    9.71293902397
906    9.7510638237
891    9.7786488533
881    9.81947588921
986    9.85519790649
823    9.89838886261
841    9.93169593811
788    9.97499990463
756    10.011070013
752    10.0393629074
719    10.0857269764
683    10.1242029667
686    10.1558909416
686    10.1867878437
666    10.2177848816
666    10.2657589912
702    10.3029589653
719    10.3535048962
723    10.3854088783
718    10.4117460251
716    10.4453229904
807    10.4793059826
842    10.5175180435
803    10.5482878685
788    10.5789899826
789    10.6096060276
786    10.6408109665
805    10.6716749668
893    10.7034728527
820    10.7459628582
969    10.7942938805
927    10.8263640404
951    10.8593819141
978    10.9026060104
911    10.9330899715
842    10.9759168625
875    11.0190269947
890    11.0571329594
828    11.0880880356
824    11.1312589645
841    11.1643989086
944    11.2116718292
841    11.2395720482
774    11.2756550312
860    11.307448864
861    11.3557360172
799    11.3889088631
803    11.4195230007
827    11.4512839317
909    11.4941320419
946    11.5427508354
827    11.5862209797
862    11.6247909069
843    11.6532108784
943    11.6865890026
824    11.7150650024
843    11.748677969
825    11.7807469368
927    11.824326992
860    11.8620679379
860    11.8949429989
878    11.9229738712
874    11.9651470184
863    12.0077610016
895    12.0441050529
893    12.0921850204
898    12.1270809174
911    12.158452034
910    12.186383009
893    12.2255079746
995    12.2641379833
894    12.3077628613
921    12.3503160477
924    12.386136055
938    12.4297509193
927    12.4731869698
978    12.5164809227
906    12.5547740459
1066    12.5832488537
958    12.6193070412
927    12.6486530304
947    12.6804130077
961    12.7086799145
974    12.7417650223
961    12.7699768543
963    12.8070569038
975    12.8491699696
979    12.8915109634
982    12.9282698631
975    12.9599208832
994    12.9914469719
992    13.0231850147
980    13.0547988415
999    13.0858030319
995    13.1287429333
996    13.1721458435
997    13.2255630493
1132    13.2587399483
1023    13.2938039303
1005    13.3317499161
1011    13.3667440414
1023    13.4047820568
1023    13.4469499588
1022    13.4897489548
1048    13.5199189186
1023    13.5585739613
1061    13.6019458771
1183    13.6402130127
1171    13.683398962
1077    13.71510005
1080    13.7460620403
1084    13.7770190239
1189    13.8127038479
1095    13.8498179913
1099    13.8814399242
1076    13.9219579697
1082    13.9559960365
1099    13.9977300167
1098    14.0349750519
1115    14.0655179024
1133    14.100673914
1095    14.1335408688
1129    14.1703619957
1218    14.1988079548
1114    14.2320728302
1108    14.2638628483
1112    14.3072059155
1117    14.3503508568
1113    14.3872718811
1100    14.4225049019
1094    14.4541368484
1208    14.4837319851
1060    14.5182499886
1086    14.5579650402
1076    14.5896530151
1080    14.6361880302
1081    14.6629769802
1084    14.6949520111
1076    14.722630024
1078    14.7540929317
1079    14.7882049084
1080    14.817456007
1081    14.8492949009
1060    14.8801250458
1077    14.9131989479
1077    14.9566478729
1061    14.9947068691
1055    15.0248098373
1023    15.0583670139
1023    15.101913929
1060    15.1463708878
1098    15.189467907
1077    15.2324109077
1023    15.2698099613
1151    15.3010280132
1023    15.3327708244
1049    15.3642940521
1168    15.4070470333
1055    15.4452519417
1017    15.4810409546
1022    15.5243680477
1023    15.553953886
1023    15.5836279392
1048    15.6198320389
1023    15.6576900482
1023    15.6873888969
1023    15.7222738266
1063    15.7490448952
1015    15.7810459137
1010    15.8094258308
1064    15.8518159389
1023    15.8785510063
1049    15.9118778706
1023    15.9551539421
1023    15.9977228642
1079    16.0359539986
1078    16.0693969727
1095    16.107378006
1189    16.1465640068
1095    16.1833798885
1127    16.2152340412
1094    16.2569909096
1080    16.2840549946
1163    16.3160660267
1151    16.3543479443
1147    16.3902139664
1177    16.422413826
1279    16.4580199718
1123    16.497027874
1198    16.5239448547
1228    16.5572209358
1230    16.6007649899
1229    16.6435379982
1222    16.6869168282
1330    16.7241580486
1248    16.7551629543
1229    16.7986660004
1245    16.8364999294
1279    16.8705928326
1268    16.8987009525
1261    16.9321079254
1258    16.9697060585
1366    17.0099020004
1364    17.047454834
1279    17.078207016
1225    17.1097819805
1352    17.1492009163
1231    17.1976399422
1227    17.2359478474
1331    17.270980835
1205    17.2959918976
1219    17.330904007
1183    17.3607628345
1182    17.395788908
1165    17.4258618355
1160    17.4608988762
1179    17.4909100533
1271    17.5259308815
1162    17.5610249043
1167    17.5960719585
1166    17.6261060238
1145    17.6561100483
1130    17.691120863
1148    17.7162828445
1129    17.7666430473
1144    17.8065378666
1148    17.8415989876
1129    17.8667428493
1147    17.9149889946
1117    17.940901041
1216    17.973911047
1111    18.0046770573
1110    18.0441458225
1235    18.0771889687
1129    18.1045498848
1220    18.1404349804
1119    18.1670260429
1117    18.2001578808
1116    18.2326819897
1111    18.2657120228
