2270    0.0294489860535
2270    0.0624051094055
2272    0.089996099472
2273    0.127568006516
2273    0.155551195145
2284    0.188610076904
2291    0.231285095215
2299    0.264057159424
2300    0.296948194504
2315    0.340861082077
2337    0.370711088181
2337    0.40124297142
2348    0.442936182022
2363    0.475910186768
2384    0.503525972366
2388    0.538381099701
2380    0.56591796875
2390    0.593947172165
2422    0.626352071762
2420    0.650360107422
2406    0.683173179626
2419    0.72104716301
2435    0.759265184402
2446    0.788563013077
2453    0.821964979172
2456    0.855324029922
2458    0.879225969315
2454    0.913362026215
2568    0.95134806633
2468    0.978630065918
2473    1.01083302498
2464    1.0382361412
2467    1.0706140995
2452    1.113022089
2438    1.1501250267
2411    1.19325113297
2380    1.23148918152
2338    1.26308608055
2283    1.28865599632
2267    1.32147812843
2229    1.36451005936
2211    1.3977329731
2212    1.43594813347
2221    1.47027301788
2194    1.49935317039
2182    1.52658104897
2179    1.55930304527
2165    1.58746600151
2152    1.61998200417
2149    1.6479241848
2135    1.68128418922
2128    1.71167612076
2123    1.73902416229
2120    1.78141307831
2111    1.81597304344
2209    1.84708499908
2201    1.87873601913
2085    1.9101960659
2072    1.94381403923
2077    1.97432017326
2071    2.00994801521
2160    2.0457110405
2055    2.09139418602
2049    2.13206100464
2033    2.16767215729
2030    2.19839501381
2029    2.22863411903
2113    2.25958013535
2007    2.30309319496
1982    2.34145617485
1990    2.38119912148
1995    2.40707015991
1984    2.44266009331
1984    2.47368597984
1973    2.50954818726
1974    2.54694008827
2077    2.57426810265
1961    2.61168408394
1953    2.63903713226
2063    2.67135620117
1971    2.70374011993
1955    2.7311501503
1959    2.76348519325
1959    2.80595397949
1958    2.84863710403
1944    2.87598609924
1942    2.90881705284
2047    2.93616104126
1943    2.96861505508
1941    3.00132608414
1944    3.02856111526
1944    3.06075501442
1966    3.0979681015
1963    3.12561917305
1959    3.15833806992
1959    3.18569898605
1964    3.21847105026
1961    3.24621915817
1965    3.28402519226
1958    3.31169605255
2075    3.34974098206
1985    3.38673305511
2076    3.41737413406
1984    3.45078206062
1964    3.47456908226
1962    3.50787496567
1958    3.54087996483
1958    3.56821799278
1960    3.60043406487
1962    3.63282203674
1968    3.66188216209
1955    3.69627714157
1956    3.73800611496
1953    3.76516699791
1972    3.79246497154
1982    3.82469415665
1976    3.85678005219
1973    3.8839931488
1974    3.92173719406
1974    3.9598941803
1968    3.98723602295
1983    4.02513408661
2001    4.05553102493
1988    4.08786702156
1993    4.12515711784
1996    4.16241407394
1991    4.18968200684
1990    4.22199416161
1990    4.24923706055
1989    4.28649711609
2005    4.31454205513
2004    4.34282016754
2104    4.38107204437
2010    4.40644097328
2029    4.44803404808
2120    4.49265408516
2023    4.52621006966
2124    4.56453204155
2040    4.59227705002
2036    4.62743806839
2036    4.67087602615
2054    4.71333098412
2058    4.75640916824
2066    4.78345918655
2062    4.81555008888
2154    4.85756516457
2075    4.88499116898
2072    4.92253613472
2077    4.95635104179
2090    4.9911210537
2082    5.01842308044
2084    5.05062413216
2204    5.08788919449
2101    5.11495709419
2105    5.14706015587
2107    5.17434215546
2107    5.21652603149
2122    5.24436998367
2111    5.27762913704
2119    5.32053303719
2128    5.34385609627
2136    5.37188220024
2138    5.39961099625
2134    5.43241119385
2237    5.46016907692
2157    5.49323296547
2150    5.53627109528
2165    5.58206510544
2166    5.61650204659
2182    5.64100909233
2205    5.67702317238
2198    5.70202207565
2202    5.73761320114
2320    5.77131819725
2205    5.80453515053
2222    5.84537220001
2248    5.8710501194
2252    5.91156697273
2259    5.9391810894
2255    5.97684907913
2268    6.01986408234
2376    6.05893516541
2289    6.09786009789
2301    6.12543702126
2425    6.15639901161
2322    6.18606114388
2331    6.21844696999
2355    6.2508251667
2350    6.29114699364
2381    6.32924318314
2386    6.36745214462
2379    6.40059304237
2401    6.43875312805
2405    6.46207404137
2521    6.49550104141
2411    6.5240790844
2412    6.55577611923
2414    6.59285211563
2407    6.63863801956
2419    6.66908216476
2398    6.69943714142
2400    6.73468208313
2403    6.76794409752
2404    6.79879307747
2407    6.82537317276
2394    6.85289311409
2404    6.88975715637
2492    6.92127609253
2385    6.95217418671
2393    6.99395608902
2367    7.03420805931
2466    7.07535505295
2360    7.10580301285
2360    7.13727498055
2352    7.18011617661
2334    7.2182970047
2319    7.25650119781
2323    7.2914891243
2319    7.3346581459
2303    7.37766098976
2313    7.41753411293
2303    7.44515919685
2311    7.47487807274
2294    7.51326799393
2289    7.56127715111
2285    7.59365415573
2286    7.62096118927
2262    7.65938997269
2268    7.69215297699
2270    7.72951602936
2272    7.75688099861
2269    7.78440999985
2357    7.81697916985
2257    7.84454011917
2258    7.86711907387
2247    7.89935398102
2254    7.93168497086
2257    7.95922899246
2254    7.99197697639
2259    8.02461600304
2262    8.05749106407
2247    8.09670305252
2343    8.13334417343
2344    8.16564202309
2249    8.20422911644
2240    8.23819804192
2240    8.27601504326
2352    8.31855010986
2260    8.35796499252
2248    8.38572311401
2258    8.4134991169
2258    8.45083117485
2263    8.48809909821
2371    8.51578497887
2285    8.55357408524
2288    8.59125614166
2283    8.61902499199
2279    8.6516289711
2290    8.68443107605
2288    8.72712397575
2290    8.76489806175
2298    8.80274701118
2289    8.8303501606
2288    8.85818600655
2286    8.89084601402
2302    8.91861796379
2313    8.95639109612
2303    8.98413801193
2302    9.0168170929
2301    9.0444560051
2415    9.08214902878
2313    9.11511516571
2432    9.14797616005
2335    9.18583512306
2334    9.2186191082
2331    9.24640011787
2326    9.27396702766
2360    9.31018710136
2359    9.35183501244
2360    9.37992501259
2392    9.43527007103
2392    9.47322010994
2384    9.47811698914
2402    9.49793815613
0    9.52904009819
2394    9.53318619728
2404    9.56735515594
0    9.60099411011
2420    9.60523414612
2410    9.63437414169
0    9.66909313202
2424    9.67751908302
2439    9.69630217552
0    9.73199510574
2460    9.73899698257
2453    9.77132701874
0    9.81104111671
2469    9.81546998024
2484    9.84451818466
0    9.87797403336
2488    9.88766598701
2484    9.91802406311
0    9.9510409832
2501    9.95892620087
2509    9.98699307442
0    10.020250082
2616    10.0234069824
2536    10.0464951992
2529    10.0810580254
2550    10.1109051704
2545    10.1548941135
2552    10.1799530983
2547    10.2175970078
2541    10.2602500916
2498    10.3032500744
2492    10.3412539959
2457    10.3720099926
2457    10.4029920101
2433    10.4461650848
2436    10.4840221405
2432    10.5188491344
2419    10.5568900108
2410    10.5910420418
2395    10.6331961155
2394    10.6715550423
2374    10.7149171829
2387    10.7459521294
2467    10.7889270782
2356    10.8235340118
2458    10.85947299
2339    10.8921480179
2316    10.9206540585
2319    10.9540851116
2316    10.9870300293
2293    11.0250141621
2385    11.0531110764
2288    11.0965681076
2271    11.1403861046
2252    11.1834721565
2367    11.2090301514
2340    11.2446591854
2248    11.2705790997
2238    11.303661108
2236    11.3335900307
2335    11.3688461781
2217    11.4116270542
2220    11.454955101
2212    11.4981820583
2207    11.5355839729
2183    11.5791971684
2181    11.6221661568
2183    11.646802187
2179    11.6799530983
2190    11.7273230553
2175    11.764521122
2165    11.7901301384
2272    11.8245100975
2260    11.8537240028
2168    11.8973770142
2157    11.9244031906
2153    11.96291399
2153    12.0011730194
2253    12.0434660912
2146    12.086785078
2154    12.1224141121
2257    12.1501851082
2151    12.1880500317
2152    12.2267811298
2158    12.2551729679
2148    12.2931129932
2151    12.3299109936
2254    12.3729419708
2258    12.4095489979
2155    12.4430940151
2147    12.4815170765
2150    12.5089960098
2152    12.5561130047
2155    12.5828139782
2158    12.6185371876
2160    12.6602921486
2261    12.6872520447
2151    12.7305340767
2175    12.7616071701
2165    12.7921550274
2261    12.8242750168
2164    12.8529250622
2173    12.8851811886
2168    12.9171750546
2165    12.9512891769
2171    13.008341074
2175    13.0362451077
2188    13.0685470104
2181    13.1009840965
2179    13.1290831566
2179    13.1653881073
2277    13.2062330246
2197    13.2496261597
2197    13.2866640091
2205    13.3192381859
2207    13.3624951839
2209    13.405698061
2303    13.4485480785
2226    13.491435051
2226    13.5190701485
2226    13.551692009
2240    13.5797040462
2245    13.6130130291
2248    13.6563851833
2268    13.6840741634
2257    13.7156991959
2257    13.7478721142
2253    13.785847187
2277    13.8187739849
2272    13.8614890575
2287    13.8890070915
2289    13.9200341702
2285    13.9664530754
2303    14.0050320625
2303    14.0383250713
2319    14.076403141
2315    14.1091811657
2323    14.1426331997
2332    14.1700019836
2452    14.1964299679
2362    14.2322530746
2359    14.2578201294
2360    14.2902040482
2381    14.3229560852
2370    14.3607931137
2400    14.3933341503
2414    14.4207031727
2410    14.4432380199
2513    14.4756171703
2425    14.5079391003
2443    14.5456771851
2553    14.5835120678
2559    14.6208460331
2455    14.6432030201
2467    14.675786972
2489    14.7121200562
2500    14.7406511307
2525    14.7711939812
2508    14.8052470684
2528    14.8480181694
2530    14.8828580379
2534    14.9290130138
2582    14.9618771076
2572    15.0052471161
2574    15.0483911037
2568    15.0884010792
2532    15.1280241013
2507    15.1580810547
2499    15.1904270649
2459    15.2338681221
2457    15.2619080544
2446    15.2947461605
2452    15.3279540539
2459    15.3555140495
2454    15.3870990276
2453    15.4216361046
2453    15.4490580559
2435    15.4867761135
2448    15.5257091522
2432    15.5633990765
2423    15.5965960026
2410    15.6350181103
2408    15.6732890606
2501    15.7103831768
2385    15.7480461597
2377    15.7764639854
2391    15.8109171391
2366    15.837539196
2365    15.8757431507
2450    15.9139280319
2353    15.9557600021
2331    15.9884619713
2335    16.0453181267
2335    16.0779571533
2324    16.1151041985
2320    16.1419839859
2316    16.1754701138
2294    16.2137641907
2310    16.2528631687
2285    16.2973001003
2279    16.329002142
2295    16.3629009724
2272    16.4009411335
2270    16.4288771152
2279    16.4657611847
2274    16.5040640831
2280    16.5360610485
2259    16.5702331066
2263    16.5995130539
2257    16.6320230961
2267    16.6638801098
2252    16.6975591183
2247    16.7244031429
2346    16.7723321915
2247    16.814316988
2246    16.8563940525
2244    16.8930461407
2252    16.9247319698
2247    16.9554979801
2240    16.9984791279
2333    17.0417950153
2219    17.0799160004
2232    17.1113600731
2337    17.1442570686
2233    17.1799650192
2234    17.2283771038
