1110    0.0331070423126
1098    0.065071105957
1133    0.0966560840607
1112    0.14031791687
1112    0.178780078888
1112    0.21059513092
1080    0.247965097427
1093    0.275666952133
1114    0.322020053864
1136    0.352601051331
1123    0.386469125748
1197    0.410145998001
1195    0.44813990593
1100    0.474179983139
1081    0.507491111755
1186    0.540652990341
1099    0.572685956955
1092    0.605859994888
1197    0.651566982269
1112    0.689480066299
1076    0.727303981781
1095    0.754967927933
1094    0.788386106491
1079    0.816610097885
1082    0.853759050369
1100    0.886955976486
1094    0.935117006302
1067    0.968415975571
1060    1.00457000732
1023    1.03584003448
1023    1.07841491699
1014    1.10999011993
975    1.14082813263
994    1.1722240448
943    1.21529912949
941    1.2479159832
1016    1.29584813118
892    1.33438110352
837    1.36280107498
806    1.39863491058
753    1.43915700912
757    1.46986913681
754    1.5147330761
671    1.54807710648
653    1.58728694916
583    1.62314510345
583    1.65898895264
478    1.68961310387
426    1.72025895119
354    1.75589799881
336    1.80165910721
319    1.84721493721
193    1.88291692734
193    1.92075800896
212    1.95644211769
121    1.99512195587
89    2.0233039856
141    2.06198310852
19    2.1001560688
68    2.1521999836
89    2.1849489212
190    2.21800112724
71    2.241492033
69    2.28016710281
142    2.30868697166
175    2.34212112427
191    2.36981797218
159    2.4018061161
213    2.43239712715
212    2.47283792496
175    2.50112199783
193    2.53177404404
209    2.56756496429
247    2.60574698448
227    2.64900302887
285    2.6960170269
302    2.73361706734
338    2.77167201042
335    2.80433702469
300    2.83649611473
373    2.88708305359
407    2.91989898682
334    2.95775914192
405    2.99634099007
373    3.03411912918
407    3.0683400631
389    3.10153794289
460    3.14836907387
560    3.18525004387
457    3.21842193604
531    3.25536799431
548    3.29860091209
550    3.32495594025
569    3.35825395584
564    3.38813710213
563    3.41798591614
598    3.45321297646
698    3.49179506302
511    3.5347571373
581    3.56483602524
581    3.61369800568
582    3.6568801403
581    3.69467997551
511    3.72930598259
567    3.75494813919
603    3.78953909874
603    3.81950497627
599    3.84739494324
615    3.88470196724
615    3.92276191711
649    3.96606206894
632    4.00198101997
663    4.03539395332
679    4.07431006432
684    4.11176896095
703    4.14503908157
718    4.17332601547
721    4.20149803162
721    4.23467302322
752    4.26825809479
734    4.31152701378
788    4.34898209572
770    4.38510704041
769    4.41790008545
786    4.46580410004
804    4.50571393967
825    4.53126001358
841    4.56693696976
860    4.60520911217
842    4.64839601517
842    4.69138908386
844    4.71797800064
875    4.75760698318
911    4.79730010033
878    4.84462094307
1011    4.87722992897
925    4.92238712311
940    4.96080899239
921    4.99912691116
947    5.03482413292
958    5.07666110992
973    5.10324501991
981    5.13619613647
962    5.17965602875
993    5.22302603722
994    5.26130414009
996    5.3042140007
989    5.34229111671
1113    5.3850851059
1023    5.4115190506
1009    5.44477891922
1023    5.48816013336
1011    5.53107500076
1048    5.57948899269
1023    5.60761404037
1064    5.64389109612
1148    5.68190908432
1063    5.71674203873
1084    5.74320602417
1077    5.77558708191
1162    5.81854510307
1073    5.8568789959
1074    5.89520907402
1082    5.93171811104
1083    5.96389293671
1095    6.00674104691
1078    6.04758191109
1076    6.09086513519
1098    6.12766194344
1217    6.15849900246
1113    6.20176291466
1095    6.23970007896
1116    6.27376508713
1132    6.30061602592
1132    6.3374171257
1148    6.38077497482
1133    6.41995096207
1262    6.46061205864
1129    6.50343394279
1128    6.53468203545
1150    6.56667613983
1156    6.60975909233
1149    6.64326405525
1149    6.68126606941
1277    6.72479701042
1262    6.7631521225
1159    6.81172013283
1160    6.84249997139
1266    6.87220907211
1168    6.90784597397
1167    6.93505811691
1161    6.96839594841
1157    7.01163697243
1193    7.05461812019
1207    7.09287595749
1215    7.13629293442
1167    7.17973399162
1176    7.22785592079
1195    7.26563310623
1210    7.30387806892
1226    7.34699392319
1278    7.3776550293
1199    7.41034698486
1217    7.45103001595
1214    7.48279094696
1211    7.51444005966
1195    7.55006313324
1214    7.59837198257
1229    7.6413230896
1234    7.67146992683
1331    7.71038913727
1209    7.74203014374
1210    7.78494310379
1227    7.82720112801
1212    7.85380196571
1225    7.88508105278
1233    7.91460108757
1235    7.9541580677
1234    7.99399995804
1211    8.03193807602
1252    8.06081700325
1244    8.09716892242
1329    8.13545799255
1255    8.17282509804
1209    8.20594000816
1231    8.24923300743
1208    8.28744196892
1214    8.31744098663
1347    8.35091805458
1238    8.38435101509
1364    8.41779112816
1267    8.45060110092
1279    8.49362802505
1295    8.5237801075
1279    8.55605697632
1276    8.58953404427
1263    8.62307405472
1244    8.64692592621
1278    8.68519711494
1267    8.73264694214
1239    8.77596402168
1264    8.8047170639
1232    8.83628296852
1180    8.86803913116
1182    8.90187811852
1177    8.94384908676
1159    8.98068499565
1145    9.01274394989
1161    9.05608010292
1151    9.09404397011
1159    9.12976312637
1166    9.16037392616
1207    9.19466495514
1144    9.22534012794
1183    9.25604295731
1162    9.2836151123
1165    9.32102704048
1162    9.34673309326
1133    9.38251709938
1198    9.42571806908
1100    9.45215797424
1062    9.49897098541
1059    9.53698706627
1055    9.56985902786
979    9.61231207848
1080    9.6557059288
1023    9.6930410862
922    9.73670506477
924    9.77415990829
854    9.80520009995
927    9.83350110054
845    9.87588906288
788    9.91905808449
789    9.95760011673
735    9.99937200546
700    10.0409009457
719    10.0822291374
667    10.1152830124
701    10.1581659317
807    10.1949579716
669    10.2315599918
653    10.261505127
670    10.289026022
662    10.3249680996
703    10.3508789539
718    10.3844330311
681    10.4164590836
669    10.4519789219
754    10.4899430275
851    10.5199899673
843    10.5526349545
798    10.5850031376
802    10.6193830967
828    10.6560659409
829    10.6927421093
857    10.7296221256
841    10.7726209164
895    10.8032369614
827    10.844137907
927    10.8872499466
874    10.9302630424
841    10.9683489799
862    11.0001840591
804    11.0266859531
799    11.063888073
802    11.1023340225
822    11.1352949142
788    11.1695950031
788    11.1933541298
930    11.2412159443
771    11.2716560364
799    11.3130171299
789    11.3437831402
830    11.3758199215
843    11.4041740894
839    11.4375369549
827    11.4705290794
845    11.5004279613
827    11.5352230072
827    11.5799689293
827    11.6146330833
808    11.6496100426
861    11.6864380836
828    11.7179989815
820    11.7499859333
824    11.7934679985
861    11.8368549347
859    11.873691082
802    11.9038879871
836    11.9374790192
861    11.9657320976
932    11.998415947
895    12.0413241386
893    12.0721271038
891    12.1038279533
903    12.1363210678
903    12.1833949089
895    12.2174320221
905    12.2458751202
893    12.2822680473
924    12.3250620365
909    12.3630449772
911    12.3980569839
963    12.4379799366
924    12.4728391171
945    12.4977140427
947    12.5322470665
911    12.5717709064
926    12.6080400944
1064    12.6502211094
946    12.6769120693
937    12.7083599567
959    12.7401571274
944    12.7719631195
940    12.8188979626
964    12.846036911
966    12.876912117
962    12.9162170887
960    12.9567050934
1011    12.9942600727
994    13.0225219727
994    13.0607759953
963    13.0973329544
1101    13.1332170963
995    13.1563820839
1012    13.1894779205
1013    13.227517128
974    13.2657461166
1008    13.2938480377
1010    13.3264529705
1023    13.3568840027
1023    13.3913331032
1023    13.4347951412
1023    13.4734051228
1061    13.5068659782
1150    13.5322449207
1023    13.5659880638
1061    13.5949869156
1080    13.6322579384
1060    13.6756589413
1181    13.7069580555
1077    13.7383439541
1077    13.7816069126
1181    13.819865942
1078    13.8571131229
1110    13.890583992
1077    13.9242119789
1084    13.9692559242
1099    13.9943101406
1095    14.0376291275
1096    14.0642499924
1115    14.0963020325
1098    14.126306057
1084    14.1650381088
1116    14.2014799118
1083    14.2355060577
1078    14.2733530998
1092    14.3016691208
1093    14.3387699127
1183    14.3818471432
1083    14.4232900143
1080    14.4555361271
1075    14.4979999065
1064    14.531537056
1083    14.5552060604
1063    14.5937929153
1055    14.6222190857
1063    14.6556239128
1023    14.6939799786
1062    14.7273859978
1061    14.766628027
1065    14.7970600128
1064    14.8283619881
1065    14.8565900326
1061    14.895031929
1023    14.9330890179
1023    14.9626159668
1023    14.9922780991
1023    15.0288491249
1060    15.0703799725
1023    15.1087660789
1023    15.1572520733
1023    15.2004480362
1050    15.227396965
1023    15.2603030205
1023    15.298167944
1022    15.3301119804
1023    15.3663721085
1023    15.4069690704
1008    15.4405329227
1023    15.4737229347
1023    15.5152230263
979    15.5417850018
1023    15.5768771172
1062    15.6152939796
1063    15.6587049961
1062    15.687664032
1023    15.7205440998
1022    15.7640581131
1022    15.8066101074
1023    15.8450360298
1023    15.8874020576
1080    15.920871973
1078    15.9593060017
1079    16.0024719238
1079    16.0332920551
1095    16.0768680573
1066    16.1152341366
1083    16.1471121311
1111    16.1902890205
1151    16.2319660187
1145    16.2738530636
1147    16.3119361401
1250    16.3509471416
1180    16.388958931
1181    16.4196929932
1174    16.447799921
1174    16.4809749126
1198    16.5112221241
1219    16.545814991
1246    16.5804431438
1249    16.6050801277
1244    16.6498339176
1210    16.6845231056
1232    16.724157095
1336    16.7588391304
1214    16.7884249687
1248    16.818046093
1264    16.8515880108
1264    16.8849921227
1330    16.9286370277
1248    16.9632649422
1266    16.9978349209
1332    17.0274469852
1213    17.0671079159
1227    17.0915980339
1231    17.1271760464
1202    17.1580080986
1196    17.2013430595
1213    17.2384600639
1218    17.270015955
1321    17.3048460484
1211    17.3320901394
1178    17.3840389252
1270    17.4165680408
1145    17.453248024
1164    17.4846611023
1144    17.5124959946
1168    17.5519070625
1129    17.5897159576
1160    17.6330459118
1130    17.6598191261
1130    17.6953580379
1150    17.748100996
1092    17.7769200802
1101    17.8101511002
1140    17.8535161018
1097    17.8916361332
1130    17.9233350754
1129    17.9554100037
1112    17.9840610027
1092    18.012524128
1127    18.0458860397
1097    18.0744290352
1095    18.1127419472
1217    18.1547601223
1095    18.1928460598
1098    18.2236011028
1084    18.2544190884
1112    18.2829020023
