2300    0.0378270149231
2299    0.081109046936
2314    0.119286060333
2324    0.149899959564
2323    0.185909032822
2332    0.223389863968
2329    0.251283884048
2342    0.286520957947
2334    0.324905872345
2352    0.358057022095
2356    0.396370887756
2347    0.429703950882
2484    0.460265874863
2365    0.504119873047
2367    0.54262304306
2383    0.575154066086
2492    0.608177900314
2503    0.651169061661
2387    0.689105987549
2524    0.71705198288
2413    0.750454902649
2411    0.793732881546
2434    0.825551986694
2418    0.862725973129
2448    0.892041921616
2447    0.924198865891
2448    0.967774868011
2468    1.01466584206
2476    1.05623102188
2486    1.09393501282
2483    1.1247689724
2501    1.15556192398
2511    1.18670988083
2510    1.22438287735
2526    1.25686001778
2530    1.28895497322
2636    1.32044291496
2539    1.36419796944
2546    1.41481995583
2546    1.45810604095
2664    1.49619984627
2544    1.52467393875
2544    1.55821800232
2543    1.5870039463
2511    1.62016701698
2492    1.65026187897
2463    1.68488407135
2432    1.7144138813
2432    1.74912190437
2371    1.78873586655
2329    1.82666802406
2284    1.86906003952
2269    1.90250396729
2237    1.94079899788
2224    1.96911287308
2322    2.00163888931
2200    2.03531384468
2190    2.06406807899
2195    2.09784197807
2172    2.13652586937
2172    2.17533588409
2144    2.20440196991
2128    2.24803185463
2118    2.29136800766
2130    2.33416604996
2104    2.37278699875
2109    2.40708398819
2225    2.44361305237
2085    2.47474193573
2070    2.53047800064
2065    2.56490087509
2057    2.60819506645
2033    2.64654493332
2037    2.67473697662
2042    2.7113468647
2138    2.74993491173
2031    2.78179502487
2004    2.82517194748
2005    2.86741900444
1994    2.90627598763
1991    2.94426989555
2114    2.98256802559
1994    3.01999306679
1985    3.05803203583
2100    3.08641386032
1987    3.12463402748
1979    3.150867939
1984    3.18930101395
1970    3.23283600807
1976    3.26969099045
1982    3.29650807381
1977    3.3396320343
1984    3.3661429882
1980    3.40008807182
1982    3.42981886864
1982    3.46107792854
1977    3.4923119545
1959    3.530397892
1985    3.56582593918
1984    3.60904502869
1976    3.65262985229
1982    3.68753004074
1986    3.72309088707
1985    3.75803184509
1983    3.78831505775
1976    3.81522107124
2096    3.8529009819
1978    3.87957501411
1978    3.91110086441
2085    3.94693899155
1985    3.98370885849
1980    4.01553988457
1996    4.05756306648
1989    4.10446286201
1993    4.14276194572
1993    4.18046092987
1994    4.21844387054
1995    4.25259399414
1992    4.28246307373
1996    4.31232094765
2006    4.34760499001
2007    4.38567304611
2006    4.41946601868
2010    4.45826506615
2009    4.49704289436
2008    4.53074407578
2008    4.55989599228
2015    4.60365605354
2027    4.63295006752
2018    4.67636704445
2021    4.71957206726
2020    4.74444198608
2023    4.78076100349
2020    4.80451607704
2033    4.84369301796
2022    4.88181400299
2036    4.92986798286
2042    4.97758388519
2042    5.01107597351
2040    5.03455996513
2041    5.06847405434
2041    5.11159706116
2056    5.15342187881
2065    5.17834186554
2055    5.21722102165
2061    5.2447180748
2070    5.27799701691
2067    5.316177845
2078    5.35037493706
2086    5.39601707458
2077    5.43341088295
2039    5.47674584389
2111    5.5145418644
2032    5.54961585999
2025    5.57640695572
2037    5.61831688881
2038    5.65352606773
2037    5.69140195847
2048    5.72091984749
2035    5.75542497635
2056    5.78264498711
2049    5.81645393372
2060    5.86210393906
2071    5.89901900291
2063    5.94229507446
2072    5.98028087616
2087    6.02141094208
2085    6.05979585648
2084    6.10311293602
2103    6.14672994614
2107    6.17964792252
2100    6.21467399597
2216    6.24310994148
2103    6.27674102783
2119    6.31976985931
2122    6.34896707535
2231    6.38705897331
2130    6.4339120388
2133    6.4719388485
2144    6.50301790237
2162    6.53189587593
2257    6.5635008812
2257    6.59631586075
2164    6.62404799461
2164    6.6567158699
2184    6.68455791473
2293    6.72248506546
2175    6.75016903877
2190    6.79300785065
2194    6.82072496414
2216    6.8585050106
2225    6.89125490189
2342    6.92395305634
2245    6.95647907257
2234    6.98387384415
2256    7.016685009
2272    7.04434585571
2275    7.07705307007
2274    7.11481285095
2288    7.14251685143
2302    7.18031787872
2313    7.20802593231
2318    7.23575687408
2335    7.26852202415
2340    7.3014960289
2463    7.32703995705
2373    7.36050200462
2363    7.39357089996
2388    7.43169188499
2494    7.45984506607
2395    7.49294304848
2407    7.53121399879
2521    7.56480789185
2411    7.59191703796
2520    7.62607502937
2419    7.66107296944
2418    7.69710588455
2422    7.72884893417
2419    7.76059007645
2407    7.78853201866
2410    7.82711696625
2406    7.8743698597
2400    7.90203785896
2397    7.93653202057
2392    7.97957587242
2403    8.01247406006
2380    8.04025101662
2382    8.07311487198
2379    8.10081601143
2371    8.13870787621
2365    8.17134785652
2456    8.2091999054
2450    8.23707294464
2344    8.2748799324
2332    8.31931591034
2317    8.35200095177
2318    8.38031697273
2310    8.41656088829
2323    8.44572591782
2316    8.47674894333
2300    8.50505304337
2301    8.53838896751
2303    8.58369588852
2296    8.62090301514
2298    8.65142297745
2285    8.68690800667
2295    8.71258592606
2282    8.7508020401
2380    8.78902387619
2270    8.82573199272
2384    8.86181998253
2280    8.90442585945
2256    8.94308900833
2265    8.97530007362
2262    9.00710391998
2253    9.03900694847
2258    9.08239388466
2257    9.11715698242
2259    9.15206289291
2256    9.20208597183
2268    9.23473501205
2258    9.26743006706
2235    9.30020189285
2356    9.33293890953
2249    9.36056303978
2264    9.39872503281
2269    9.42639899254
2288    9.46416187286
2292    9.49940800667
2326    9.53110098839
2293    9.57243800163
2303    9.59917998314
2303    9.63631796837
2293    9.67468285561
2299    9.70532107353
2310    9.74080896378
2326    9.77895402908
2317    9.8058450222
2324    9.84051799774
2315    9.88324785233
2335    9.92793798447
2338    9.96045994759
2328    9.99863386154
2359    10.0373649597
2359    10.0610489845
2348    10.0996999741
2374    10.1232559681
2376    10.1584320068
2363    10.1964540482
2392    10.2345938683
2388    10.2733690739
2390    10.3165030479
2504    10.3499019146
2396    10.3777918816
2403    10.4125299454
2393    10.4455399513
2419    10.4823029041
2408    10.5208768845
2409    10.5590729713
2424    10.5899579525
2424    10.6273880005
2432    10.6629638672
2438    10.7067348957
2435    10.7450969219
2452    10.7735579014
2456    10.807352066
2463    10.8381838799
2478    10.8689899445
2489    10.9007680416
2494    10.9324438572
2486    10.9690759182
2472    11.0062658787
2456    11.0496518612
2432    11.098056078
2439    11.1365408897
2452    11.1799650192
2455    11.2105710506
2477    11.2405920029
2486    11.2687580585
2492    11.302177906
2492    11.3339869976
2500    11.3647339344
2623    11.4079668522
2532    11.4441800117
2532    11.4920079708
2526    11.4985489845
2538    11.5298979282
0    11.5579998493
2670    11.5708720684
2553    11.6009368896
2670    11.6090838909
2535    11.6402480602
0    11.6736588478
2540    11.6821799278
2522    11.7302339077
2534    11.738049984
2488    11.7846159935
2478    11.7911479473
2559    11.8111929893
2443    11.8618249893
2419    11.9089119434
2424    11.9357030392
2411    11.9739699364
2422    11.9976539612
2417    12.036356926
2403    12.0751769543
2393    12.1040120125
2382    12.1359400749
2362    12.1743090153
2362    12.2126379013
2465    12.2507240772
2336    12.2859740257
2311    12.3310899734
2316    12.3644008636
2425    12.3954999447
2298    12.4182188511
2291    12.4559569359
2292    12.4916050434
2270    12.5200848579
2256    12.5528738499
2250    12.5812458992
2263    12.6178328991
2245    12.6559400558
2242    12.6893229485
2224    12.7176499367
2218    12.7544999123
2209    12.7979178429
2207    12.840542078
2196    12.8675470352
2196    12.8993868828
2183    12.9304449558
2181    12.957901001
2187    12.9966650009
2186    13.034927845
2164    13.0784330368
2279    13.1219139099
2164    13.1601419449
2150    13.1968479156
2155    13.2295460701
2155    13.2606339455
2158    13.295101881
2149    13.3335130215
2150    13.3763940334
2155    13.4024779797
2162    13.4431838989
2264    13.4811990261
2286    13.5072588921
2166    13.5497739315
2166    13.5764410496
2173    13.613175869
2173    13.6385009289
2173    13.6737570763
2165    13.7118289471
2164    13.7391350269
2170    13.7741360664
2161    13.8027749062
2165    13.8350920677
2166    13.8740019798
2284    13.9277398586
2164    13.9657659531
2184    13.9965310097
2179    14.0276958942
2181    14.0638489723
2174    14.1024880409
2181    14.1408748627
2179    14.1843929291
2175    14.2232329845
2192    14.2714848518
2196    14.31397295
2196    14.3517320156
2204    14.3815178871
2310    14.4162318707
2198    14.4411158562
2207    14.4759750366
2206    14.5058729649
2219    14.5360069275
2211    14.5682239532
2210    14.5958249569
2220    14.6477019787
2205    14.6908419132
2233    14.718711853
2226    14.7471349239
2236    14.7845730782
2236    14.8229608536
2234    14.8528769016
2299    14.8826708794
2338    14.9170079231
2208    14.9600789547
2192    15.0005328655
2211    15.0286328793
2217    15.0665519238
2205    15.0945179462
2214    15.1274440289
2211    15.1554038525
2230    15.1883208752
2233    15.2200698853
2232    15.2521369457
2253    15.2838349342
2244    15.3298540115
2268    15.3607699871
2266    15.3976500034
2249    15.4262609482
2262    15.4612240791
2268    15.4942500591
2391    15.5220520496
2275    15.5601119995
2298    15.5966389179
2297    15.631125927
2288    15.6688978672
2311    15.7007339001
2303    15.7443449497
2318    15.78774786
2334    15.8320739269
2470    15.8817989826
2350    15.9188289642
2365    15.9510309696
2379    15.9842460155
2392    16.0212168694
2398    16.0593709946
2413    16.0974419117
2436    16.12844491
2428    16.1718289852
2443    16.2089688778
2442    16.23711586
2559    16.2700989246
2463    16.2995040417
2479    16.3327760696
2477    16.3704659939
2501    16.4029700756
2496    16.435354948
2512    16.4626288414
2649    16.4954099655
2549    16.5309178829
2551    16.5583138466
2551    16.5860190392
2555    16.6240720749
2559    16.6602489948
2542    16.6877548695
2525    16.715182066
2502    16.7529728413
2472    16.79103899
2473    16.8218359947
2452    16.8530299664
2440    16.8843438625
2432    16.9275159836
2432    16.9774348736
2415    17.0152440071
2424    17.0535979271
2423    17.091340065
2421    17.1237049103
2528    17.1560530663
2418    17.1933629513
2387    17.2260839939
2393    17.2541089058
2384    17.2919838428
2382    17.3298199177
2366    17.3576290607
2362    17.3904359341
2351    17.4186429977
2342    17.4518759251
2344    17.4833049774
2335    17.5186159611
2339    17.5492930412
2325    17.5846068859
2325    17.6207239628
2296    17.6536259651
2303    17.6920399666
2293    17.7187230587
2299    17.7541110516
2288    17.7822749615
