2296    0.0284810066223
2303    0.0669500827789
2316    0.100111961365
2314    0.128108024597
2328    0.163954019547
2331    0.198014974594
2330    0.225759029388
2347    0.269009113312
2351    0.302680969238
2348    0.340264081955
2364    0.383500099182
2357    0.416777133942
2384    0.465132951736
2387    0.503433942795
2404    0.529618024826
2405    0.562633037567
2424    0.590538978577
2434    0.629107952118
2451    0.667518138885
2456    0.704093933105
2462    0.745723962784
2477    0.783854007721
2485    0.818581104279
2491    0.8431661129
2595    0.875675916672
2498    0.906546115875
2498    0.937551021576
2515    0.965940952301
2511    1.00928711891
2511    1.04780101776
2512    1.07579612732
2512    1.11457395554
2496    1.15137290955
2498    1.18884110451
2478    1.22543096542
2444    1.2555501461
2417    1.28735995293
2384    1.31932592392
2501    1.35615706444
2327    1.39194107056
2290    1.42925000191
2249    1.45996904373
2226    1.48780608177
2217    1.52430105209
2200    1.55563306808
2183    1.5986521244
2175    1.62862110138
2166    1.67618513107
2150    1.71964693069
2136    1.76245999336
2120    1.79538202286
2117    1.82341194153
2120    1.8564889431
2105    1.8845410347
2109    1.91796302795
2095    1.94604301453
2093    1.98947405815
2078    2.01786613464
2074    2.05134105682
2077    2.08339905739
2055    2.11729192734
2057    2.15656614304
2043    2.19917297363
2039    2.22516608238
2031    2.25643110275
2028    2.2871940136
2032    2.32097291946
2014    2.35113310814
2013    2.38166713715
2124    2.41224098206
1995    2.44778895378
2000    2.47785711288
1999    2.51010513306
1985    2.55761504173
1985    2.59380507469
1977    2.62562608719
1971    2.65389108658
2074    2.68738913536
1958    2.73013997078
1967    2.76117706299
1954    2.79174995422
1963    2.81861305237
1960    2.8519949913
1958    2.89523410797
1953    2.93325996399
2061    2.96922802925
1951    3.00805497169
1940    3.03593301773
2058    3.06759691238
2061    3.09904193878
1944    3.1279630661
2055    3.1617910862
1945    3.2051179409
1941    3.24797391891
1946    3.29194498062
1946    3.33536601067
1941    3.37232398987
1937    3.4148709774
1965    3.44395112991
1962    3.47727894783
1961    3.52118110657
1978    3.55957698822
1977    3.60264396667
1975    3.64337801933
1974    3.67160511017
1974    3.70882892609
1976    3.74660110474
1984    3.77451705933
2099    3.81123709679
1977    3.84295797348
1999    3.87466907501
1991    3.90655112267
1994    3.94992899895
2108    3.98823714256
2004    4.01811504364
2009    4.04603409767
2115    4.08382797241
2004    4.12474393845
2010    4.15307211876
2127    4.18622612953
2006    4.2294819355
2024    4.2602250576
2027    4.29082608223
2026    4.33699393272
2024    4.37513709068
2020    4.4085290432
2040    4.45185399055
2038    4.49030804634
2036    4.5283601284
2152    4.56135106087
2059    4.59364700317
2063    4.62542891502
2049    4.65719604492
2063    4.68750905991
2064    4.7225921154
2052    4.76039004326
2039    4.80331993103
2155    4.83515810966
2043    4.86712312698
2040    4.91046094894
2040    4.93716096878
2038    4.97561693192
2164    5.01463103294
2047    5.05297493935
2047    5.08530402184
2053    5.12360811234
2070    5.15670394897
2070    5.18459701538
2088    5.24476408958
2093    5.28490900993
2095    5.31037902832
2217    5.34696698189
2101    5.38576197624
2218    5.41746902466
2111    5.44891810417
2108    5.4773619175
2111    5.51768112183
2109    5.55552196503
2119    5.60138106346
2129    5.64163398743
2144    5.66855692863
2132    5.70185899734
2256    5.73454904556
2262    5.76780700684
2148    5.80615091324
2174    5.84131598473
2165    5.87729692459
2181    5.91036891937
2192    5.94045805931
2189    5.9764649868
2201    6.01260900497
2320    6.04433703423
2218    6.07664108276
2226    6.12016701698
2232    6.14715909958
2238    6.1804831028
2259    6.2125890255
2255    6.2434489727
2271    6.28629302979
2270    6.33290505409
2296    6.37480711937
2320    6.41839408875
2332    6.46088695526
2334    6.49896407127
2361    6.53070092201
2364    6.57312202454
2380    6.61139512062
2377    6.64343595505
2403    6.68218898773
2413    6.72604107857
2422    6.754789114
2416    6.79545211792
2419    6.82747411728
2405    6.86571311951
2406    6.90898394585
2411    6.94721603394
2396    6.99060201645
2397    7.03387904167
2390    7.0714161396
2393    7.10838699341
2407    7.14514112473
2390    7.1868519783
2376    7.22885704041
2377    7.26704192162
2364    7.29536294937
2367    7.33381795883
2367    7.37239694595
2365    7.40358495712
2354    7.43548202515
2471    7.4664580822
2350    7.50985813141
2340    7.55233001709
2330    7.58922314644
2324    7.6361451149
2316    7.66733598709
2320    7.6984629631
2427    7.74155211449
2309    7.77670311928
2310    7.81873202324
2303    7.8570959568
2285    7.89496612549
2411    7.93343496323
2287    7.97194099426
2280    8.0144109726
2278    8.0523660183
2268    8.0846259594
2272    8.12643814087
2385    8.17333698273
2248    8.21130990982
2262    8.24190497398
2264    8.27364206314
2366    8.30509209633
2266    8.33622598648
2268    8.36972594261
2256    8.41317796707
2367    8.43924212456
2242    8.47326111794
2237    8.50871992111
2250    8.53450608253
2250    8.56677293777
2242    8.59419107437
2363    8.63216304779
2240    8.65900993347
2367    8.69115710258
2267    8.72292995453
2259    8.76506710052
2259    8.80810403824
2256    8.84493398666
2275    8.88103795052
2282    8.9076321125
2280    8.94022011757
2272    8.97535705566
2268    9.01226711273
2278    9.04767608643
2296    9.07336902618
2297    9.10751199722
2292    9.14329004288
2296    9.17905306816
2290    9.21456503868
2412    9.2422940731
2300    9.27491497993
2302    9.30362796783
2330    9.33869504929
2317    9.38105010986
2326    9.41938591003
2328    9.46276712418
2450    9.50603199005
2360    9.53242397308
2361    9.56678414345
2345    9.59112596512
2359    9.62598609924
2474    9.66965198517
2373    9.71144104004
2496    9.74977612495
2377    9.79307293892
2393    9.83575105667
2401    9.87428212166
2409    9.91734409332
2428    9.95582795143
2442    9.99905014038
2457    10.0404419899
2468    10.0863659382
2468    10.1247501373
2492    10.1489200592
2489    10.1834719181
2497    10.2119119167
2523    10.2465319633
2534    10.2884740829
2535    10.3253700733
2549    10.3572130203
2552    10.3880851269
2570    10.4217920303
2569    10.4557309151
2559    10.4826939106
2656    10.5289261341
2528    10.5672969818
2512    10.6102979183
2490    10.6374320984
2463    10.6791520119
2440    10.7163500786
2448    10.7482340336
2424    10.7920370102
2423    10.8354759216
2414    10.8606669903
2390    10.8890359402
2375    10.9276659489
2378    10.9733419418
2475    11.0069410801
2352    11.0351359844
2352    11.0767900944
2344    11.1024999619
2315    11.1360321045
2310    11.1675291061
2302    11.1984410286
2286    11.2289190292
2288    11.2628450394
2288    11.3062491417
2280    11.3429679871
2278    11.3745279312
2265    11.4103400707
2261    11.4462990761
2240    11.4844560623
2237    11.5156040192
2232    11.5495269299
2233    11.5764000416
2335    11.6199469566
2211    11.6578321457
2207    11.6927750111
2199    11.7306671143
2206    11.7635171413
2197    11.8042719364
2303    11.8288619518
2175    11.8671021461
2175    11.9103960991
2179    11.94571805
2175    11.9789409637
2174    12.0146179199
2287    12.0509021282
2173    12.0882461071
2173    12.1272349358
2162    12.165364027
2163    12.2057890892
2166    12.2337610722
2175    12.2667610645
2159    12.2947890759
2157    12.3278291225
2166    12.3559720516
2154    12.3940079212
2149    12.4319739342
2156    12.4600081444
2157    12.4930391312
2150    12.5212781429
2160    12.5594661236
2150    12.5874350071
2144    12.6244180202
2168    12.6526269913
2165    12.6851820946
2146    12.7159950733
2157    12.7497239113
2171    12.7754740715
2166    12.8091049194
2174    12.8398370743
2165    12.8823361397
2173    12.9261391163
2168    12.9695589542
2167    13.0075500011
2168    13.0372340679
2172    13.0719411373
2159    13.1017649174
2161    13.1348991394
2172    13.1831419468
2179    13.2163341045
2184    13.2514081001
2178    13.2937791348
2175    13.3319549561
2179    13.3601109982
2194    13.3936669827
2191    13.4224479198
2196    13.4582459927
2203    13.4888489246
2194    13.5221099854
2217    13.5704591274
2213    13.6137261391
2209    13.652148962
2212    13.6957280636
2228    13.733905077
2229    13.7664880753
2231    13.7991969585
2234    13.8311359882
2240    13.8642530441
2249    13.8942761421
2261    13.9237070084
2265    13.9636650085
2260    13.9968481064
2378    14.0344750881
2275    14.0660409927
2276    14.0953741074
2293    14.1271810532
2402    14.159099102
2297    14.191380024
2301    14.2349441051
2310    14.2598419189
2301    14.3001680374
2317    14.3451550007
2325    14.3750429153
2341    14.4150221348
2463    14.4499890804
2360    14.4849600792
2365    14.5149891376
2358    14.5502841473
2390    14.5886189938
2407    14.6212010384
2412    14.6644489765
2412    14.7072761059
2424    14.7436869144
2440    14.7955710888
2448    14.82249403
2447    14.8664939404
2477    14.9033069611
2596    14.9313659668
2501    14.9643249512
2498    14.9971740246
2504    15.0237650871
2526    15.0612010956
2535    15.1077480316
2654    15.1448390484
2559    15.2011480331
2578    15.2347350121
2596    15.2676551342
2571    15.3033900261
2648    15.3312840462
2551    15.3609740734
2521    15.3985280991
2614    15.4414420128
2470    15.4745271206
2466    15.511277914
2466    15.5368869305
2452    15.5796120167
2456    15.6077051163
2463    15.6395590305
2445    15.6720840931
2548    15.7048010826
2439    15.7480909824
2424    15.7910649776
2410    15.8434140682
2526    15.878991127
2400    15.9147589207
2404    15.9404020309
2391    15.9759619236
2392    16.0066001415
2382    16.0472941399
2373    16.0781230927
2359    16.1106660366
2352    16.1436331272
2333    16.1744329929
2339    16.2168049812
2323    16.2599110603
2326    16.2959470749
2316    16.3217740059
2313    16.3575620651
2312    16.3877589703
2300    16.4198179245
2296    16.4564080238
2284    16.4920051098
2273    16.5238649845
2273    16.5552461147
2266    16.5819580555
2272    16.6136639118
2255    16.6452240944
2261    16.6769769192
2258    16.7086079121
2268    16.7406489849
2258    16.7719209194
2233    16.8151750565
2250    16.8453969955
2241    16.8813390732
2234    16.9269580841
2251    16.9625930786
2250    16.9935369492
2225    17.022233963
2241    17.0556869507
2237    17.0864601135
2230    17.119328022
2344    17.151777029
2223    17.1947190762
2334    17.2368149757
2221    17.2802839279
2230    17.3267230988
2226    17.3646941185
2236    17.3957030773
2233    17.4264519215
2224    17.4584131241
2232    17.4948070049
2234    17.5313270092
2219    17.5628819466
2233    17.5940909386
2238    17.6253991127
2235    17.6535470486
2226    17.6854879856
2248    17.7162299156
2240    17.7443869114
2249    17.7776319981
2240    17.8055949211
2254    17.8432250023
2256    17.8871350288
2251    17.9257190228
2268    17.9684920311
2278    18.0017421246
2280    18.0298879147
2405    18.0687229633
2297    18.1069579124
2297    18.1504471302
2317    18.1941111088
2432    18.2277460098
2332    18.2606930733
2329    18.2936780453
2349    18.3418929577
2361    18.3752110004
2376    18.41862607
2379    18.4617071152
