2283    0.0278589725494
2288    0.0649919509888
2281    0.108247995377
2295    0.147193908691
2278    0.175488948822
2291    0.218628883362
2289    0.24675488472
2291    0.279867887497
2288    0.308042049408
2287    0.336760044098
2383    0.375421047211
2409    0.411572933197
2314    0.446446895599
2312    0.47202205658
2303    0.496325016022
2302    0.528100967407
2396    0.570528030396
2297    0.593903064728
2301    0.627454042435
2301    0.65589094162
2324    0.68879199028
2326    0.728173971176
2301    0.765930891037
2419    0.793294906616
2320    0.826195955276
2303    0.868325948715
2303    0.91188788414
2300    0.954082012177
2303    1.00093889236
2302    1.03933501244
2402    1.07238888741
2297    1.10511302948
2300    1.14825510979
2300    1.19109988213
2300    1.23958396912
2299    1.28294610977
2309    1.32113790512
2309    1.35259699821
2310    1.38936805725
2397    1.41744208336
2303    1.4538640976
2300    1.49215102196
2412    1.52213096619
2402    1.55731511116
2303    1.59122800827
2302    1.61933207512
2301    1.64758992195
2298    1.68083691597
2309    1.71930909157
2303    1.76252102852
2303    1.7902970314
2292    1.82307291031
2294    1.85139203072
2301    1.88491606712
2325    1.91812300682
2303    1.94802594185
2303    1.98013305664
2296    2.01207399368
2422    2.04393410683
2319    2.07593393326
2311    2.11311006546
2315    2.16006207466
2317    2.19870090485
2315    2.2418179512
2321    2.27787208557
2325    2.31170511246
2326    2.34607791901
2416    2.38294911385
2315    2.41107606888
2328    2.44736099243
2316    2.48484396935
2317    2.51383709908
2317    2.54242300987
2303    2.57526302338
2312    2.61529397964
2323    2.64986109734
2321    2.67986011505
2327    2.71515798569
2319    2.75474500656
2318    2.79838204384
2328    2.8301179409
2311    2.85700702667
2313    2.89365100861
2412    2.93158698082
2315    2.97288298607
2316    3.00045490265
2314    3.03915810585
2321    3.07735991478
2315    3.12061905861
2317    3.16400694847
2314    3.20192098618
2316    3.23369693756
2331    3.27707910538
2426    3.31930589676
2337    3.34518790245
2341    3.39555692673
2341    3.43804311752
2327    3.44253110886
2339    3.46174311638
0    3.49635004997
2339    3.50604605675
2325    3.53084397316
0    3.5619559288
2335    3.56932711601
2330    3.60512495041
0    3.64165592194
2335    3.64980697632
2343    3.68839788437
2334    3.71596908569
2329    3.74858903885
2331    3.79056406021
2335    3.82969689369
2330    3.8634018898
2437    3.89728593826
2434    3.92083406448
2343    3.95980000496
2332    3.9978530407
2330    4.03557109833
2332    4.06913709641
2335    4.106746912
2335    4.14500689507
2335    4.18284106255
2335    4.21630597115
2424    4.24962711334
2356    4.27683806419
2358    4.30674695969
2352    4.34004306793
2361    4.37373209
2353    4.41669893265
2353    4.4441640377
2346    4.476583004
2353    4.50395298004
2350    4.54135990143
2355    4.58880209923
2350    4.62137508392
2354    4.65333294868
2445    4.68465590477
2362    4.71624302864
2350    4.74291110039
2357    4.77490496635
2359    4.80525994301
2350    4.84018611908
2361    4.86935091019
2362    4.91810107231
2358    4.95379090309
2352    4.98883104324
2350    5.02643609047
2372    5.05650210381
2373    5.09143090248
2469    5.12639093399
2374    5.15668511391
2374    5.19600296021
2373    5.23098993301
2463    5.26602196693
2359    5.31125593185
2370    5.34624409676
2377    5.3765630722
2373    5.41164302826
2365    5.44157791138
2367    5.47173690796
2360    5.51191091537
2367    5.53799390793
2365    5.57067489624
2376    5.60473299026
2367    5.63120603561
2358    5.66454195976
2371    5.69479799271
2361    5.7352540493
2465    5.76795697212
2374    5.79868602753
2366    5.82709908485
2356    5.86384510994
2371    5.8898088932
2364    5.92290902138
2461    5.95352196693
2367    5.99423503876
2382    6.02996301651
2378    6.06064510345
2381    6.09301590919
2378    6.14531803131
2381    6.18929004669
2382    6.21784090996
2487    6.24965906143
2377    6.29273200035
2389    6.32481503487
2386    6.36385703087
2362    6.39265704155
2375    6.42840600014
2357    6.46377706528
2363    6.50716090202
2365    6.54059410095
2364    6.56895208359
2367    6.60191011429
2359    6.63549089432
2366    6.6743619442
2389    6.71385598183
2380    6.75196290016
2363    6.77860498428
2376    6.81329298019
2389    6.84305596352
2392    6.88277411461
2379    6.92125511169
2383    6.95301389694
2385    6.990899086
2380    7.02635908127
2378    7.0570909977
2389    7.0876159668
2380    7.11838102341
2406    7.15412807465
2406    7.17986989021
2391    7.21780610085
2394    7.26127099991
2396    7.30456209183
2405    7.33958005905
2403    7.38857603073
2395    7.42527103424
2406    7.45676589012
2403    7.48714399338
2498    7.52123308182
2396    7.55044198036
2477    7.58953809738
2387    7.62875294685
2403    7.65327596664
2398    7.68496704102
2395    7.72375607491
2398    7.76257109642
2488    7.79134988785
2400    7.82012200356
2395    7.85374999046
2400    7.88748788834
2407    7.9212539196
2404    7.95500993729
2394    7.99890589714
2407    8.03229403496
2389    8.0645198822
2377    8.09585404396
2378    8.13814997673
2378    8.18171596527
2380    8.22448611259
2381    8.26311707497
2378    8.30676102638
2383    8.34565711021
2406    8.38428711891
2397    8.4142229557
2403    8.44947290421
2395    8.4795229435
2382    8.51361489296
2385    8.55325603485
2379    8.59293293953
2384    8.62254905701
2388    8.6572060585
2379    8.70163798332
2475    8.73911809921
2390    8.76875901222
2389    8.79833197594
2483    8.83288502693
2386    8.86764097214
2386    8.90752792358
2380    8.94603204727
2380    8.98943400383
2463    9.02797102928
2473    9.05589604378
2362    9.09105300903
2379    9.12962198257
2366    9.1665790081
2471    9.20243501663
2367    9.2366399765
2367    9.26285600662
2364    9.30139803886
2374    9.32824110985
2467    9.36474204063
2363    9.40818595886
2361    9.44672989845
2463    9.4845969677
2365    9.51806211472
2364    9.56159496307
2366    9.5982298851
2372    9.63134598732
2356    9.67958498001
2364    9.72316598892
2367    9.75150895119
2369    9.78485894203
2361    9.82893300056
2370    9.85548996925
2365    9.88881993294
2354    9.93236494064
2364    9.98554396629
2445    10.0288100243
2349    10.0670900345
2351    10.1053519249
2360    10.1390450001
2352    10.1767089367
2444    10.2132599354
2358    10.244551897
2455    10.2766180038
2354    10.3084189892
2352    10.3413929939
2352    10.3784530163
2352    10.414880991
2349    10.4574580193
2342    10.5005741119
2359    10.5237820148
2359    10.5573511124
2341    10.5856459141
2344    10.6189498901
2360    10.654804945
2339    10.685749054
2331    10.7193648815
2435    10.7469420433
2341    10.7794220448
2330    10.8252859116
2438    10.8714399338
2331    10.9060919285
2332    10.9341371059
2336    10.9681420326
2335    11.0023438931
2335    11.0415461063
2339    11.0706579685
2330    11.1147809029
2328    11.1492528915
2339    11.1813840866
2321    11.2134699821
2322    11.244879961
2315    11.2757749557
2320    11.3033139706
2325    11.3370249271
2325    11.3687880039
2303    11.4118380547
2313    11.4393899441
2323    11.4807879925
2319    11.5188090801
2412    11.5569429398
2325    11.5889921188
2329    11.6208720207
2320    11.6641991138
2324    11.7076940536
2320    11.7458848953
2323    11.7783269882
2320    11.8119618893
2303    11.8553380966
2313    11.8860349655
2293    11.9250850677
2310    11.9856688976
2310    12.0238010883
2301    12.030246973
2301    12.0553729534
0    12.086771965
2303    12.0943670273
2298    12.1272990704
0    12.1706569195
2310    12.1789159775
2303    12.2091350555
0    12.240197897
2406    12.262141943
2311    12.2781100273
2309    12.3014910221
0    12.3396530151
2303    12.3468670845
2301    12.3778169155
0    12.4095709324
2300    12.4166119099
2398    12.4642980099
2311    12.4714250565
2303    12.5203690529
2408    12.5621840954
2303    12.5896000862
2303    12.6212420464
2303    12.6521959305
2303    12.6843919754
2301    12.7285010815
2400    12.7666020393
2395    12.7977190018
2290    12.8344199657
2283    12.8802731037
2278