2288    0.0280361175537
2287    0.0616660118103
2286    0.0947201251984
2415    0.138782978058
2288    0.166244983673
2296    0.200355052948
2311    0.22958612442
2303    0.263549089432
2301    0.290899038315
2303    0.328481912613
2312    0.356247901917
2319    0.390299081802
2334    0.417783975601
2461    0.450577974319
2324    0.493973970413
2356    0.532006978989
2353    0.565202951431
2360    0.596832036972
2492    0.63823890686
2362    0.670767068863
2369    0.713068008423
2376    0.7453789711
2377    0.782989025116
2403    0.80961894989
2399    0.844245910645
2400    0.868876934052
2396    0.90354013443
2541    0.942985057831
2413    0.976593971252
2406    1.00976705551
2412    1.04213809967
2401    1.07557702065
2397    1.10988903046
2387    1.14491391182
2361    1.17979502678
2333    1.21467590332
2302    1.244535923
2275    1.27447605133
2240    1.30950403214
2215    1.33934211731
2211    1.36936211586
2335    1.40925812721
2188    1.43399095535
2167    1.467222929
2171    1.50100708008
2150    1.54019999504
2155    1.57193803787
2151    1.60374307632
2136    1.63853001595
2136    1.67688512802
2136    1.725055933
2121    1.75819206238
2114    1.79070305824
2236    1.82834100723
2100    1.86380600929
2111    1.89472699165
2214    1.92668008804
2090    1.95892000198
2079    1.98802900314
2206    2.02206492424
2073    2.05624604225
2052    2.09547710419
2063    2.1298661232
2038    2.17318105698
2037    2.20168495178
2045    2.23436307907
2022    2.26237106323
2017    2.29567694664
2149    2.32410097122
2018    2.35760903358
2008    2.39316797256
2005    2.43979406357
2014    2.47644996643
2006    2.5094909668
1991    2.55234193802
1984    2.59580898285
2132    2.6217019558
1997    2.65774798393
1978    2.68182110786
1976    2.71583104134
1981    2.75004410744
1982    2.78964495659
2110    2.83001112938
1985    2.85620594025
2105    2.88678312302
1987    2.92653512955
1976    2.97643613815
1981    3.00138092041
2111    3.0367231369
1984    3.06465697289
1973    3.09991598129
1984    3.13233399391
2091    3.16041707993
1981    3.19444990158
1985    3.22938299179
1978    3.26767802238
1977    3.30982494354
1979    3.35297703743
1986    3.38329792023
1975    3.42700600624
1986    3.46712708473
1978    3.49234700203
1984    3.52808594704
1982    3.56915807724
1973    3.60553407669
1973    3.63828492165
1989    3.66631197929
1992    3.70161390305
2002    3.73265790939
1995    3.76442193985
1991    3.80777001381
1993    3.84962296486
1991    3.87731790543
2000    3.92082309723
2123    3.95992398262
1994    3.98877906799
2004    4.02199792862
2006    4.06525301933
2003    4.10869693756
2006    4.14545106888
2012    4.17532205582
2137    4.21086597443
2033    4.23668694496
2023    4.27856492996
2153    4.31748390198
2028    4.3502869606
2040    4.38258504868
2031    4.41474509239
2044    4.44892501831
2045    4.47554898262
2040    4.51213502884
2054    4.5502910614
2187    4.59862709045
2056    4.63687610626
2055    4.67441892624
2199    4.70112013817
2081    4.73282194138
2074    4.77599191666
2090    4.81954908371
2096    4.85783696175
2114    4.88973498344
2103    4.9201669693
2110    4.95142292976
2110    4.99091410637
2108    5.03915309906
2115    5.0777630806
2111    5.12100291252
2124    5.1596300602
2138    5.20387506485
2130    5.2419860363
2163    5.27284097672
2159    5.3043859005
2151    5.33432102203
2151    5.3661301136
2291    5.39426994324
2187    5.44159412384
2179    5.47869205475
2193    5.52218604088
2196    5.57054805756
2341    5.60323190689
2228    5.64182209969
2219    5.67875099182
2241    5.7118499279
2240    5.75036001205
2265    5.79344701767
2268    5.82653307915
2277    5.85230994225
2280    5.88731193542
2287    5.92818212509
2303    5.96458601952
2317    5.99226808548
2312    6.02523303032
2458    6.06862092018
2332    6.10790705681
2478    6.15079903603
2371    6.1800339222
2388    6.21099805832
2381    6.24816393852
2399    6.30142998695
2412    6.33969593048
2432    6.36702895164
2419    6.40042209625
2446    6.43292212486
2443    6.4759979248
2550    6.50942611694
2428    6.55194401741
2415    6.57880306244
2549    6.6128320694
2387    6.64149212837
2400    6.67774701118
2389    6.72124004364
2385    6.75809311867
2392    6.7910759449
2397    6.82955503464
2394    6.86299991608
2409    6.89500308037
2398    6.92273497581
2396    6.9551949501
2404    6.9905860424
2397    7.03067111969
2389    7.05571007729
2509    7.1017229557
2377    7.14358901978
2363    7.17878603935
2365    7.21704602242
2359    7.24389910698
2354    7.27587890625
2352    7.3044219017
2350    7.34053397179
2339    7.37100505829
2332    7.40494799614
2323    7.44863510132
2324    7.49768996239
2326    7.52956295013
2303    7.56121706963
2302    7.60489296913
2295    7.64328312874
2285    7.68666410446
2281    7.73006391525
2287    7.76830101013
2272    7.80565404892
2410    7.8454709053
2314    7.87360692024
2257    7.90439295769
2267    7.94525694847
2251    7.98080396652
2268    8.00633907318
2265    8.04210209846
2260    8.06877994537
2240    8.11032700539
2250    8.14905309677
2251    8.18780303001
2380    8.21161413193
2242    8.24036598206
2248    8.2726149559
2367    8.31587910652
2252    8.35663890839
2243    8.39985799789
2235    8.43666195869
2230    8.48009991646
2238    8.51105308533
2229    8.55336999893
2249    8.59656500816
2250    8.63791704178
2382    8.67474508286
2236    8.73271298409
2240    8.76998305321
2244    8.80102205276
2397    8.83558797836
2392    8.8601899147
2265    8.89504003525
2275    8.93829894066
2283    8.97903895378
2289    9.01147007942
2302    9.05211305618
2312    9.09006595612
2319    9.11776304245
2321    9.15088605881
2316    9.18247795105
2333    9.21423101425
2333    9.25718712807
2347    9.2878370285
2353    9.32072997093
2377    9.37427210808
2387    9.41224598885
2397    9.4457859993
2414    9.47448205948
2408    9.50815200806
2400    9.54978704453
2425    9.57794499397
2424    9.61125898361
2440    9.64436197281
2432    9.68787002563
2451    9.72966098785
2451    9.75712299347
2499    9.78964209557
2478    9.81761312485
2467    9.85078907013
2493    9.88764595985
2482    9.92044496536
2493    9.95298910141
2523    9.98998808861
2512    10.02343297
2529    10.0551481247
2539    10.0900669098
2551    10.1297950745
2542    10.1548790932
2559    10.1897969246
2572    10.2196679115
2596    10.2543120384
2591    10.2826719284
2588    10.3108360767
2608    10.3448650837
2598    10.3876719475
2592    10.4188210964
2582    10.4543960094
2559    10.4947519302
2521    10.5276780128
2521    10.566352129
2496    10.6081271172
2498    10.6549510956
2483    10.7017769814
2469    10.7496540546
2440    10.7978410721
2434    10.8348069191
2408    10.8781039715
2392    10.9266021252
2382    10.9621651173
2499    10.9976730347
2358    11.0331850052
2342    11.0589470863
2321    11.0922560692
2319    11.1302239895
2314    11.1819150448
2414    11.2199161053
2277    11.2504451275
2259    11.2819011211
2255    11.3248441219
2388    11.3575229645
2240    11.3850660324
2352    11.4176840782
2364    11.4503290653
2219    11.4879491329
2196    11.5254809856
2200    11.5530030727
2196    11.5805261135
2180    11.6129639149
2175    11.6460039616
2164    11.6890399456
2174    11.712706089
2170    11.7497971058
2167    11.7799270153
2148    11.823184967
2157    11.8565449715
2157    11.8958621025
2277    11.9379150867
2138    11.9898760319
2136    12.0331311226
2136    12.0714900494
2135    12.1100399494
2136    12.1530759335
2262    12.1867790222
2138    12.2133200169
2139    12.2572491169
2139    12.2884879112
2132    12.3317790031
2137    12.375868082
2266    12.4144821167
2263    12.4578959942
2129    12.5009989738
2136    12.5387620926
2273    12.5702359676
2144    12.6018640995
2146    12.6329619884
2137    12.6763241291
2145    12.7116479874
2145    12.749546051
2146    12.7928309441
2162    12.8189890385
2148    12.8567240238
2136    12.8934619427
2142    12.9245049953
2157    12.9592819214
2152    12.986166954
2149    13.0144739151
2289    13.0503060818
2159    13.0804979801
2158    13.1237049103
2144    13.1620280743
2146    13.1990320683
2165    13.2464969158
2160    13.2833690643
2164    13.3255851269
2166    13.3521239758
2173    13.3841300011
2165    13.412719965
2182    13.4459030628
2183    13.4739749432
2185    13.5099170208
2181    13.5430579185
2325    13.5904021263
2189    13.6280419827
2325    13.6692640781
2201    13.7077410221
2205    13.7353320122
2221    13.7711720467
2227    13.8150689602
2228    13.8532941341
2236    13.8808469772
2236    13.9241170883
2241    13.9716880322
2242    14.0089440346
2257    14.0473361015
2381    14.0806009769
2254    14.1233301163
2272    14.1671221256
2277    14.2052550316
2280    14.2484791279
2285    14.2884290218
2286    14.3320069313
2311    14.3753271103
2319    14.4136841297
2329    14.4454190731
2325    14.4752459526
2337    14.5125899315
2340    14.5513410568
2360    14.5751011372
2351    14.613920927
2375    14.6379210949
2376    14.6710999012
2378    14.6993191242
2382    14.7322669029
2403    14.7760500908
2418    14.8175981045
2407    14.8452150822
2425    14.878013134
2444    14.9056451321
2440    14.9386489391
2463    14.9666769505
2449    14.9996159077
2465    15.0342431068
2490    15.0724830627
2496    15.1206769943
2520    15.1615250111
2529    15.1997740269
2545    15.2269499302
2552    15.2597630024
2546    15.2877480984
2544    15.323677063
2551    15.3497650623
2528    15.3828310966
2520    15.4198360443
2499    15.4531629086
2628    15.4971549511
2496    15.5248360634
2486    15.568406105
2488    15.6067650318
2472    15.6416931152
2608    15.6784291267
2456    15.7073969841
2463    15.7443540096
2451    15.7876019478
2440    15.8301739693
2418    15.8575239182
2545    15.8903341293
2409    15.9336249828
2395    15.9714839458
2388    16.0070590973
2388    16.0554389954
2494    16.0986979008
2364    16.1361489296
2349    16.179475069
2353    16.2225039005
2344    16.2494580746
2468    16.2879319191
2446    16.3248279095
2326    16.3589251041
2303    16.3970229626
2300    16.4402089119
2301    16.4835550785
2409    16.5209109783
2278    16.5641539097
2288    16.606003046
2275    16.6439590454
2279    16.675579071
2280    16.707406044
2266    16.7398300171
2256    16.7879750729
2393    16.8262720108
2250    16.8637440205
2255    16.8957290649
2246    16.9242970943
2248    16.9559960365
2249    16.9887189865
2243    17.0315051079
2242    17.0747389793
2240    17.1178340912
2247    17.1562979221
2241    17.1995909214
2235    17.2379190922
2240    17.2814660072
2241    17.3245339394
2364    17.3631420135
2369    17.3917350769
2246    17.4227480888
2269    17.4544370174
2259    17.5014340878
2263    17.5384500027
2258    17.581291914
2385    17.6243739128
2264    17.6726620197
2264    17.7108170986
2272    17.7363021374
2402    17.7695031166
2267    17.8027639389
2284    17.8285219669
2270    17.8634650707
2281    17.893474102
2296    17.9255399704
2294    17.958990097
2298    17.9884519577
2294    18.0287709236
2418    18.0548191071
2311    18.0890109539
2425    18.1317961216
2303    18.15782094
2455    18.1892309189
2320    18.217936039
2317    18.2545959949
2327    18.2816309929
