2363    0.0340139865875
2323    0.0631568431854
2334    0.112626791
2330    0.150154829025
2350    0.183136940002
2394    0.221493005753
2385    0.265289783478
2359    0.309073925018
2379    0.34761095047
2382    0.389826774597
2392    0.417043924332
2459    0.448970794678
2424    0.481580972672
2440    0.510563850403
2438    0.546930789948
2436    0.590683937073
2463    0.626232862473
2466    0.670213937759
2467    0.71257185936
2485    0.75056385994
2487    0.780529975891
2504    0.815492868423
2492    0.85542178154
2515    0.887206792831
2509    0.915932893753
2536    0.951678991318
2535    0.98887181282
2540    1.02176690102
2544    1.065751791
2558    1.09417796135
2558    1.13275289536
2574    1.17742490768
2572    1.20585680008
2623    1.24088692665
2559    1.27117681503
2548    1.31289482117
2528    1.35133481026
2494    1.3946788311
2451    1.43851280212
2420    1.48730897903
2410    1.52537894249
2395    1.55459880829
2393    1.58817481995
2377    1.62677693367
2360    1.66052389145
2348    1.69590878487
2318    1.73502492905
2297    1.77760100365
2281    1.82110285759
2289    1.86137390137
2270    1.90624785423
2257    1.94286394119
2236    1.96886396408
2225    2.00490880013
2214    2.03460383415
2209    2.0727558136
2195    2.11170697212
2179    2.15583992004
2222    2.19498682022
2155    2.23723077774
2147    2.27789998055
2126    2.30706977844
2144    2.33951497078
2118    2.37379789352
2119    2.41800284386
2102    2.45590591431
2098    2.50007390976
2104    2.54165077209
2140    2.58398294449
2077    2.62053179741
2083    2.66324090958
2084    2.71082687378
2079    2.74466085434
2061    2.77794981003
2074    2.80970478058
2068    2.85463285446
2068    2.89343976974
2068    2.93306398392
2060    2.96207380295
2070    2.99568891525
2053    3.02830481529
2055    3.05726194382
2054    3.08961176872
2053    3.12378787994
2054    3.16300082207
2053    3.20667982101
2045    3.24540400505
2061    3.28833985329
2061    3.32721185684
2054    3.35624194145
2044    3.39153194427
2056    3.43063282967
2053    3.4596529007
2054    3.49269294739
2048    3.5254368782
2055    3.56924200058
2047    3.61136698723
2045    3.6571958065
2055    3.69617700577
2057    3.73398280144
2073    3.7631778717
2072    3.79711484909
2072    3.83108782768
2076    3.87094378471
2072    3.91512680054
2068    3.95387291908
2114    3.99738097191
2062    4.03674077988
2062    4.08248186111
2128    4.12806177139
2079    4.17510485649
2085    4.20796179771
2085    4.23077583313
2092    4.26865386963
2091    4.29730796814
2104    4.33132386208
2104    4.37039685249
2102    4.40308785439
2096    4.43167495728
2108    4.46673679352
2103    4.50560092926
2148    4.54737782478
2145    4.59140992165
2099    4.63028883934
2114    4.65959477425
2124    4.69170284271
2111    4.73601388931
2125    4.7749209404
2127    4.82853984833
2131    4.8689289093
2144    4.91287279129
2171    4.95944976807
2164    4.9928188324
2210    5.0360789299
2172    5.07837891579
2175    5.11694383621
2200    5.14805698395
2206    5.18126177788
2198    5.20943188667
2192    5.23756194115
2247    5.27977085114
2207    5.31100988388
2214    5.33869481087
2235    5.37262487411
2229    5.41145277023
2224    5.44560480118
2240    5.47479486465
2243    5.50937986374
2258    5.55342793465
2272    5.59346795082
2263    5.63865280151
2282    5.67620277405
2288    5.70680689812
2303    5.75065779686
2303    5.7886698246
2339    5.82096385956
2328    5.86723780632
2357    5.90344882011
2370    5.93462491035
2378    5.96599888802
2378    5.99620079994
2405    6.03164792061
2412    6.07082486153
2426    6.10977578163
2436    6.15407299995
2450    6.19788789749
2461    6.23322081566
2506    6.26846694946
2453    6.3039958477
2450    6.33665680885
2440    6.36511778831
2442    6.40052580833
2447    6.43107295036
2422    6.46160984039
2426    6.49349188805
2412    6.53714299202
2407    6.57994294167
2459    6.61721086502
2407    6.65047883987
2406    6.67909288406
2399    6.71771097183
2389    6.75633692741
2386    6.78998279572
2386    6.81367397308
2366    6.85231399536
2371    6.87607192993
2373    6.91481280327
2396    6.94344592094
2353    6.98210382462
2330    7.01580882072
2330    7.05453181267
2311    7.08827090263
2309    7.12204384804
2290    7.15073800087
2303    7.18440794945
2299    7.21816492081
2297    7.25687980652
2282    7.28572297096
2288    7.32938981056
2266    7.35810089111
2272    7.39171886444
2262    7.43672990799
2255    7.47179079056
2256    7.50676679611
2249    7.54205799103
2249    7.5784099102
2279    7.62199378014
2237    7.66068387032
2225    7.68964481354
2226    7.71829390526
2234    7.75360178947
2226    7.78427791595
2215    7.82836484909
2207    7.86722683907
2213    7.89956378937
2207    7.9421107769
2207    7.97575187683
2212    8.01976299286
2210    8.06227898598
2209    8.10090994835
2220    8.1498439312
2213    8.18354582787
2217    8.21906495094
2210    8.25822091103
2253    8.28721284866
2265    8.32084584236
2225    8.34963989258
2226    8.38360095024
2226    8.43285989761
2224    8.46578788757
2224    8.49962592125
2225    8.528870821
2233    8.56078481674
2215    8.58971881866
2227    8.6390068531
2284    8.6766769886
2239    8.71951794624
2285    8.76355195045
2243    8.80198478699
2258    8.83537793159
2254    8.87920188904
2257    8.92327284813
2256    8.95600891113
2258    8.98932600021
2249    9.03327083588
2264    9.06103181839
2268    9.10510277748
2269    9.14911794662
2279    9.18626689911
2296    9.23025178909
2286    9.27417397499
2291    9.30354380608
2303    9.33600592613
2301    9.3649289608
2354    9.40438890457
2314    9.44296693802
2303    9.47382378578
2378    9.50533390045
2332    9.53764081001
2352    9.57442092896
2361    9.60823082924
2351    9.65222477913
2364    9.69027090073
2374    9.72135090828
2426    9.75983786583
2382    9.79420685768
2388    9.82848596573
2392    9.86748099327
2407    9.91061592102
2405    9.94775485992
2426    9.98508787155
2422    10.0288219452
2443    10.0585489273
2433    10.0895087719
2446    10.1257288456
2433    10.1719908714
2422    10.199767828
2418    10.2342329025
2378    10.2630999088
2378    10.3012838364
2349    10.3245069981
2303    10.3630959988
2299    10.4074428082
2285    10.4451038837
2286    10.4781367779
2314    10.5063588619
2263    10.537583828
2280    10.5688788891
2264    10.5977919102
2264    10.6327388287
2300    10.6720159054
2230    10.700606823
2231    10.7342848778
2265    10.7777628899
2262    10.8048698902
2213    10.8369138241
2213    10.8835859299
2182    10.9278039932
2175    10.9669589996
2163    11.010974884
2164    11.0487778187
2155    11.0846438408
2156    11.1225278378
2133    11.1610739231
2126    11.1922428608
2144    11.2304468155
2120    11.2667558193
2121    11.3057589531
2107    11.3408417702
2151    11.3708748817
2105    11.4009079933
2106    11.4357948303
2108    11.4656898975
2109    11.500538826
2088    11.5404307842
2096    11.5709979534
2084    11.6148619652
2089    11.6544189453
2079    11.6980128288
2061    11.7368898392
2069    11.779321909
2061    11.8233368397
2069    11.8718349934
2046    11.9055178165
2054    11.954502821
2056    11.9834918976
2054    12.016204834
2062    12.0474858284
2045    12.0916359425
2095    12.1379239559
2061    12.1707639694
2054    12.2096159458
2054    12.2469987869
2051    12.2899448872
2054    12.3337748051
2051    12.3728368282
2051    12.4016509056
2050    12.4345808029
2055    12.4734508991
2053    12.5168759823
2059    12.5541849136
2070    12.5868368149
2069    12.6205728054
2072    12.6519329548
2073    12.6909708977
2070    12.7331418991
2079    12.7706589699
2072    12.8018538952
2068    12.8442099094
2067    12.8753669262
2060    12.904517889
2064    12.9377608299
2078    12.9671518803
2085    13.001005888
2087    13.0294289589
2076    13.0622828007
2129    13.1063268185
2086    13.1455328465
2085    13.1829888821
2092    13.2206828594
2100    13.2594368458
2153    13.2928647995
2101    13.3212518692
2099    13.3546969891
2107    13.3830139637
2104    13.4164369106
2096    13.4599127769
2102    13.5033597946
2117    13.5367078781
2118    13.5705308914
2119    13.5963909626
2161    13.6304218769
2132    13.6615328789
2181    13.7052118778
2130    13.7492058277
2130    13.7931568623
2140    13.8255259991
2149    13.8681268692
2149    13.9118959904
2153    13.9497029781
2171    13.9818120003
2155    14.0124459267
2175    14.0565078259
2224    14.0956618786
2238    14.1397337914
2248    14.165268898
2198    14.1980829239
2213    14.2271549702
2208    14.2704069614
2231    14.3244028091
2225    14.3675580025
2230    14.4057657719
2235    14.4376318455
2254    14.4817538261
2264    14.5207488537
2272    14.5596737862
2277    14.592004776
2281    14.6211447716
2303    14.6540169716
2300    14.6880018711
2297    14.7271568775
2313    14.7714109421
2333    14.8145627975
2356    14.8506968021
2393    14.8799200058
2355    14.9088277817
2404    14.9423818588
2379    14.9818029404
2397    15.0154428482
2416    15.0504159927
2423    15.0908868313
2432    15.1265938282
2437    15.160009861
2449    15.19348979
2448    15.2219848633
2444    15.255368948
2463    15.2983419895
2472    15.3267428875
2496    15.3601388931
2510    15.3885819912
2508    15.4220597744
2550    15.4604508877
2516    15.4888608456
2502    15.5275928974
2509    15.5666348934
2496    15.6047959328
2481    15.6489818096
2465    15.6879267693
2461    15.7138838768
2453    15.7500288486
2461    15.7806890011
2465    15.8169248104
2467    15.8609888554
2471    15.8996539116
2454    15.9334027767
2459    15.9717948437
2452    16.000895977
2453    16.0389478207
2452    16.0762767792
2427    16.1203739643
2425    16.1590929031
2474    16.190073967
2432    16.2312607765
2413    16.2573888302
2405    16.2886137962
2398    16.3296349049
2394    16.3760108948
2402    16.4071519375
2382    16.4384520054
2422    16.471061945
2365    16.5141348839
2376    16.545031786
2373    16.5894517899
2362    16.6162238121
2358    16.6498668194
2344    16.6827578545
2329    16.7268259525
2329    16.766097784
2327    16.8053438663
2314    16.8377947807
2312    16.8805029392
2354    16.9077498913
2299    16.9398949146
2297    16.9720418453
2302    17.0123109818
2297    17.0477018356
2288    17.0783128738
2282    17.1064209938
2282    17.138381958
2292    17.1709837914
2278    17.215241909
2270    17.2544288635
2270    17.2981147766
2268    17.3354508877
2267    17.3745307922
2272    17.4218239784
2276    17.4590818882
2268    17.5026028156
2268    17.551101923
2273    17.5840699673
2270    17.6315917969
2272    17.6755068302
2319    17.7192618847
2278    17.7583298683
2323    17.7973599434
2312    17.8265168667
2272    17.8596768379
2282    17.8892469406
2270    17.9229578972
2273    17.9589149952
2338    17.9949929714
2280    18.0235648155
