2313    0.029107093811
2320    0.0727610588074
2334    0.115025043488
2369    0.157753944397
2343    0.200079917908
2340    0.238209009171
2362    0.267369031906
2361    0.300817012787
2389    0.33442902565
2380    0.363260030746
2391    0.412462949753
2411    0.450356960297
2429    0.48768901825
2432    0.519123077393
2432    0.551560878754
2437    0.595350980759
2452    0.635566949844
2449    0.669247865677
2466    0.695395946503
2474    0.729255914688
2477    0.758202075958
2483    0.791585922241
2473    0.820735931396
2489    0.853110074997
2501    0.899640083313
2511    0.934393882751
2509    0.968712091446
2526    0.996600866318
2525    1.04018306732
2587    1.07889294624
2598    1.12345290184
2549    1.15210008621
2552    1.19417500496
2567    1.23236203194
2559    1.26571893692
2551    1.30864286423
2547    1.34775996208
2580    1.38057088852
2481    1.4239358902
2499    1.46832704544
2438    1.50454306602
2457    1.53280591965
2397    1.56931805611
2390    1.59909892082
2376    1.63678598404
2405    1.67084598541
2352    1.70367693901
2331    1.74809789658
2321    1.78067994118
2346    1.83814692497
2346    1.87689495087
2287    1.88432097435
2303    1.91054797173
2263    1.933177948
2265    1.95412302017
2253    1.98522496223
2241    1.99651193619
2230    2.01829409599
0    2.062748909
2215    2.07172989845
2218    2.1120929718
0    2.1482129097
2200    2.15536308289
2182    2.18449401855
0    2.212018013
2175    2.22012209892
2163    2.25499796867
0    2.28241991997
2161    2.28925800323
2195    2.31736898422
2141    2.36047005653
2116    2.39914798737
2126    2.43114304543
2148    2.47523403168
2103    2.51235604286
2099    2.54834008217
2100    2.57675290108
2086    2.61019206047
2087    2.63900494576
2084    2.68349695206
2096    2.72259187698
2096    2.76007699966
2072    2.80402302742
2078    2.83535909653
2070    2.87174892426
2063    2.91772389412
2072    2.95912504196
2079    2.98564600945
2069    3.01691198349
2106    3.04804205894
2059    3.07967400551
2063    3.11110401154
2064    3.15227603912
2059    3.1934299469
2060    3.23118400574
2052    3.26026201248
2057    3.30903697014
2052    3.35304808617
2099    3.39229488373
2045    3.43601799011
2058    3.46254587173
2056    3.50228190422
2061    3.5310959816
2057    3.56341099739
2057    3.59668397903
2096    3.63001990318
2051    3.65796709061
2066    3.70095396042
2068    3.72716403008
2064    3.75666499138
2061    3.7905318737
2065    3.81958603859
2115    3.85446190834
2066    3.89231991768
2075    3.92749786377
2069    3.95133709908
2059    3.98926901817
2088    4.02925896645
2086    4.06254696846
2085    4.10025405884
2126    4.13488888741
2077    4.17403888702
2103    4.22780108452
2102    4.26962590218
2100    4.30886888504
2103    4.35188388824
2104    4.39143109322
2104    4.42465686798
2097    4.45572400093
2125    4.49694609642
2122    4.53803300858
2122    4.57012605667
2118    4.60459804535
2127    4.64309597015
2141    4.67345309258
2133    4.7037320137
2150    4.73896002769
2155    4.76923799515
2160    4.79983401299
2169    4.83849287033
2167    4.88266801834
2180    4.91645598412
2181    4.94519996643
2175    4.97868800163
2171    5.01149606705
2175    5.04759597778
2194    5.08644008636
2193    5.13170194626
2246    5.16685986519
2217    5.20214700699
2218    5.24240708351
2216    5.26778793335
2220    5.30310893059
2235    5.34604907036
2250    5.37584900856
2243    5.4192700386
2258    5.46332406998
2260    5.50185799599
2271    5.54574799538
2317    5.58402609825
2329    5.6162250042
2296    5.66025900841
2297    5.70397806168
2314    5.74511504173
2315    5.78110408783
2329    5.8122959137
2341    5.84436488152
2352    5.88845801353
2363    5.92721199989
2370    5.97107195854
2386    6.00999593735
2443    6.05221104622
2407    6.0851919651
2464    6.12824296951
2414    6.17205190659
2437    6.2107360363
2509    6.24244093895
2450    6.2862610817
2456    6.32515501976
2452    6.3686978817
2449    6.40754508972
2432    6.44622588158
2485    6.49355697632
2422    6.53697896004
2418    6.57581305504
2416    6.60809993744
2407    6.64038491249
2403    6.68362498283
2405    6.727684021
2396    6.76148605347
2446    6.79716300964
2382    6.83970189095
2379    6.87894201279
2364    6.91178488731
2349    6.95055007935
2339    6.97897601128
2350    7.01626110077
2374    7.0553290844
2303    7.09903597832
2321    7.13797497749
2320    7.16367888451
2301    7.19718408585
2312    7.23200392723
2288    7.25753903389
2290    7.29804801941
2288    7.33708190918
2279    7.38104486465
2279    7.40741491318
2264    7.45556306839
2266    7.49437403679
2254    7.53275108337
2301    7.56403708458
2262    7.5956158638
2240    7.63980007172
2240    7.67715597153
2240    7.72050309181
2233    7.76135897636
2225    7.78979086876
2226    7.82378101349
2233    7.86497402191
2256    7.91134500504
2204    7.95536589622
2250    7.99776792526
2212    8.04193592072
2207    8.07480096817
2211    8.10741305351
2207    8.14014387131
2209    8.17183589935
2206    8.21906590462
2207    8.25802397728
2263    8.29599189758
2218    8.33125591278
2216    8.36201095581
2207    8.39102101326
2223    8.42342090607
2228    8.45651197433
2228    8.50050592422
2224    8.54711604118
2218    8.58551096916
2225    8.62713503838
2240    8.66571187973
2243    8.69314193726
2250    8.73108696938
2242    8.76005387306
2238    8.7941570282
2240    8.84301304817
2256    8.8815870285
2254    8.91884493828
2249    8.94930291176
2252    8.98222208023
2253    9.02129006386
2268    9.05049204826
2268    9.08804988861
2270    9.1274869442
2291    9.15350198746
2287    9.18736886978
2294    9.23394203186
2303    9.27156496048
2303    9.31896996498
2316    9.355479002
2313    9.39226698875
2369    9.43652296066
2330    9.46240186691
2335    9.5010099411
2347    9.5293738842
2348    9.56291508675
2358    9.60507106781
2364    9.63134288788
2378    9.66417193413
2438    9.70094490051
2406    9.72659087181
2400    9.76258897781
2401    9.78759503365
2406    9.82456588745
2420    9.86684799194
2419    9.90418291092
2433    9.93661689758
2448    9.96709299088
2448    9.99894690514
2439    10.0431339741
2448    10.0926189423
2422    10.1362109184
2393    10.1752898693
2378    10.218930006
2353    10.2469508648
2328    10.2805869579
2301    10.3196339607
2285    10.3636739254
2281    10.4028279781
2268    10.4405729771
2309    10.4678850174
2273    10.5054090023
2263    10.5424170494
2264    10.575054884
2297    10.6283979416
2238    10.6724379063
2225    10.7162590027
2211    10.7650799751
2210    10.8089599609
2196    10.8480238914
2195    10.8920309544
2180    10.9307670593
2175    10.9610519409
2171    11.0049540997
2152    11.0488259792
2198    11.083147049
2151    11.1326239109
2142    11.1654360294
2163    11.2027089596
2129    11.2402999401
2168    11.2685899734
2164    11.3023738861
2103    11.3303608894
2104    11.3634610176
2103    11.3918600082
2104    11.4245629311
2102    11.4720180035
2097    11.5114169121
2084    11.5439229012
2088    11.5775380135
2085    11.6162030697
2084    11.6449980736
2067    11.6820459366
2069    11.7208249569
2068    11.764829874
2076    11.7955019474
2068    11.8239450455
2047    11.8626589775
2049    11.9167640209
2050    11.9543409348
2053    11.9971399307
2062    12.0225849152
2062    12.0627250671
2062    12.0989170074
2045    12.1301920414
2049    12.1741800308
2059    12.2179410458
2045    12.2573449612
2105    12.3013310432
2046    12.3400809765
2052    12.3785150051
2053    12.4110450745
2061    12.4465298653
2054    12.4918560982
2059    12.527148962
2059    12.5574409962
2053    12.608093977
2064    12.6417279243
2075    12.6684880257
2068    12.7130439281
2118    12.7541980743
2064    12.8004989624
2067    12.8341400623
2077    12.8671319485
2069    12.9102139473
2111    12.9523980618
2083    12.9884080887
2085    13.025042057
2093    13.0522699356
2088    13.0775930882
2089    13.1101579666
2089    13.1567420959
2086    13.2027769089
2104    13.2406919003
2103    13.2849888802
2099    13.323693037
2099    13.3658239841
2154    13.396832943
2104    13.4288880825
2100    13.4599568844
2100    13.5086519718
2107    13.5476140976
2106    13.5915260315
2118    13.6358590126
2116    13.6730289459
2165    13.7170579433
2134    13.7558479309
2142    13.786714077
2129    13.8202569485
2145    13.8536410332
2137    13.8820030689
2154    13.9165110588
2196    13.9628400803
2156    14.0068678856
2215    14.0346779823
2159    14.0787789822
2184    14.1226859093
2180    14.1566119194
2183    14.1954579353
2195    14.2308909893
2184    14.2747440338
2211    14.3188960552
2228    14.3571579456
2227    14.4011878967
2241    14.4446260929
2240    14.4884030819
2248    14.5265529156
2253    14.5703918934
2269    14.6140129566
2261    14.6476149559
2284    14.6915509701
2300    14.7345750332
2296    14.7736930847
2316    14.8066580296
2329    14.8339369297
2347    14.8679339886
2347    14.897012949
2371    14.9399149418
2383    14.9784789085
2402    15.0023069382
2394    15.0360279083
2396    15.0698978901
2412    15.103801012
2423    15.1425619125
2441    15.1713869572
2465    15.2101800442
2470    15.238904953
2474    15.2727730274
2486    15.3125269413
2479    15.356525898
2514    15.3949398994
2521    15.429172039
2524    15.468599081
2524    15.5132460594
2507    15.5616669655
2496    15.6009039879
2467    15.6451590061
2451    15.6893110275
2507    15.7311410904
2450    15.7703990936
2450    15.8129339218
2449    15.8373470306
2461    15.8733830452
2458    15.9108960629
2445    15.944767952
2446    15.975744009
2450    16.0236349106
2480    16.0600750446
2424    16.0913329124
2434    16.1237359047
2423    16.1675870419
2410    16.2053768635
2396    16.2495439053
2390    16.2883789539
2369    16.3313589096
2388    16.3608789444
2388    16.3903229237
2362    16.4148020744
2360    16.4492480755
2359    16.4949729443
2348    16.5383279324
2353    16.5654139519
2339    16.6015219688
2325    16.6440820694
2303    16.6830239296
2322    16.7121140957
2328    16.7462520599
2327    16.7803828716
2303    16.8043940067
2303    16.8385128975
2297    16.8625741005
2312    16.8971190453
2290    16.9413919449
2330    16.9807360172
2283    17.0247030258
2280    17.0636200905
2270    17.0923659801
2273    17.1253740788
2272    17.1577670574
2276    17.2067480087
2282    17.2501239777
2273    17.2778680325
2269    17.3062529564
2273    17.3391819
2270    17.3855950832
2267    17.4188010693
2278    17.4525570869
2279    17.4839539528
2262    17.5280630589
2270    17.5675609112
2266    17.6111760139
2264    17.6502349377
2269    17.6942820549
2269    17.7325909138
2262    17.7613749504
2266    17.7942149639
2279    17.8289139271
2273    17.8701879978
2285    17.908395052
2283    17.9523820877
2293    17.9960188866
2292    18.035077095
