1196    0.0390501022339
1179    0.0825531482697
1213    0.131728172302
1193    0.170930147171
1193    0.214129209518
1210    0.258147001266
1196    0.28404712677
1205    0.317516088486
1229    0.34615111351
1228    0.375321149826
1224    0.408624172211
1230    0.455037117004
1204    0.498125076294
1228    0.53565621376
1230    0.569719076157
1231    0.603915214539
1227    0.644999027252
1248    0.671267986298
1243    0.70246219635
1222    0.732670068741
1231    0.763748168945
1279    0.794946193695
1229    0.826188087463
1248    0.867399215698
1264    0.894103050232
1300    0.940340042114
1306    0.96645116806
1264    1.00066304207
1264    1.02729105949
1262    1.05798316002
1244    1.09185099602
1302    1.12162899971
1234    1.16039800644
1250    1.19509410858
1245    1.23720908165
1223    1.28145313263
1254    1.31693410873
1255    1.36054611206
1227    1.40344715118
1213    1.43881821632
1225    1.47058916092
1279    1.5146420002
1192    1.55366015434
1208    1.5853509903
1193    1.6193780899
1214    1.65848207474
1196    1.70782113075
1195    1.74701213837
1179    1.78220915794
1176    1.81231307983
1163    1.84794020653
1180    1.88715314865
1162    1.93029308319
1147    1.96894812584
1112    2.0130341053
1141    2.04703521729
1076    2.0860311985
1082    2.12973713875
1023    2.17332315445
1023    2.20712900162
1007    2.23999905586
957    2.28421521187
893    2.32187604904
935    2.35344600677
841    2.39250612259
843    2.4297990799
736    2.47377920151
759    2.51745319366
717    2.55594205856
737    2.58444404602
722    2.62047719955
719    2.65424919128
700    2.69264602661
697    2.7238111496
682    2.75321817398
793    2.79304909706
713    2.83689308167
665    2.87933015823
730    2.92157721519
739    2.95793700218
732    2.99142813683
737    3.03479099274
807    3.06022119522
767    3.09072709084
751    3.12628507614
798    3.1717851162
788    3.20953822136
719    3.24885010719
754    3.27857708931
701    3.32259511948
718    3.36202406883
750    3.40492916107
732    3.43103218079
755    3.46121621132
753    3.49659800529
785    3.53435707092
734    3.56474614143
735    3.60007715225
748    3.64288902283
751    3.68139719963
767    3.72493910789
767    3.75267100334
781    3.79767107964
796    3.83833312988
781    3.88243699074
804    3.9131360054
803    3.94161009789
767    3.97432804108
783    4.0033121109
786    4.03618502617
840    4.06860899925
855    4.11252212524
786    4.14326119423
840    4.18651413918
843    4.21388101578
843    4.25276899338
799    4.29195213318
859    4.32354021072
840    4.36669421196
856    4.40230703354
892    4.44660401344
870    4.47165298462
846    4.50704598427
860    4.5360481739
860    4.56921410561
870    4.61266899109
869    4.65539312363
891    4.68298506737
911    4.72213506699
895    4.75822401047
936    4.79726219177
908    4.83662414551
924    4.88051104546
945    4.91678714752
925    4.96870303154
919    5.00637602806
957    5.03887200356
925    5.06646800041
958    5.10413408279
991    5.13266015053
959    5.17508912086
998    5.21271800995
970    5.2453122139
965    5.27702498436
961    5.32149600983
995    5.34823417664
986    5.39264416695
977    5.43678307533
1023    5.47596311569
971    5.51388502121
995    5.56663513184
1013    5.60662508011
1052    5.64174699783
1013    5.67673420906
1023    5.70683407784
1023    5.75077819824
1023    5.79360103607
1020    5.82709407806
1060    5.86625218391
1023    5.90056610107
1055    5.92985606194
1061    5.97368311882
1050    5.99818515778
1023    6.03309011459
1023    6.06267905235
1060    6.09544920921
1054    6.12819910049
1065    6.16392707825
1065    6.20091915131
1079    6.25518012047
1055    6.28959608078
1059    6.32375121117
1072    6.35278105736
1077    6.39110898972
1080    6.41631507874
1075    6.45285010338
1072    6.49208712578
1023    6.5365281105
1075    6.57056808472
1135    6.60457110405
1078    6.63282799721
1080    6.66697716713
1140    6.71139001846
1108    6.75461506844
1078    6.79374909401
1095    6.84791207314
1131    6.89169621468
1095    6.92948317528
1074    6.96216201782
1076    7.00612521172
1077    7.04986619949
1080    7.0759871006
1079    7.10942006111
1075    7.13843798637
1093    7.18265199661
1077    7.22705006599
1080    7.27034020424
1151    7.30916309357
1115    7.35496020317
1065    7.39306306839
1084    7.44196510315
1059    7.47083210945
1063    7.5049431324
1023    7.53404116631
990    7.56826305389
1085    7.59536910057
1023    7.62928819656
998    7.67315912247
1050    7.70011615753
1023    7.73039913177
985    7.77646613121
1023    7.81591105461
1023    7.85878014565
1009    7.88520002365
1023    7.91734910011
1023    7.95238804817
994    7.97935318947
959    8.01318216324
961    8.05263209343
994    8.09685516357
982    8.1226670742
974    8.15674805641
963    8.1958861351
993    8.22834205627
936    8.27161812782
975    8.29933309555
927    8.33225107193
911    8.3602411747
912    8.40119409561
861    8.43992304802
876    8.4721570015
870    8.52421116829
870    8.55823707581
898    8.56200003624
826    8.59459710121
0    8.62820601463
823    8.64683699608
827    8.70613503456
820    8.70836114883
820    8.74558401108
805    8.74782514572
823    8.78497719765
824    8.8125731945
785    8.84059619904
803    8.87473416328
763    8.91294312477
858    8.94179010391
767    8.97576713562
787    9.00536108017
782    9.03725600243
843    9.07125306129
883    9.09853219986
821    9.12724900246
876    9.17113018036
879    9.201567173
881    9.23190307617
860    9.26742815971
859    9.30779719353
860    9.33845305443
924    9.38281798363
939    9.42004418373
939    9.44772219658
961    9.48155117035
1023    9.52582812309
956    9.56743121147
946    9.60499000549
975    9.63795900345
1015    9.67544817924
999    9.70808911324
991    9.73632407188
990    9.77458405495
975    9.80274510384
1016    9.836384058
974    9.87531900406
997    9.91159510612
1012    9.94309020042
965    9.97414112091
1015    10.0037961006
990    10.0396649837
962    10.0838961601
942    10.1315171719
1014    10.1645112038
974    10.1957740784
975    10.2396271229
924    10.2643260956
975    10.3073401451
958    10.3456552029
990    10.3894400597
992    10.4274430275
975    10.4711341858
940    10.5018401146
991    10.5462460518
993    10.5929059982
1011    10.6336150169
1023    10.6712081432
1023    10.6993350983
991    10.7432751656
991    10.7814199924
968    10.8260531425
1023    10.8650901318
1012    10.8927521706
1008    10.928166151
1023    10.9709801674
1023    11.0177030563
1012    11.0516190529
1007    11.0957300663
1023    11.1351490021
1023    11.1743202209
1062    11.217633009
1060    11.256758213
1076    11.3009681702
1077    11.3449440002
1023    11.378909111
1060    11.4260451794
1079    11.4505751133
1059    11.4853961468
1079    11.5135622025
1080    11.5536231995
1078    11.5787231922
1137    11.6154470444
1076    11.6439061165
1084    11.6990280151
1080    11.7365159988
1077    11.7643392086
1135    11.7977581024
1071    11.841438055
1112    11.8671281338
1097    11.9011111259
1093    11.9445421696
1097    11.9829330444
1097    12.026704073
1096    12.073166132
1112    12.1174881458
1127    12.1566250324
1144    12.2009592056
1127    12.2397379875
1148    12.2713620663
1138    12.3103501797
1147    12.346832037
1122    12.3862349987
1137    12.4300460815
1164    12.4692320824
1121    12.5137140751
1139    12.5577690601
1130    12.5885841846
1159    12.6328001022
1162    12.6722249985
1163    12.7116611004
1162    12.7402989864
1160    12.7728960514
1193    12.8012080193
1182    12.836425066
1200    12.8674640656
1164    12.9095680714
1198    12.9553630352
1209    12.9816560745
1212    13.0209000111
1212    13.0496551991
1215    13.0861551762
1214    13.1179950237
1215    13.1522071362
1226    13.1783320904
1249    13.2083740234
1238    13.2463212013
1233    13.3003079891
1243    13.3379690647
1300    13.3779680729
1244    13.4080381393
1245    13.4431431293
1248    13.4745080471
1317    13.5056891441
1230    13.5369300842
1249    13.5681860447
1268    13.6053180695
1250    13.6290910244
1242    13.6729462147
1246    13.6992111206
1242    13.7357912064
1254    13.7762842178
1260    13.817332983
1311    13.8583080769
1257    13.8895411491
1276    13.935541153
1261    13.9617600441
1226    13.9922990799
1250    14.022495985
1246    14.0639271736
1244    14.1102290154
1279    14.1392099857
1212    14.1722521782
1210    14.2086200714
1194    14.2497091293
1198    14.2753601074
1176    14.3066000938
1144    14.342769146
1161    14.3683321476
1165    14.4087982178
1177    14.4342730045
1165    14.4746730328
1127    14.5081171989
1144    14.5422420502
1121    14.5762050152
1131    14.6001710892
1125    14.6347811222
1081    14.6655890942
1077    14.7142300606
1078    14.7484800816
1082    14.7861700058
1023    14.8355522156
998    14.8733091354
1015    14.8975770473
1009    14.932030201
992    14.9763710499
1007    15.0144491196
1009    15.0458350182
926    15.0772371292
906    15.1210670471
940    15.1637032032
980    15.212157011
1065    15.2507500648
1058    15.2779860497
1055    15.3119900227
987    15.3454761505
996    15.3762249947
1062    15.4089970589
977    15.4532492161
1058    15.4920811653
1023    15.5228421688
1023    15.5669531822
1023    15.5954191685
1023    15.6346151829
1015    15.6836371422
1023    15.723072052
1011    15.7537250519
1013    15.7852730751
1023    15.8161270618
996    15.8498380184
997    15.8769471645
1016    15.9074339867
1006    15.9423789978
1023    15.9732739925
993    16.0106911659
975    16.0479581356
1003    16.0901072025
1023    16.1272580624
1023    16.1695652008
1069    16.1969971657
1023    16.2292861938
1062    16.2773120403
1023    16.3167340755
1062    16.3735160828
1062    16.4113121033
1061    16.418361187
1061    16.4483501911
1023    16.4788460732
1059    16.5212881565
1059    16.5602312088
1076    16.5895221233
1116    16.6266651154
1080    16.6620340347
1061    16.6984641552
1060    16.7423610687
1076    16.7865622044
1059    16.8205502033
1060    16.854637146
1059    16.8864431381
1137    16.9226121902
1082    16.9609770775
1075    17.0047471523
1078    17.0472891331
1083    17.082239151
1109    17.1137180328
1101    17.1491241455
1118    17.1796841621
1080    17.2274742126
1118    17.264991045
1113    17.2977290154
1115    17.3226070404
1107    17.3563070297
1132    17.3928670883
1144    17.4302020073
1146    17.4725220203
1132    17.5099182129
1126    17.5520780087
1146    17.5785241127
1140    17.6107730865
1163    17.6430702209
1129    17.6803710461
1129    17.7158241272
1159    17.7437491417
1160    17.7785060406
1151    17.8247671127
1177    17.8776540756
1177    17.9160001278
1179    17.9546480179
1179    17.9858660698
1181    18.0169751644
