1180    0.0352671146393
1181    0.0636129379272
1181    0.0991539955139
1175    0.1400411129
1195    0.170699119568
1193    0.201485157013
1204    0.237447977066
1194    0.280584096909
1270    0.314172029495
1194    0.346435070038
1205    0.374181032181
1213    0.411117076874
1213    0.472285985947
1195    0.479733943939
1196    0.507218122482
0    0.540835142136
1211    0.549371004105
1211    0.577886104584
0    0.613538980484
1213    0.618899106979
1266    0.649076938629
0    0.689553022385
1226    0.702790021896
1246    0.74157500267
1295    0.749284982681
1227    0.78595995903
1209    0.822827100754
1314    0.854468107224
1248    0.886258125305
1245    0.919087171555
1248    0.95426607132
1227    0.992686033249
1244    1.03593707085
1216    1.07280516624
1231    1.10294294357
1231    1.13485217094
1228    1.16688394547
1279    1.19799304008
1300    1.24039006233
1246    1.27042412758
1234    1.30033397675
1224    1.33531713486
1244    1.36192703247
1230    1.398635149
1267    1.44056415558
1192    1.47352409363
1187    1.50633811951
1159    1.54954314232
1164    1.5794711113
1147    1.62236809731
1189    1.66144514084
1142    1.69000315666
1150    1.73287606239
1167    1.76880216599
1150    1.80576610565
1179    1.84884595871
1139    1.88218998909
1147    1.90911102295
1109    1.94380116463
1095    1.98636698723
1135    2.01244115829
1134    2.05587601662
1058    2.09438514709
1134    2.12783002853
1055    2.16112494469
996    2.19973111153
1007    2.23826503754
959    2.28175711632
958    2.31907510757
927    2.35033416748
875    2.37822508812
873    2.41673016548
840    2.45516514778
767    2.49874210358
770    2.54211807251
701    2.57543206215
701    2.61730694771
686    2.65633296967
719    2.69964909554
720    2.73722195625
723    2.77287602425
630    2.81052899361
666    2.85411095619
700    2.89711308479
716    2.93550896645
700    2.97893309593
767    3.02246403694
767    3.06137514114
755    3.09473896027
769    3.13283896446
785    3.16112208366
751    3.19951200485
753    3.23792695999
767    3.26622700691
767    3.29990100861
717    3.32829904556
767    3.36094117165
750    3.40434908867
785    3.44749116898
747    3.48596811295
731    3.52958297729
751    3.5684299469
767    3.6117169857
841    3.65414309502
770    3.68925595284
805    3.73257994652
806    3.76848816872
770    3.8066380024
804    3.8501291275
828    3.87534308434
824    3.9082159996
841    3.95124006271
857    3.98035502434
826    4.01481294632
877    4.05320596695
802    4.08633303642
803    4.11479902267
807    4.14829301834
799    4.18999195099
839    4.22720694542
840    4.27082014084
858    4.30936694145
843    4.34666204453
843    4.38159298897
915    4.41621613503
855    4.44581413269
874    4.49084711075
875    4.53436994553
858    4.56114196777
927    4.59502196312
861    4.62662911415
858    4.65500211716
856    4.68736505508
876    4.72297501564
903    4.75803017616
906    4.79022717476
902    4.82252502441
919    4.86430597305
907    4.89312410355
947    4.92699408531
927    4.96979403496
1016    5.00845313072
964    5.04045414925
1018    5.07127714157
1012    5.11445999146
963    5.16782903671
958    5.20594000816
975    5.23641896248
944    5.26197195053
943    5.2977039814
1023    5.32325005531
991    5.35626196861
1023    5.40402913094
1079    5.44736194611
1023    5.48515105247
991    5.52340197563
1008    5.57163095474
1020    5.60484910011
1023    5.63615512848
1023    5.6778781414
1012    5.71578097343
1013    5.75917005539
1023    5.78586912155
1059    5.81961297989
1099    5.86273217201
1059    5.90107011795
1116    5.9284119606
1023    5.96168208122
1023    5.99355101585
1023    6.03712296486
1023    6.07573795319
1115    6.11972498894
1081    6.16691303253
1076    6.19907999039
1079    6.23775601387
1023    6.27067399025
1023    6.31443309784
1062    6.35791707039
1084    6.38375711441
1079    6.41924595833
1074    6.456772089
1077    6.48416614532
1076    6.51697015762
1083    6.54773116112
1080    6.57592105865
1083    6.61171507835
1078    6.64165210724
1078    6.67168307304
1080    6.70688009262
1082    6.7334690094
1070    6.76960897446
1098    6.81140112877
1094    6.85336208344
1081    6.89022302628
1099    6.93721604347
1115    6.97410106659
1163    7.01732611656
1151    7.04427909851
1096    7.0789501667
1098    7.10410904884
1112    7.13943910599
1151    7.18084812164
1094    7.2194480896
1095    7.26293206215
1164    7.30134797096
1073    7.34491705894
1099    7.38749313354
1085    7.43070101738
1079    7.46866202354
1062    7.50689101219
1063    7.53700613976
1063    7.57212114334
1103    7.612637043
1023    7.65100812912
1023    7.69433712959
1060    7.73243808746
1048    7.78071498871
1015    7.81820702553
996    7.85667109489
1011    7.899091959
991    7.94232702255
1010    7.9835960865
1013    8.00984811783
1012    8.05864596367
992    8.09533214569
1011    8.13558316231
1010    8.16758012772
999    8.2026040554
927    8.24088096619
927    8.28348517418
906    8.32165408134
964    8.352435112
959    8.38416004181
975    8.43251204491
856    8.47576999664
880    8.5106010437
896    8.53815603256
890    8.56722307205
840    8.60125207901
824    8.633685112
891    8.66241312027
894    8.69364595413
820    8.7263879776
771    8.75610399246
785    8.78963112831
784    8.83550095558
802    8.87390017509
799    8.91208410263
799    8.946652174
803    8.97547912598
753    9.00921416283
751    9.03801608086
824    9.07229614258
785    9.09823608398
859    9.13238215446
863    9.17166495323
857    9.19594097137
860    9.23010611534
838    9.26559901237
854    9.30913901329
888    9.34749507904
948    9.38586616516
910    9.43943095207
958    9.48281002045
1014    9.52124810219
1023    9.56474208832
960    9.61195898056
1053    9.64478611946
1007    9.6778690815
1023    9.71566200256
990    9.74915909767
1023    9.78246307373
1015    9.82049512863
994    9.86437010765
1049    9.90602898598
1050    9.94454693794
978    9.98803496361
992    10.0312721729
992    10.0847730637
959    10.1231131554
996    10.1551761627
974    10.1871740818
939    10.218059063
978    10.2504940033
960    10.2804820538
961    10.3160400391
960    10.3543400764
979    10.4013681412
1016    10.4366099834
943    10.4793760777
995    10.5173110962
975    10.5608229637
992    10.6041381359
974    10.6408150196
1094    10.6715099812
1006    10.7197129726
1023    10.7666420937
1006    10.7947731018
1023    10.8306610584
1023    10.8688931465
1009    10.9122800827
991    10.9503731728
986    10.9868719578
1068    11.0354070663
1076    11.0729410648
1023    11.1194040775
1023    11.1530981064
1023    11.1777281761
1023    11.2158050537
1055    11.2542011738
1063    11.2822871208
1055    11.3203930855
1076    11.3485441208
1055    11.3817610741
1054    11.4100000858
1060    11.4432680607
1063    11.4715440273
1062    11.5096800327
1058    11.5428731441
1058    11.578840971
1076    11.6087429523
1076    11.6369161606
1083    11.6790261269
1078    11.7115170956
1083    11.7441840172
1079    11.7724130154
1080    11.8091931343
1082    11.8360509872
1077    11.8742480278
1111    11.9075200558
1127    11.9406981468
1085    11.9773740768
1118    12.0151150227
1097    12.0585081577
1127    12.1006441116
1128    12.1390709877
1111    12.1819870472
1140    12.2083380222
1146    12.265045166
1146    12.3144650459
1146    12.3204510212
1165    12.3606519699
1131    12.3914079666
1183    12.4226739407
1163    12.453744173
1132    12.4846510887
1130    12.5282361507
1233    12.5762300491
1181    12.628330946
1161    12.6617360115
1176    12.6937561035
1177    12.7366380692
1171    12.7801949978
1193    12.8173589706
1190    12.8607821465
1196    12.9040009975
1196    12.9424080849
1213    12.9807691574
1182    13.0196831226
1179    13.0578970909
1164    13.1010961533
1146    13.1256861687
1148    13.1603610516
1130    13.1949341297
1094    13.2347011566
1070    13.2768759727
1023    13.3149790764
1023    13.3583409786
1010    13.4016439915
981    13.4446489811
1023    13.472440958
1023    13.5060501099
991    13.5394451618
978    13.5783309937
890    13.621502161
780    13.6482219696
712    13.7031321526
772    13.7357461452
716    13.7691609859
824    13.8026530743
927    13.8285970688
994    13.867043972
1004    13.9043140411
1062    13.9481160641
1100    13.9866740704
1144    14.0299680233
1133    14.0572919846
1131    14.0964860916
1183    14.1256210804
1179    14.1597089767
1176    14.1843149662
1212    14.2184531689
1171    14.2575781345
1202    14.320633173
1202    14.3547670841
1159    14.3586440086
1171    14.3973610401
0    14.431481123
1142    14.4353461266
1145    14.4693939686
0    14.5022060871
1160    14.5101239681
1112    14.5343470573
0    14.5668210983
1109    14.5789110661
1094    14.5990731716
0    14.6322369576
1083    14.6419479847
1081    14.6669521332
0    14.7088520527
1093    14.713176012
1075    14.7529101372
0    14.7884111404
1023    14.7932109833
1023    14.8234741688
1023    14.8590769768
1023    14.8925261497
974    14.9217000008
956    14.9522211552
907    14.9880640507
890    15.0295081139
891    15.0680711269
925    15.0963540077
927    15.1271309853
923    15.1609661579
957    15.1951839924
1013    15.2436020374
920    15.2764940262
905    15.3279340267
977    15.3614530563
973    15.405162096
980    15.4432611465
975    15.47706604
994    15.5011200905
1009    15.534085989
989    15.5726950169
1023    15.6109099388
957    15.649492979
987    15.6929581165
973    15.7312419415
990    15.7595021725
960    15.7921380997
991    15.8354890347
992    15.8737251759
1014    15.9055731297
994    15.9389050007
993    15.9873900414
982    16.028924942
1012    16.0573451519
1009    16.0908651352
992    16.1198401451
1007    16.1483950615
1061    16.1818461418
1079    16.2154901028
1023    16.2440011501
1023    16.2724580765
989    16.3100891113
1023    16.3536880016
1023    16.3967411518
1079    16.430175066
1023    16.4687571526
1021    16.5123121738
1023    16.5557200909
1023    16.5941359997
1095    16.6363999844
1054    16.6624400616
1055    16.6958351135
1075    16.7399179935
1063    16.7915630341
1062    16.8248369694
1055    16.8576109409
1093    16.8857860565
1058    16.9188990593
1023    16.9502990246
1081    16.9829349518
1077    17.0141370296
1131    17.0628221035
1079    17.0967581272
1078    17.140460968
1081    17.1839411259
1016    17.224558115
981    17.2577970028
931    17.2817709446
922    17.3147630692
797    17.3475689888
613    17.390900135
493    17.4193401337
406    17.4578511715
383    17.4913430214
373    17.529804945
375    17.5682821274
375    17.5967161655
372    17.6300809383
372    17.6609120369
386    17.7036249638
408    17.7375030518
440    17.7781989574
459    17.8037631512
443    17.8395080566
442    17.8811340332
