1059    0.0335378646851
956    0.0869059562683
1013    0.130175828934
996    0.156963825226
1023    0.202788829803
974    0.24636888504
1011    0.272907018661
1075    0.307811975479
1009    0.332705974579
1012    0.367388963699
1007    0.39711689949
1009    0.430287837982
1019    0.463497877121
1011    0.500914812088
1023    0.535920858383
1023    0.565681934357
1066    0.600713968277
1063    0.625682830811
1023    0.665647983551
1072    0.700688838959
1023    0.735669851303
1055    0.772789001465
1093    0.804510831833
1023    0.841012001038
1023    0.875211000443
1023    0.900797843933
1090    0.936085939407
1023    0.963567018509
1023    0.996748924255
1060    1.02489089966
1064    1.06166696548
1023    1.09134888649
1059    1.14950180054
1048    1.18419384956
1049    1.22101688385
1023    1.25800395012
1023    1.28903579712
1081    1.32316994667
1023    1.36252498627
1023    1.39459085464
1077    1.43757390976
1061    1.46488690376
1023    1.51211690903
1023    1.55409002304
1078    1.58040094376
996    1.61924982071
1003    1.65250182152
1008    1.68451786041
978    1.72105383873
1015    1.76314687729
974    1.80154800415
977    1.84495091438
1023    1.87493801117
980    1.90462088585
974    1.92930293083
992    1.96394681931
945    1.99864387512
927    2.02835798264
927    2.05806589127
978    2.09277486801
909    2.11744594574
906    2.15716385841
891    2.19426298141
889    2.23300695419
856    2.27634692192
824    2.31989383698
796    2.35821700096
769    2.38910293579
751    2.42491102219
744    2.46238780022
719    2.49350380898
685    2.52672982216
685    2.55643391609
630    2.58525085449
597    2.61773991585
580    2.66101193428
543    2.69745492935
548    2.74095582962
511    2.77889180183
548    2.80622196198
494    2.84980082512
510    2.8917658329
511    2.9301609993
563    2.97319793701
647    3.0070848465
667    3.03098487854
617    3.05752182007
616    3.09331798553
598    3.13174891472
615    3.16370797157
565    3.19464993477
600    3.22547984123
600    3.25546479225
596    3.29041194916
599    3.32042694092
650    3.35222196579
598    3.39556694031
616    3.43814992905
599    3.46386694908
634    3.50002384186
596    3.52539682388
593    3.55936193466
660    3.58728384972
663    3.62134385109
616    3.6505188942
633    3.69024085999
651    3.73776578903
613    3.77900290489
611    3.8067150116
617    3.8393239975
615    3.86717796326
615    3.9002559185
630    3.9280538559
628    3.96082091331
637    3.99548196793
671    4.03393602371
663    4.07738995552
630    4.1065659523
650    4.15005302429
651    4.17542386055
697    4.20850086212
663    4.24364686012
666    4.28192281723
647    4.32523584366
682    4.36824584007
684    4.41222882271
670    4.45090699196
668    4.48915696144
683    4.53238987923
667    4.57415294647
702    4.61652088165
719    4.65468883514
703    4.68378782272
736    4.71720695496
736    4.7556579113
737    4.7883849144
730    4.83177280426
713    4.87498784065
751    4.91696095467
818    4.95340800285
749    4.9868350029
762    5.01515102386
819    5.04856586456
769    5.07688379288
773    5.11262083054
837    5.14925289154
784    5.18441987038
787    5.22283983231
785    5.25118899345
819    5.28443479538
782    5.31905293465
824    5.35727190971
854    5.38743686676
787    5.42070484161
826    5.45091795921
823    5.4797308445
839    5.5092318058
822    5.54246401787
874    5.57429480553
842    5.61119484901
841    5.64813494682
841    5.68952798843
835    5.71678686142
853    5.75536489487
856    5.78828597069
844    5.81997799873
877    5.85298299789
841    5.8847899437
863    5.91554093361
861    5.94627285004
875    5.9794049263
854    6.01240992546
890    6.04046702385
893    6.07358598709
891    6.10706400871
856    6.14514493942
874    6.17291688919
876    6.20596194267
890    6.23474788666
880    6.27050900459
958    6.30649399757
875    6.34026885033
875    6.37847280502
891    6.41566181183
879    6.45439481735
927    6.49807190895
910    6.53645682335
876    6.56459784508
870    6.59802293777
870    6.65703701973
955    6.66343092918
893    6.69484591484
0    6.73137187958
893    6.73779797554
910    6.76398181915
0    6.79547786713
895    6.8020298481
892    6.82324886322
0    6.85996699333
891    6.86648988724
940    6.90261101723
0    6.93927383423
891    6.94469189644
894    6.9749379158
0    7.00968790054
910    7.01508879662
910    7.04496693611
875    7.09189891815
878    7.11852884293
863    7.15026593208
860    7.18710899353
894    7.21886181831
835    7.2495238781
860    7.28368997574
856    7.31779289246
907    7.35551285744
823    7.39398980141
824    7.42747092247
803    7.45657587051
804    7.48974990845
876    7.53870582581
807    7.57173490524
799    7.60912179947
779    7.64219093323
827    7.6777369976
783    7.70689797401
781    7.73994684219
746    7.782310009
814    7.83200287819
788    7.86428284645
766    7.89664196968
764    7.92904496193
737    7.96259379387
771    8.00099301338
719    8.03427696228
717    8.07774090767
685    8.10858392715
648    8.14103198051
666    8.17175292969
697    8.1988799572
630    8.24199080467
649    8.27106881142
600    8.30804491043
615    8.35668802261
546    8.38413691521
599    8.41716885567
595    8.44533491135
563    8.48304200172
580    8.5214779377
561    8.56428980827
511    8.60517191887
476    8.63109397888
460    8.66707181931
473    8.69916582108
476    8.73765587807
510    8.7751789093
476    8.80355501175
476    8.8393509388
511    8.8822889328
440    8.92550301552
511    8.96416282654
462    9.00307202339
462    9.04670882225
543    9.08021497726
511    9.11259388924
511    9.15600895882
493    9.19805288315
566    9.23577284813
549    9.27922391891
599    9.32274079323
645    9.36162400246
575    9.39017701149
602    9.42256999016
596    9.45454692841
613    9.49846196175
593    9.52622199059
683    9.56236195564
648    9.59585690498
661    9.62940883636
647    9.68133997917
663    9.70954394341
612    9.74198579788
665    9.77519989014
653    9.805082798
649    9.84216785431
650    9.89549589157
684    9.93795180321
648    9.97046685219
668    9.99795985222
667    10.0303969383
684    10.0578978062
715    10.0953969955
679    10.1228888035
668    10.1553759575
701    10.1928298473
701    10.2406358719
705    10.2779788971
699    10.3263349533
701    10.3580129147
753    10.3873538971
698    10.4268898964
702    10.4660069942
748    10.4983439445
718    10.541454792
735    10.5745170116
696    10.6075599194
717    10.6455698013
767    10.6786057949
732    10.7016308308
752    10.7396838665
736    10.77272892
737    10.7978258133
767    10.8414409161
796    10.8737359047
771    10.9055068493
782    10.9490199089
788    10.9757688046
769    11.0161478519
754    11.0436220169
787    11.0869188309
783    11.1299579144
854    11.1693019867
827    11.1966269016
770    11.230244875
804    11.2738878727
799    11.3056650162
823    11.3489949703
824    11.4008998871
824    11.4340338707
842    11.4674828053
825    11.4985668659
845    11.5417678356
836    11.5700027943
839    11.6132128239
835    11.6431548595
925    11.6734549999
856    11.703802824
863    11.7340829372
876    11.7624669075
877    11.8059029579
844    11.8412380219
857    11.8781309128
910    11.9069437981
891    11.9407718182
876    11.9696497917
863    12.0019078255
853    12.0451989174
876    12.0886628628
907    12.1271188259
938    12.1602139473
891    12.1946578026
904    12.2320380211
920    12.274477005
944    12.3174748421
927    12.3582468033
945    12.401252985
927    12.438272953
959    12.4698698521
947    12.5043020248
960    12.5428478718
943    12.5709760189
942    12.605932951
945    12.6359889507
925    12.6675620079
974    12.715970993
939    12.7542998791
962    12.785337925
975    12.8235759735
960    12.866961956
975    12.9050729275
994    12.939180851
992    12.9825639725
973    13.0209949017
975    13.0495038033
978    13.0979149342
975    13.1399278641
1023    13.1663589478
995    13.1945970058
1023    13.2277228832
1006    13.2610578537
1008    13.308880806
995    13.3469569683
1006    13.3853049278
992    13.4286308289
992    13.4717669487
998    13.4988088608
1023    13.5321018696
977    13.5709609985
1009    13.6086878777
1059    13.6421439648
1023    13.6733989716
1014    13.7137098312
1023    13.7519719601
1008    13.7841479778
993    13.8274288177
975    13.8704679012
1008    13.909060955
963    13.9408428669
965    13.9720950127
941    14.0153899193
942    14.0589268208
942    14.0894629955
930    14.1259448528
893    14.163839817
893    14.199985981
890    14.2328739166
924    14.2761559486
862    14.3194727898
880    14.3572309017
860    14.4005608559
824    14.4390687943
858    14.4836099148
857    14.5217700005
826    14.5652558804
820    14.6086969376
782    14.6463868618
787    14.6817128658
767    14.7196679115
733    14.7535018921
731    14.8029139042
699    14.8363938332
717    14.8696699142
715    14.9076919556
732    14.9506168365
665    14.9893908501
631    15.0331978798
631    15.0816619396
580    15.1252570152
650    15.1685910225
617    15.2072629929
651    15.2507808208
628    15.2892990112
647    15.3278608322
698    15.3560698032
699    15.3888158798
665    15.4209828377
682    15.4730198383
687    15.5208399296
753    15.5580108166
739    15.5871329308
736    15.6269929409
737    15.6605420113
733    15.6890888214
754    15.7259268761
719    15.7573158741
715    15.792817831
761    15.861112833
761    15.8989078999
753    15.9043710232
752    15.9348459244
731    15.9656348228
753    15.9963729382
817    16.0284898281
783    16.0713589191
735    16.1132309437
734    16.15147686
751    16.1830699444
735    16.2236788273
798    16.265681982
799    16.3043768406
762    16.34796381
805    16.3853909969
821    16.4247047901
784    16.4570059776
782    16.4909808636
780    16.5190348625
781    16.5526118279
787    16.5957148075
829    16.6431648731
788    16.6794059277
844    16.7252500057
841    16.7677798271
843    16.7913658619
803    16.8250939846
829    16.8563117981
823    16.8874239922
819    16.9232418537
842    16.9712309837
870    17.0119719505
854    17.0429768562
824    17.0739188194
891    17.1064739227
860    17.1378099918
857    17.1813998222
891    17.2248718739
871    17.2632329464
871    17.2898459435
875    17.3431239128
891    17.3865458965
891    17.4299128056
889    17.466272831
857    17.5077188015
891    17.5519199371
893    17.5769028664
926    17.6119298935
923    17.6545548439
911    17.6847558022
920    17.7282369137
922    17.7709798813
923    17.8144710064
