970    0.0330829620361
975    0.0643990039825
973    0.110632896423
974    0.152083873749
980    0.185775995255
993    0.219249010086
1015    0.257827043533
979    0.286201953888
977    0.319983959198
1065    0.35727596283
1008    0.389656066895
1013    0.425826072693
989    0.466667890549
1008    0.497284889221
1023    0.528034925461
1016    0.560122966766
1011    0.590734004974
1023    0.621442079544
1080    0.653116941452
1006    0.683041095734
1016    0.714202880859
1023    0.749737024307
1023    0.783446073532
1023    0.81209397316
1023    0.845854043961
1095    0.874660015106
1023    0.903470993042
1082    0.937156915665
1023    0.965734958649
1023    0.999720096588
1023    1.04331493378
1091    1.08158707619
1022    1.11757087708
1023    1.15716195107
1022    1.18522405624
1048    1.21821594238
1023    1.24622392654
1023    1.28439998627
1023    1.32169294357
1023    1.35714507103
1097    1.38396692276
1023    1.42776107788
1023    1.45458889008
1023    1.5031580925
1077    1.54651498795
1011    1.57377791405
1004    1.60706996918
991    1.64731407166
1008    1.68179798126
999    1.70869398117
991    1.74210906029
979    1.77365398407
979    1.8130838871
973    1.84610390663
979    1.88466787338
957    1.9280500412
959    1.96658396721
940    2.00463294983
961    2.03962492943
927    2.06931996346
914    2.09949994087
892    2.13235902786
889    2.17002606392
874    2.20573091507
839    2.23446393013
857    2.27365398407
785    2.31220006943
799    2.36015796661
768    2.39374089241
735    2.43220710754
700    2.47056007385
681    2.50940299034
617    2.53806591034
615    2.57561993599
582    2.60287499428
583    2.64008402824
575    2.67777991295
549    2.70448303223
511    2.736068964
511    2.76770091057
549    2.79578590393
567    2.83183407784
549    2.87022089958
549    2.90338301659
543    2.94672489166
585    2.99478197098
543    3.03824591637
575    3.08697390556
612    3.13035607338
595    3.17313098907
581    3.21657991409
618    3.25039696693
613    3.28819108009
614    3.32858896255
632    3.36697387695
647    3.40462398529
634    3.44106006622
629    3.46942210197
598    3.50301289558
651    3.53415894508
614    3.57763910294
614    3.6071100235
616    3.65020489693
627    3.69320702553
598    3.73340296745
629    3.75945997238
633    3.79286289215
633    3.82412791252
646    3.86669802666
597    3.90531301498
645    3.94930410385
617    3.98724889755
615    4.01797008514
681    4.06124401093
669    4.10453510284
633    4.14251494408
668    4.17060709
667    4.20387411118
668    4.23999190331
668    4.27348399162
665    4.31687498093
666    4.36904597282
665    4.41241598129
649    4.43929290771
694    4.4730989933
685    4.50727796555
700    4.54476094246
682    4.58746790886
716    4.63012504578
717    4.67346596718
700    4.71187996864
699    4.73932099342
699    4.78117609024
783    4.80810689926
786    4.84123396873
719    4.86944293976
774    4.9047729969
752    4.93477106094
752    4.96577310562
746    4.99814295769
750    5.0414390564
803    5.06810998917
755    5.10465407372
729    5.13178801537
821    5.16994309425
788    5.20622801781
782    5.23767089844
763    5.27069687843
783    5.31397199631
788    5.34493994713
786    5.37843608856
807    5.41188788414
803    5.43575406075
824    5.46882796288
851    5.51185798645
877    5.53653597832
806    5.57137298584
830    5.59803199768
827    5.64900493622
846    5.68501496315
825    5.72093701363
825    5.75670409203
838    5.7918241024
843    5.82176399231
897    5.8559949398
841    5.89585804939
874    5.92617297173
856    5.96878695488
913    5.99609708786
843    6.03939795494
861    6.07266998291
876    6.11055803299
896    6.14477610588
893    6.17037606239
860    6.20838189125
871    6.24522304535
874    6.2719180584
871    6.30853104591
913    6.3350880146
909    6.37201094627
868    6.3990008831
877    6.4308719635
885    6.46300292015
893    6.51022911072
892    6.5433819294
891    6.5783700943
880    6.60822987556
874    6.64330101013
894    6.68111300468
907    6.7093629837
960    6.74178290367
961    6.78313493729
908    6.82207489014
960    6.86519503593
908    6.90345287323
894    6.94677901268
960    6.98552107811
891    7.01411509514
858    7.04738092422
873    7.08040595055
863    7.11261892319
910    7.13906288147
910    7.17207694054
878    7.20687007904
852    7.23163604736
857    7.26414299011
863    7.29653191566
859    7.32638788223
826    7.36178708076
799    7.40505194664
825    7.44863295555
877    7.48646593094
799    7.51813006401
823    7.5467031002
853    7.57909202576
787    7.61212992668
787    7.6440179348
785    7.68736100197
790    7.73025393486
787    7.7585310936
837    7.79207801819
733    7.82205891609
769    7.85230898857
750    7.88042402267
751    7.91724801064
735    7.94357299805
719    7.98300790787
718    8.02656602859
702    8.0650908947
685    8.09667992592
702    8.12689208984
666    8.16028594971
735    8.20893406868
631    8.24260497093
617    8.26965904236
603    8.30303406715
625    8.33351898193
575    8.3771378994
578    8.42633605003
548    8.4593539238
583    8.49154305458
575    8.52445101738
508    8.55293798447
494    8.58985090256
439    8.61675596237
445    8.65012288094
442    8.68089795113
543    8.71431708336
419    8.75281691551
477    8.79532599449
455    8.83877897263
492    8.87234687805
491    8.90561699867
476    8.94495606422
492    8.97862505913
549    9.00960707664
493    9.04149603844
511    9.08494710922
543    9.1105890274
548    9.15140104294
565    9.18945598602
560    9.23746705055
567    9.27412509918
583    9.30512499809
583    9.33743810654
599    9.36648201942
600    9.4013030529
616    9.43235301971
632    9.47480797768
627    9.50537991524
614    9.55343008041
648    9.59668898582
649    9.63335990906
649    9.66208696365
632    9.6958990097
634    9.72464203835
629    9.7587659359
660    9.78709387779
735    9.82040095329
669    9.85233306885
647    9.88498497009
685    9.93221306801
680    9.97378587723
613    10.0112690926
647    10.0416219234
687    10.074639082
668    10.1181089878
702    10.1613938808
699    10.1987431049
716    10.2425079346
700    10.2808470726
683    10.3233690262
703    10.3617179394
716    10.4050328732
711    10.4432649612
733    10.4866259098
717    10.5295250416
698    10.5672960281
717    10.6151089668
753    10.6530599594
719    10.6913669109
718    10.7187600136
770    10.7681939602
771    10.810931921
788    10.8392720222
783    10.8728289604
820    10.9066619873
765    10.9324240685
767    10.9812419415
767    11.0193200111
767    11.0460429192
785    11.0777869225
804    11.1152439117
799    11.1525609493
766    11.1843440533
799    11.2162079811
785    11.2501730919
799    11.2932960987
823    11.3311228752
766    11.3661100864
802    11.4065949917
873    11.4500060081
838    11.4881660938
872    11.5153489113
876    11.5683329105
860    11.6032910347
842    11.6384170055
889    11.6713929176
860    11.7057271004
874    11.7441110611
857    11.7711510658
876    11.8042080402
924    11.8329110146
873    11.8666880131
873    11.8954470158
858    11.9341681004
943    11.9672729969
880    12.0014169216
874    12.0393640995
891    12.0733718872
896    12.1171009541
910    12.1553280354
904    12.1854319572
905    12.21570611
975    12.2491719723
926    12.2931768894
941    12.3315548897
902    12.3637490273
927    12.3982000351
922    12.4450180531
980    12.4809908867
941    12.5231080055
943    12.550194025
956    12.5937309265
957    12.6320879459
955    12.6669929028
941    12.7100350857
940    12.7385799885
961    12.7716140747
962    12.8016119003
963    12.8366410732
939    12.8616199493
978    12.8968579769
981    12.9286589622
964    12.963545084
959    13.0046648979
972    13.0333299637
993    13.066988945
975    13.1059889793
991    13.1439070702
1023    13.1771628857
992    13.220156908
993    13.2513589859
1023    13.2832539082
1023    13.3132369518
1013    13.3617959023
1008    13.3999910355
969    13.4469249249
1013    13.4845950603
989    13.5186510086
1061    13.5622448921
1008    13.6008799076
1062    13.6447041035
1007    13.6834559441
1012    13.7093129158
994    13.7491281033
1023    13.7892260551
1008    13.8276870251
974    13.8557209969
998    13.8934490681
978    13.926543951
960    13.9698688984
961    14.0135450363
940    14.0507938862
927    14.0802590847
927    14.128868103
909    14.1674029827
907    14.2052628994
885    14.2485361099
910    14.2892160416
891    14.3148028851
895    14.3504309654
873    14.3808729649
857    14.4086799622
860    14.4464020729
907    14.4841849804
819    14.5177500248
828    14.5611438751
783    14.6099689007
782    14.6386809349
748    14.6808230877
733    14.7157790661
732    14.7542860508
786    14.7923510075
751    14.8230240345
695    14.8538439274
650    14.8847088814
648    14.9161610603
683    14.9440789223
649    14.9815340042
632    15.0273718834
613    15.0706019402
615    15.0960118771
702    15.12976408
575    15.1725389957
546    15.199420929
547    15.2316789627
616    15.2656369209
633    15.2926309109
667    15.3257539272
666    15.3689889908
714    15.4015290737
751    15.439191103
682    15.4716761112
670    15.5103991032
685    15.5445790291
685    15.578717947
702    15.6078178883
712    15.6368780136
766    15.6710519791
755    15.7052381039
787    15.7444438934
772    15.7844450474
752    15.8296349049
783    15.8663599491
711    15.9098548889
700    15.9481151104
713    15.9908349514
716    16.0199790001
754    16.0518710613
754    16.1130599976
754    16.1454310417
732    16.1524050236
750    16.1941599846
0    16.2221169472
820    16.2412979603
711    16.2710690498
0    16.3061180115
737    16.311412096
789    16.3442850113
0    16.379748106
718    16.3866519928
749    16.4189488888
0    16.4499490261
855    16.4657828808
784    16.4887630939
828    16.5147669315
826    16.5407309532
767    16.6012690067
789    16.6033480167
804    16.6353309155
826    16.6777129173
853    16.7155549526
783    16.7487909794
809    16.7792990208
804    16.8182580471
842    16.8513309956
844    16.8908090591
874    16.9236309528
824    16.963258028
840    17.0051999092
838    17.0439579487
879    17.0876340866
877    17.1310429573
860    17.1691339016
877    17.2119040489
873    17.2508890629
874    17.2942171097
886    17.3321580887
874    17.3662149906
869    17.4095749855
892    17.4479949474
924    17.4855179787
911    17.5173099041
942    17.5587160587
910    17.5905199051
911    17.622369051
906    17.6544089317
963    17.6865110397
911    17.7280099392
922    17.7605359554
943    17.789732933
905    17.8382439613
941    17.8723399639
939    17.9114310741
941    17.9441139698
925    17.9760830402
927    18.007035017
