944    0.048397064209
924    0.0852599143982
877    0.116839885712
922    0.160024881363
874    0.18683886528
889    0.218478918076
856    0.284518957138
857    0.317651987076
842    0.355731964111
841    0.388917922974
844    0.434952020645
861    0.473743915558
857    0.516634941101
887    0.545495033264
841    0.577563047409
824    0.620804071426
822    0.667506933212
825    0.714942932129
825    0.75757598877
804    0.795928955078
787    0.839287996292
805    0.871767044067
790    0.90366601944
783    0.947238922119
769    0.999425888062
749    1.04278898239
766    1.07328891754
782    1.10397791862
685    1.1468269825
702    1.17467284203
701    1.20764493942
649    1.23820090294
713    1.27132201195
633    1.30587887764
597    1.34416794777
598    1.38770890236
543    1.43030190468
511    1.46038389206
511    1.49291491508
471    1.5363008976
455    1.56480193138
459    1.5982940197
454    1.62668585777
335    1.66562795639
319    1.70392489433
330    1.74816894531
207    1.79137086868
190    1.83280301094
191    1.85773706436
172    1.89374089241
174    1.93740391731
175    1.97550797462
86    2.0053319931
138    2.03845906258
139    2.08035898209
173    2.12376785278
139    2.16187286377
139    2.19858884811
193    2.23072099686
188    2.2627248764
138    2.290391922
136    2.32243585587
223    2.37076401711
172    2.40888595581
175    2.44170188904
207    2.47485899925
193    2.50507903099
274    2.54819297791
227    2.58619403839
227    2.61485791206
238    2.65083789825
210    2.69384503365
209    2.71961688995
247    2.75211906433
245    2.78574800491
255    2.81576800346
303    2.84782004356
292    2.90137600899
244    2.94490885735
291    2.98324298859
282    3.02648806572
319    3.06979990005
301    3.11135292053
304    3.13549184799
302    3.18257284164
319    3.22462391853
319    3.2492878437
318    3.27376389503
354    3.30862593651
317    3.33555483818
338    3.36886906624
333    3.39982891083
349    3.43140006065
354    3.46262097359
369    3.49535083771
355    3.53802394867
368    3.58635902405
371    3.619617939
388    3.646463871
427    3.6796040535
472    3.71178603172
406    3.74398589134
434    3.7874288559
406    3.81761002541
469    3.84569406509
440    3.89678096771
460    3.93291807175
440    3.95876789093
477    3.99200606346
479    4.02886390686
478    4.05970287323
493    4.09796500206
494    4.13424396515
511    4.17620706558
564    4.21927595139
564    4.25029802322
511    4.29372596741
575    4.33719396591
565    4.37550091743
582    4.40900802612
579    4.45364403725
600    4.49031400681
598    4.52184104919
600    4.55358195305
660    4.59716391563
613    4.63534593582
693    4.6796028614
649    4.71281385422
632    4.75103092194
648    4.784252882
697    4.82250785828
683    4.85071992874
685    4.88891196251
646    4.93223190308
683    4.96914291382
661    5.01080393791
700    5.03734588623
705    5.07182407379
702    5.11001300812
701    5.14347195625
743    5.17084693909
701    5.21270394325
718    5.25471305847
736    5.29319500923
733    5.33671402931
782    5.36289596558
799    5.39608597755
750    5.43767285347
771    5.46579194069
733    5.49904704094
753    5.53212189674
752    5.57544898987
769    5.60875892639
767    5.64208388329
766    5.67089486122
766    5.71420788765
771    5.74443006516
770    5.78105902672
769    5.82399392128
765    5.85723495483
762    5.89382886887
847    5.92892384529
783    5.97205591202
799    6.01527905464
805    6.04575991631
823    6.08922600746
804    6.13291597366
799    6.17160797119
818    6.21018600464
818    6.25358104706
849    6.28599405289
822    6.31833195686
824    6.34629702568
840    6.38983798027
841    6.43324995041
856    6.47126293182
858    6.50810098648
888    6.54137587547
856    6.57463598251
860    6.60300588608
857    6.63654398918
857    6.66980886459
856    6.71775388718
873    6.75094294548
857    6.79374885559
874    6.82519984245
854    6.85289883614
875    6.88875389099
861    6.91957306862
876    6.9604010582
860    6.98701000214
860    7.01961803436
875    7.0502948761
894    7.08242201805
938    7.11145401001
876    7.14506983757
873    7.17409801483
904    7.20267105103
893    7.24064683914
876    7.28389596939
876    7.30987286568
888    7.3694589138
905    7.39681386948
870    7.42912006378
874    7.46178388596
874    7.50514888763
908    7.54349899292
874    7.57052087784
870    7.60461401939
873    7.6476290226
893    7.69108200073
905    7.73903083801
907    7.78174304962
922    7.81875705719
890    7.84946894646
872    7.88020801544
876    7.91075205803
872    7.94990897179
922    7.98315787315
875    8.01675605774
938    8.06028699875
874    8.09762787819
873    8.13641691208
907    8.16918587685
836    8.20353388786
860    8.23062801361
860    8.26443386078
842    8.30726599693
876    8.33388996124
876    8.36943984032
822    8.40120005608
856    8.44424104691
799    8.47502088547
770    8.52782797813
850    8.5610499382
815    8.59766793251
767    8.63811802864
767    8.66851592064
764    8.71193003654
748    8.75010085106
717    8.78102302551
732    8.81248402596
699    8.85492300987
717    8.89772105217
743    8.93355798721
702    8.96509599686
688    8.99506402016
685    9.02516388893
681    9.0584590435
668    9.09415197372
650    9.13244199753
648    9.16084599495
630    9.19908189774
626    9.23644685745
595    9.2741420269
598    9.30234289169
599    9.33700585365
562    9.36500906944
511    9.39633584023
511    9.43302488327
491    9.47133398056
511    9.49978899956
408    9.53298306465
407    9.56155395508
405    9.59556102753
442    9.64847683907
406    9.68186497688
351    9.71811389923
302    9.7429690361
319    9.77757191658
243    9.80738186836
285    9.83718585968
284    9.87224388123
285    9.90201091766
290    9.94190788269
283    9.98208284378
255    10.0205979347
283    10.0665700436
318    10.1043720245
335    10.1427550316
383    10.1860370636
353    10.2161839008
353    10.2468278408
403    10.2786359787
350    10.321199894
369    10.3645589352
403    10.4059579372
423    10.4442520142
440    10.4875769615
440    10.525662899
442    10.556292057
442    10.5857889652
457    10.6243579388
440    10.6646618843
460    10.6907639503
455    10.7257239819
437    10.763215065
475    10.8052120209
471    10.8468949795
478    10.8847639561
478    10.9284608364
476    10.9599149227
495    10.9920709133
474    11.0351560116
477    11.0653190613
470    11.108645916
475    11.1522078514
494    11.1953549385
496    11.2258598804
490    11.2560608387
494    11.2871420383
495    11.3339910507
511    11.37707901
591    11.4151940346
546    11.4451818466
511    11.4751780033
511    11.5084240437
511    11.5431859493
594    11.5861110687
547    11.6144740582
564    11.6479928493
557    11.6850838661
564    11.721077919
583    11.7516129017
566    11.7825849056
599    11.8127138615
582    11.8464660645
582    11.8805239201
579    11.9175138474
597    11.9607789516
602    12.0217139721
648    12.0596489906
630    12.0978519917
650    12.1295640469
682    12.1601920128
636    12.1909358501
632    12.2216379642
631    12.26491189
688    12.3080718517
687    12.3455190659
667    12.3804440498
660    12.4232828617
704    12.4618618488
668    12.5050530434
685    12.5484240055
683    12.5866670609
668    12.6158959866
709    12.6501569748
682    12.684265852
683    12.7221229076
683    12.7506289482
748    12.7841939926
698    12.825414896
700    12.8585379124
719    12.8922579288
718    12.9257998466
722    12.963342905
719    13.0002388954
750    13.0473198891
734    13.085408926
736    13.1261370182
815    13.1697769165
767    13.2079958916
766    13.250344038
767    13.2771968842
773    13.3090999126
770    13.3423569202
771    13.3853418827
847    13.4093899727
783    13.4438910484
799    13.4876298904
799    13.5305550098
847    13.5833189487
862    13.6232528687
844    13.6616380215
846    13.6941490173
841    13.7366728783
845    13.7678999901
839    13.8112800121
842    13.8534870148
909    13.9009699821
858    13.9340779781
858    13.9656820297
860    14.0060749054
858    14.0390150547
855    14.0671679974
857    14.1026718616
843    14.1282720566
858    14.1641709805
854    14.2023048401
863    14.2386448383
863    14.2705318928
842    14.3180420399
859    14.3564209938
841    14.3999049664
853    14.4431400299
844    14.4797708988
827    14.5106229782
827    14.5399949551
871    14.5759048462
790    14.6193540096
787    14.663228035
790    14.6890890598
829    14.7226200104
767    14.7505869865
767    14.7840380669
816    14.8195550442
770    14.8469789028
767    14.8853788376
755    14.9233038425
771    14.9644770622
767    14.9973289967
754    15.0336070061
750    15.0650248528
734    15.11084795
745    15.1476368904
750    15.190805912
802    15.220692873
732    15.250027895
734    15.2817299366
722    15.313587904
722    15.356869936
722    15.3981950283
736    15.4362728596
703    15.4679970741
698    15.4978330135
733    15.5307910442
734    15.5737240314
763    15.6168749332
715    15.6435320377
747    15.6791479588
684    15.7057640553
702    15.7426218987
698    15.7909910679
701    15.8181250095
702    15.8496620655
700    15.8857550621
665    15.9189999104
681    15.951597929
684    15.9800069332
702    16.0171070099
717    16.0459320545
716    16.0801780224
716    16.1098380089
699    16.1528038979
702    16.1962468624
686    16.2332549095
714    16.2770059109
702    16.3156318665
721    16.3476798534
713    16.3801259995
700    16.4127869606
719    16.443780899
719    16.4757380486
764    16.5089030266
734    16.5478749275
753    16.5916719437
767    16.6343638897
780    16.6728758812
799    16.7177169323
891    16.7548570633
869    16.7847700119
807    16.814499855
804    16.8543000221
829    16.8924729824
842    16.9301190376
843    16.9698040485
840    17.0057709217
891    17.0337979794
877    17.073143959
895    17.1146080494
890    17.1515898705
894    17.1825408936
908    17.2130589485
972    17.2561450005
921    17.2943689823
888    17.3228340149
927    17.3754138947
908    17.4139289856
924    17.4374470711
909    17.4609079361
904    17.4943709373
923    17.52647686
925    17.569519043
905    17.6012289524
959    17.631485939
927    17.6622309685
926    17.704846859
908    17.7482819557
925    17.7865049839
891    17.8145298958
942    17.8509440422
902    17.8885798454
921    17.9343948364
910    17.972276926
909    18.014662981
