890    0.0386788845062
911    0.0827779769897
891    0.116817951202
876    0.152006864548
890    0.178648948669
860    0.212820053101
857    0.248141050339
904    0.286537885666
860    0.325340986252
840    0.372123003006
862    0.405396938324
856    0.438623905182
840    0.492110013962
840    0.543161869049
842    0.550424098969
873    0.580931901932
0    0.615211963654
886    0.624341964722
823    0.647933006287
0    0.681546926498
805    0.689538002014
818    0.727464914322
823    0.755747079849
804    0.797265052795
843    0.835990905762
783    0.883464097977
770    0.920953035355
834    0.951986074448
765    0.980796098709
767    1.01744008064
734    1.07745909691
783    1.12162995338
702    1.15715789795
702    1.19619607925
701    1.23498296738
686    1.27483606339
668    1.31096887589
649    1.34217190742
611    1.40160393715
615    1.4425868988
597    1.48373389244
595    1.50973296165
511    1.543227911
510    1.57136297226
493    1.6030318737
424    1.63977098465
423    1.66558599472
389    1.69994592667
354    1.73891186714
333    1.76620697975
281    1.79971790314
244    1.82799386978
229    1.87758898735
190    1.91503000259
139    1.95390105247
142    1.98939490318
159    2.01525688171
155    2.0487370491
170    2.08219099045
184    2.10608506203
88    2.14913201332
158    2.18880295753
149    2.21784090996
176    2.25095486641
173    2.28590106964
156    2.324477911
223    2.35749292374
190    2.40135097504
155    2.44041395187
209    2.46980905533
191    2.5004389286
220    2.52869486809
176    2.56030607224
176    2.59376096725
210    2.62258887291
227    2.6644589901
255    2.69842195511
237    2.72252988815
248    2.75764703751
292    2.78778791428
207    2.81851601601
228    2.86261105537
244    2.9054069519
255    2.94945001602
211    2.98776006699
286    3.02683901787
255    3.06563806534
255    3.09926986694
315    3.12790608406
329    3.16190695763
300    3.20553088188
244    3.24455189705
319    3.28910303116
284    3.3329410553
319    3.37232494354
319    3.40485906601
335    3.43619608879
353    3.46965694427
319    3.50339007378
383    3.52951693535
338    3.56146407127
335    3.59747695923
352    3.64374899864
356    3.67240309715
353    3.70605993271
434    3.75003504753
351    3.78868794441
367    3.81983804703
405    3.85088300705
407    3.88234591484
485    3.93049001694
422    3.96861886978
458    4.00673699379
438    4.06022787094
454    4.10408902168
494    4.14254808426
495    4.17392396927
492    4.21793699265
559    4.2618470192
494    4.30580496788
508    4.34484601021
511    4.3838570118
593    4.416203022
511    4.45986509323
548    4.49780488014
511    4.52667999268
584    4.56057786942
626    4.5947740078
562    4.63856101036
575    4.66591286659
631    4.69993686676
613    4.7371840477
615    4.77355289459
634    4.79999303818
649    4.83401107788
650    4.87353897095
667    4.90284109116
660    4.93630194664
629    4.96537208557
639    5.00773096085
683    5.04780507088
684    5.07786202431
668    5.1091709137
687    5.14013600349
677    5.17413496971
682    5.21330499649
715    5.26066088676
685    5.29475188255
681    5.32291007042
716    5.35560297966
716    5.39894890785
717    5.44257307053
732    5.4802749157
736    5.51153588295
716    5.55534601212
734    5.58070993423
780    5.61409306526
752    5.64167809486
797    5.67691707611
751    5.70728707314
745    5.74808096886
767    5.79202008247
767    5.83355998993
752    5.85728192329
831    5.89597702026
787    5.92275309563
768    5.96662306786
830    6.01071691513
788    6.0447280407
786    6.08865189552
786    6.13248705864
767    6.17633295059
802    6.20659804344
804    6.23679208755
799    6.27047991753
804    6.30921387672
827    6.343075037
827    6.38160991669
845    6.4158270359
840    6.45466589928
842    6.48339605331
837    6.52153086662
835    6.5647559166
820    6.6041328907
900    6.64810800552
845    6.68712186813
878    6.72601103783
860    6.76933407784
860    6.80821108818
874    6.85202908516
876    6.89113092422
857    6.92290592194
860    6.94847607613
856    6.98353791237
885    7.01578593254
857    7.04825687408
892    7.08001804352
870    7.11253190041
876    7.15619707108
877    7.19864392281
876    7.23781991005
873    7.26463890076
876    7.30017495155
874    7.32891702652
872    7.364579916
874    7.4072830677
890    7.44594192505
901    7.48959493637
873    7.52790498734
874    7.5670979023
876    7.61178207397
893    7.65109109879
896    7.67888307571
889    7.71533107758
868    7.7580780983
934    7.79591798782
887    7.82916307449
868    7.85749292374
889    7.89319205284
889    7.92130589485
878    7.95478796959
874    7.99757504463
880    8.04152607918
874    8.08024907112
897    8.12262988091
892    8.16190695763
890    8.2056889534
887    8.23912787437
858    8.27152204514
878    8.30395102501
868    8.33680295944
857    8.3780670166
921    8.40649294853
859    8.44083809853
856    8.4795320034
843    8.52120399475
839    8.55848908424
818    8.60197091103
804    8.63770604134
797    8.67391395569
783    8.70485591888
811    8.7490439415
749    8.79311299324
768    8.81915187836
753    8.85755300522
729    8.89602303505
733    8.93491792679
700    8.98060894012
694    9.01712393761
716    9.05604100227
763    9.10521101952
685    9.14413690567
679    9.17600393295
743    9.21003603935
685    9.23580598831
667    9.26696801186
670    9.30009508133
667    9.33659100533
629    9.37072706223
677    9.40472793579
596    9.446352005
626    9.49203205109
547    9.52974700928
563    9.55263590813
511    9.57542586327
511    9.61397194862
477    9.64811491966
474    9.68700790405
458    9.72014188766
458    9.75151586533
372    9.80061388016
317    9.84743595123
356    9.88502001762
355    9.9110648632
352    9.94725394249
285    9.97377490997
280    10.0027880669
212    10.0352618694
205    10.0685009956
284    10.1067478657
255    10.1460380554
327    10.1797819138
255    10.2213900089
300    10.2599029541
316    10.2936389446
334    10.3273239136
335    10.350976944
356    10.3896260262
339    10.4132609367
338    10.4519970417
388    10.4907770157
436    10.5194458961
387    10.5586690903
441    10.5977258682
385    10.636341095
403    10.6685740948
441    10.7072720528
459    10.7526059151
440    10.7832551003
440    10.8157639503
463    10.8452489376
442    10.8783690929
439    10.9217169285
460    10.9539020061
460    10.9811909199
423    11.0134820938
454    11.0458478928
459    11.0780608654
460    11.1113500595
476    11.1550240517
476    11.1845319271
473    11.2159800529
473    11.2469880581
488    11.2805120945
476    11.3233449459
460    11.3494188786
478    11.381362915
476    11.4276270866
478    11.4712879658
492    11.514015913
548    11.5520160198
506    11.5879659653
511    11.6248428822
511    11.6563608646
548    11.700412035
511    11.7392680645
568    11.7699389458
530    11.814084053
564    11.8626818657
575    11.8961448669
639    11.9250590801
597    11.9611549377
583    12.0049669743
601    12.0312130451
598    12.0783140659
600    12.1206378937
646    12.1546099186
617    12.1884989738
617    12.2205638885
614    12.2542378902
680    12.2834830284
631    12.3210909367
629    12.3488240242
632    12.3764910698
632    12.4091930389
648    12.4418768883
666    12.4744889736
664    12.5175790787
647    12.5518660545
665    12.581594944
668    12.6249670982
705    12.658536911
671    12.7074580193
681    12.7513179779
685    12.7888638973
699    12.8200719357
701    12.8524870872
700    12.8988928795
713    12.9350209236
700    12.968198061
719    13.0113639832
764    13.0494959354
714    13.077835083
718    13.1110649109
749    13.1459290981
735    13.1717228889
795    13.2043249607
752    13.2378640175
770    13.2777209282
752    13.3267629147
814    13.3650460243
788    13.4012670517
787    13.4335808754
802    13.4774260521
783    13.5164520741
799    13.5457940102
804    13.5745699406
799    13.6144709587
825    13.6485249996
823    13.6813290119
886    13.7158880234
844    13.7602310181
840    13.8041110039
823    13.8453609943
883    13.8918149471
860    13.9243319035
903    13.9632549286
859    14.0024859905
859    14.041672945
841    14.0841009617
859    14.1282169819
856    14.1620900631
843    14.1912600994
839    14.2249879837
839    14.2691600323
839    14.3082609177
857    14.344727993
845    14.3938579559
860    14.4375479221
822    14.4761400223
843    14.5054759979
843    14.5496270657
825    14.5937349796
806    14.6304690838
799    14.6619040966
804    14.7059309483
821    14.754308939
787    14.7872180939
767    14.8206889629
788    14.849052906
769    14.8923659325
771    14.9218349457
813    14.9650568962
752    15.0093050003
755    15.0346980095
796    15.0696918964
732    15.1089420319
746    15.1415848732
750    15.1799230576
752    15.2133920193
736    15.2441818714
748    15.2864699364
733    15.3306488991
736    15.3688399792
753    15.3998188972
739    15.4298479557
734    15.4598798752
736    15.4858698845
797    15.5346450806
730    15.5780210495
715    15.6118149757
714    15.640625
712    15.6796770096
702    15.7041990757
722    15.7387499809
717    15.7684020996
719    15.8029248714
681    15.8423759937
696    15.8667719364
684    15.9012920856
721    15.9357969761
685    15.9652130604
730    16.0046789646
701    16.0384869576
702    16.0708079338
699    16.1147069931
701    16.1414110661
699    16.1838760376
699    16.2282099724
700    16.2667779922
698    16.3030979633
699    16.3411018848
717    16.3677148819
682    16.3966209888
702    16.4304869175
703    16.4627039433
760    16.5050458908
739    16.549063921
721    16.5930449963
716    16.6346619129
715    16.6736459732
733    16.7170870304
766    16.741494894
756    16.7755830288
747    16.8080279827
795    16.8409519196
787    16.8851439953
870    16.9242310524
846    16.9670729637
798    17.0113070011
804    17.0496509075
862    17.0802669525
856    17.1136119366
820    17.142277956
855    17.1854069233
877    17.2165579796
890    17.2475790977
879    17.2799670696
909    17.3234190941
920    17.3654870987
911    17.4041569233
906    17.4467229843
910    17.4902689457
925    17.5179200172
925    17.5520179272
909    17.5792748928
903    17.6118090153
924    17.6443629265
907    17.6717569828
910    17.7042980194
910    17.7417590618
925    17.7742888927
923    17.8017868996
921    17.8343849182
952    17.8668110371
907    17.9041700363
954    17.9464790821
908    17.9890189171
948    18.0265269279
