869    0.0388269424438
890    0.0825660228729
893    0.109181880951
876    0.142624855042
875    0.176407814026
902    0.215480804443
876    0.264089822769
877    0.300631999969
874    0.344461917877
840    0.374511957169
826    0.413357019424
843    0.445984840393
839    0.477097988129
826    0.512401819229
821    0.554656982422
838    0.590626001358
827    0.621109962463
799    0.66474199295
840    0.692967891693
824    0.726600885391
826    0.753350973129
819    0.787463903427
799    0.819025993347
785    0.862754821777
787    0.890187978745
766    0.924068927765
734    0.967694997787
747    0.996053934097
755    1.03993391991
734    1.07780981064
741    1.11536693573
661    1.15832591057
711    1.18964385986
686    1.22162294388
650    1.25148200989
694    1.28017282486
695    1.31515288353
615    1.34623193741
608    1.37832999229
585    1.40990781784
548    1.45400285721
548    1.50801491737
489    1.54713487625
511    1.58639597893
423    1.61499786377
391    1.65085983276
357    1.68615102768
303    1.72087097168
255    1.75484585762
255    1.79856395721
211    1.83736896515
193    1.86683082581
191    1.89826583862
175    1.93071699142
136    1.97449493408
140    1.99838900566
158    2.03751182556
141    2.07199001312
140    2.10514497757
140    2.14019680023
122    2.17922997475
139    2.21035385132
140    2.24930882454
136    2.2871568203
157    2.32868385315
165    2.37276983261
193    2.41677188873
159    2.45417785645
194    2.49713897705
191    2.53518295288
172    2.57928395271
287    2.62329888344
226    2.66491699219
210    2.7032790184
209    2.74741292
227    2.7865588665
255    2.82842183113
245    2.85583901405
274    2.89433598518
245    2.91926002502
246    2.94759488106
245    2.98430395126
228    3.01842403412
330    3.06092882156
284    3.10207390785
255    3.12934184074
310    3.17346096039
284    3.21680903435
319    3.25574398041
301    3.29974794388
303    3.33874797821
338    3.38274502754
319    3.42691993713
338    3.46346092224
334    3.49063181877
339    3.53513002396
371    3.56345295906
355    3.60736989975
373    3.64830493927
390    3.68152284622
387    3.70974993706
352    3.74126601219
353    3.76920795441
455    3.80511593819
414    3.84283399582
408    3.88006901741
403    3.93385887146
423    3.96794581413
423    4.00015497208
462    4.03115797043
455    4.06226396561
442    4.09373283386
406    4.1231880188
458    4.15639996529
458    4.19029998779
478    4.23428988457
510    4.28334999084
511    4.31683182716
511    4.35307598114
511    4.39197182655
510    4.4357919693
591    4.47379994392
543    4.51794099808
562    4.55589985847
563    4.60243797302
575    4.64138484001
579    4.68043684959
580    4.70905780792
581    4.74245691299
634    4.77359390259
655    4.8169939518
629    4.8655898571
630    4.89985489845
648    4.94374489784
648    4.97769784927
709    5.00961089134
693    5.05731892586
663    5.09501099586
666    5.13497495651
684    5.17025089264
683    5.20426082611
682    5.23826098442
700    5.28648781776
683    5.31846284866
759    5.34779691696
722    5.38315296173
721    5.40941882133
712    5.44633102417
737    5.49522399902
739    5.52435994148
777    5.55782794952
733    5.6023349762
717    5.6414539814
751    5.68550086021
736    5.7247569561
770    5.76915884018
752    5.82519197464
770    5.85804891586
767    5.88706302643
791    5.92358589172
787    5.95478701591
831    5.98376488686
799    6.01789402962
828    6.05920290947
812    6.09816503525
781    6.14152789116
785    6.16872286797
844    6.19596982002
819    6.22888302803
825    6.26742696762
827    6.31639003754
865    6.35479402542
819    6.39754199982
826    6.44211483002
818    6.47868680954
844    6.50881481171
839    6.55713582039
840    6.59475588799
860    6.62870001793
839    6.6641728878
842    6.70213294029
835    6.73812389374
886    6.7695248127
863    6.7991938591
853    6.83063697815
858    6.87458586693
840    6.91845393181
859    6.96137785912
860    6.99565696716
861    7.03971099854
858    7.07837295532
863    7.10737681389
856    7.14117288589
893    7.17013883591
889    7.20419383049
873    7.24324893951
891    7.27227187157
897    7.30121397972
890    7.33524680138
888    7.37918186188
894    7.42321896553
879    7.46230387688
897    7.48633694649
889    7.52047181129
875    7.55442285538
891    7.57828998566
879    7.6170899868
876    7.64611291885
869    7.68017792702
888    7.72427296638
886    7.74833989143
888    7.7825088501
878    7.81180286407
880    7.85082697868
857    7.89485692978
895    7.92892789841
894    7.96795082092
874    7.99194192886
875    8.03100681305
874    8.06044387817
874    8.10423398018
874    8.14140200615
876    8.18354892731
840    8.22571802139
868    8.25622296333
900    8.28849601746
842    8.3197119236
857    8.34508895874
861    8.37744903564
860    8.41205787659
840    8.45170092583
804    8.48618197441
799    8.52570796013
799    8.56020498276
786    8.59971690178
783    8.63412189484
771    8.66895985603
816    8.70280003548
799    8.74681401253
797    8.7908949852
732    8.83389496803
732    8.87328791618
716    8.91621303558
746    8.95517897606
713    8.99430990219
732    9.02319288254
667    9.05750989914
775    9.08879685402
699    9.11599802971
699    9.1493768692
665    9.1879298687
682    9.22162699699
648    9.25038194656
630    9.28409790993
613    9.31271791458
618    9.34639787674
613    9.3751180172
610    9.40884780884
599    9.43754792213
594    9.46623587608
564    9.50988101959
549    9.54358887672
496    9.56744790077
492    9.61114788055
557    9.64991903305
489    9.68364286423
504    9.71227383614
422    9.74599885941
404    9.77978801727
387    9.80854582787
388    9.84731984138
351    9.88113880157
335    9.90491890907
303    9.94363689423
280    9.98754692078
302    10.0212869644
245    10.055079937
255    10.0837450027
255    10.1174440384
255    10.1461880207
255    10.1799278259
344    10.2087128162
283    10.237459898
305    10.266160965
297    10.304915905
301    10.3436348438
318    10.3772888184
299    10.4010159969
353    10.4347608089
354    10.4685089588
391    10.5031490326
390    10.5572140217
439    10.6014249325
404    10.640100956
459    10.6791238785
455    10.7229619026
504    10.7565820217
404    10.7965118885
440    10.8314659595
439    10.8597609997
474    10.8941888809
479    10.9361879826
458    10.9772078991
511    11.0134060383
459    11.0448739529
460    11.0773208141
500    11.1109428406
440    11.1499679089
505    11.1938848495
494    11.232929945
477    11.2619419098
476    11.3060688972
492    11.3398838043
490    11.3661389351
492    11.4018309116
536    11.4407949448
552    11.4889650345
476    11.5268998146
509    11.5606429577
511    11.5905628204
543    11.6230609417
532    11.6572380066
511    11.696408987
548    11.740967989
575    11.7784340382
563    11.816783905
549    11.8563609123
565    11.8908388615
583    11.9250659943
566    11.9638719559
600    12.00781703
600    12.0460259914
615    12.0899059772
610    12.1172478199
613    12.1487059593
597    12.1772158146
580    12.2102639675
616    12.2447960377
677    12.2708978653
631    12.3046488762
647    12.3373179436
693    12.3710689545
614    12.4095849991
694    12.4475538731
651    12.4859018326
690    12.5238778591
633    12.5730550289
666    12.6005778313
685    12.6348838806
699    12.6642830372
715    12.6976130009
684    12.7263989449
684    12.7846808434
682    12.8288738728
700    12.8674249649
715    12.9165480137
701    12.9560329914
716    12.9944629669
719    13.0290238857
734    13.0679209232
731    13.1119468212
737    13.1374080181
749    13.1665198803
754    13.2115578651
786    13.2410888672
773    13.2707579136
770    13.3053708076
765    13.3398308754
799    13.3646438122
784    13.4080798626
802    13.4405508041
785    13.4679868221
782    13.5005459785
865    13.5434939861
845    13.5768709183
838    13.6056609154
804    13.641315937
822    13.6844010353
823    13.7218778133
840    13.7541658878
856    13.7867789268
841    13.82249403
838    13.8565788269
860    13.8907699585
842    13.9348838329
841    13.9786388874
853    14.0145540237
845    14.0494639874
857    14.0831038952
859    14.1159698963
900    14.1472699642
839    14.1909229755
857    14.2216179371
881    14.2656998634
858    14.3146920204
900    14.3619458675
840    14.4062058926
843    14.4337248802
845    14.4689218998
842    14.508024931
842    14.5518908501
823    14.5910818577
804    14.6351540089
799    14.6734638214
847    14.7169148922
843    14.7549459934
783    14.789525032
771    14.8258159161
767    14.8584289551
813    14.9016139507
752    14.9448280334
767    14.9831218719
749    15.0259358883
767    15.0698699951
748    15.1037299633
747    15.1459829807
749    15.1948478222
769    15.2285268307
753    15.2644059658
748    15.2957689762
736    15.3282589912
711    15.3725118637
719    15.4113960266
733    15.4448008537
733    15.489566803
716    15.5237028599
750    15.5675489902
697    15.6065180302
717    15.6383948326
698    15.6920509338
719    15.7249538898
701    15.7737679482
734    15.8115038872
712    15.8408849239
678    15.8748049736
724    15.9040620327
681    15.9476280212
751    15.977948904
701    16.0219988823
700    16.0611088276
699    16.094247818
703    16.133232832
701    16.176432848
668    16.2124848366
700    16.253636837
686    16.2797288895
686    16.3109908104
699    16.342911005
701    16.3849890232
724    16.4261169434
727    16.4575920105
696    16.4851868153
715    16.5202019215
737    16.5516719818
736    16.6003539562
736    16.6385710239
782    16.6764519215
733    16.7201068401
763    16.7591388226
766    16.805562973
784    16.8430678844
749    16.8825829029
799    16.9255099297
802    16.9510149956
781    16.9875628948
843    17.0247719288
842    17.0570158958
841    17.1043629646
852    17.1424219608
895    17.1686899662
888    17.198127985
887    17.2323949337
868    17.2605550289
872    17.2934169769
876    17.3258538246
909    17.3583679199
911    17.3831729889
904    17.4256060123
906    17.4631259441
909    17.4952828884
891    17.5387749672
950    17.571669817
921    17.6256029606
942    17.6646809578
944    17.6946718693
927    17.7250249386
907    17.7724208832
922    17.806237936
968    17.8412749767
903    17.8860440254
903    17.9254558086
927    17.9698688984
909    18.0144758224
