935    0.0389537811279
874    0.0828449726105
934    0.122020959854
893    0.166216850281
874    0.205148935318
856    0.249047994614
877    0.292239904404
871    0.330582857132
843    0.363881826401
859    0.407465934753
856    0.44650387764
827    0.478733778
843    0.523905992508
846    0.549016952515
843    0.597505807877
846    0.637893915176
798    0.685369968414
796    0.729966878891
783    0.787520885468
802    0.827305793762
787    0.866389989853
787    0.910237789154
785    0.948537826538
773    0.978319883347
767    1.01124787331
767    1.04347896576
731    1.08177995682
761    1.11457777023
697    1.14427900314
697    1.16869688034
701    1.21312189102
670    1.2430369854
660    1.28697299957
631    1.31810188293
629    1.34939599037
613    1.39589881897
595    1.43450880051
623    1.47754478455
511    1.54266381264
511    1.58077287674
511    1.59208989143
435    1.62266588211
0    1.65136289597
388    1.65646576881
353    1.69509577751
0    1.7241590023
284    1.73337197304
282    1.77134299278
228    1.79851984978
224    1.82586193085
191    1.83806300163
141    1.86945390701
0    1.8955039978
158    1.90670394897
201    1.94304800034
0    1.9874548912
158    1.99142694473
124    2.02451777458
105    2.06430888176
139    2.10788488388
157    2.15036988258
174    2.18901491165
159    2.22732591629
140    2.26579380035
122    2.28929495811
122    2.32811784744
176    2.36716580391
177    2.41106796265
171    2.45550680161
225    2.49422883987
189    2.53288292885
210    2.56755280495
212    2.59749078751
246    2.64024281502
287    2.68562579155
224    2.71896481514
228    2.76230382919
242    2.80633091927
245    2.84588384628
255    2.8899037838
255    2.92887282372
282    2.9683008194
244    3.00123786926
281    3.04454898834
302    3.07479786873
328    3.10704088211
304    3.15082979202
255    3.18703198433
301    3.22283983231
255    3.25883698463
303    3.29241991043
303    3.33641695976
337    3.37384796143
339    3.40524578094
338    3.4481959343
355    3.49133491516
316    3.53030896187
337    3.55777692795
332    3.59048581123
335    3.63390779495
372    3.67260479927
370    3.70825195312
369    3.74726080894
405    3.77953886986
415    3.8234269619
405    3.86253499985
431    3.88989186287
466    3.91939282417
406    3.96354079247
459    4.00153779984
419    4.04365992546
458    4.07679796219
511    4.10453486443
457    4.13319897652
457    4.1711127758
457    4.19730877876
455    4.22648787498
509    4.26078987122
494    4.30523586273
507    4.34941577911
509    4.38024783134
511    4.41924095154
564    4.44902276993
565    4.48353385925
561    4.52508187294
564    4.55354094505
582    4.58505678177
581    4.62918877602
581    4.67307281494
597    4.71638178825
600    4.75559878349
614    4.79962277412
636    4.82698297501
632    4.87101793289
633    4.9098367691
651    4.94212198257
647    4.97539687157
646    5.01392388344
678    5.04270887375
712    5.07668781281
680    5.10240697861
686    5.15131878853
718    5.19507193565
681    5.2297129631
718    5.26363682747
699    5.30774688721
717    5.34595179558
716    5.37369990349
702    5.40713787079
718    5.4505648613
719    5.49917697906
734    5.54322099686
749    5.58219194412
748    5.62133097649
733    5.65440297127
751    5.68485784531
764    5.71416187286
769    5.74391698837
762    5.78360080719
751    5.82225179672
767    5.85199689865
786    5.89374685287
762    5.93274378777
799    5.97578978539
767    6.01492094994
767    6.05904388428
805    6.0930249691
831    6.12544798851
799    6.16842079163
843    6.21166777611
799    6.23783397675
799    6.273832798
827    6.31309080124
820    6.35226678848
817    6.39610290527
884    6.43523597717
819    6.47932481766
842    6.51334381104
885    6.54947781563
839    6.58859586716
839    6.63251781464
857    6.67378091812
834    6.71282982826
839    6.75468993187
873    6.79418587685
856    6.82859683037
856    6.85310792923
874    6.88754487038
856    6.9169728756
863    6.95172381401
859    6.98206377029
856    7.02521681786
877    7.06328988075
878    7.09949088097
856    7.14346599579
860    7.18219590187
862    7.21326494217
939    7.24469280243
875    7.27658295631
873    7.31981277466
857    7.36270880699
931    7.4039349556
909    7.42785978317
873    7.47685599327
873    7.52100896835
868    7.56504297256
875    7.60839080811
934    7.64240598679
890    7.67751193047
893    7.70732688904
873    7.73755788803
856    7.77012491226
879    7.80678892136
888    7.85218787193
937    7.88781881332
877    7.92809796333
876    7.95342898369
858    7.98899698257
876    8.02680182457
876    8.07090878487
895    8.09726595879
892    8.13173890114
856    8.17625498772
860    8.20253777504
857    8.23611998558
874    8.28546977043
844    8.32488799095
853    8.36656999588
841    8.40548086166
841    8.44265985489
802    8.48143577576
783    8.50982379913
804    8.543653965
802    8.5877468586
783    8.62753081322
780    8.67150783539
766    8.71030592918
767    8.74408888817
751    8.78277897835
780    8.81301498413
778    8.84621596336
735    8.87648177147
735    8.90753889084
716    8.95105481148
718    8.99497485161
702    9.04638791084
716    9.09052395821
699    9.12397384644
679    9.15769886971
680    9.18704080582
667    9.23533177376
648    9.2728998661
648    9.3019618988
616    9.33535885811
616    9.36769199371
582    9.4223959446
639    9.46088290215
561    9.49872589111
511    9.52890992165
556    9.55909585953
553    9.58825397491
491    9.6225669384
453    9.66711997986
457    9.70344781876
440    9.74634194374
403    9.77660679817
350    9.81684994698
337    9.84755778313
335    9.8916208744
319    9.92986679077
284    9.96027398109
248    9.99061083794
244    10.0260567665
245    10.0760519505
211    10.1135728359
299    10.1511759758
303    10.1837379932
302    10.2116918564
255    10.2456419468
283    10.2746129036
284    10.3134729862
255    10.3538239002
338    10.3795008659
390    10.4117288589
388    10.440571785
423    10.4734048843
383    10.5036058426
449    10.5375499725
388    10.5767309666
457    10.6207838058
422    10.6596188545
439    10.6932837963
428    10.7200918198
421    10.7532339096
420    10.8099098206
426    10.8512988091
457    10.8986358643
474    10.9425959587
423    10.9696707726
455    11.0037968159
459    11.0480308533
499    11.0733249187
460    11.1095809937
477    11.1537129879
475    11.192830801
510    11.2267208099
511    11.2526829243
474    11.285823822
470    11.322070837
556    11.3593847752
476    11.4033567905
534    11.4419209957
510    11.4699678421
490    11.5024878979
511    11.533769846
510    11.5673139095
511    11.606128931
510    11.6503667831
511    11.6946818829
568    11.7313668728
549    11.7732698917
511    11.7994639874
511    11.8355197906
575    11.8616068363
546    11.8931648731
580    11.9217779636
582    11.9570918083
582    11.9994828701
600    12.0342428684
616    12.0729398727
616    12.1061558723
613    12.1500508785
617    12.181183815
614    12.2171618938
614    12.2488739491
629    12.2817049026
631    12.3204708099
614    12.3669297695
648    12.4092078209
675    12.4484958649
689    12.4766669273
649    12.5096127987
652    12.5451059341
639    12.5842108727
646    12.6268270016
664    12.6711909771
709    12.7105038166
683    12.7496387959
679    12.7871479988
700    12.830575943
746    12.8697497845
713    12.9014708996
697    12.9386439323
700    12.9759998322
717    13.0195348263
758    13.0642938614
729    13.0983178616
732    13.1474068165
749    13.1846859455
736    13.2218089104
750    13.2657439709
745    13.2923769951
746    13.3249938488
767    13.3592000008
783    13.3980817795
788    13.4301970005
786    13.4595358372
770    13.4886507988
762    13.5277369022
799    13.5660557747
805    13.6121227741
802    13.6431868076
841    13.6755599976
825    13.7150568962
834    13.746036768
822    13.779157877
841    13.8182768822
826    13.8500108719
836    13.8939960003
855    13.9327669144
841    13.9725799561
838    14.0165598392
843    14.055218935
839    14.0990309715
839    14.1429708004
855    14.1689147949
884    14.2024018764
855    14.235850811
870    14.2797248363
853    14.3170278072
821    14.3554389477
841    14.381759882
842    14.4138247967
824    14.443048954
840    14.4750127792
820    14.5088779926
824    14.5530748367
847    14.5925519466
827    14.6204869747
806    14.6539068222
786    14.698237896
785    14.7400918007
764    14.7837059498
811    14.8225648403
785    14.8500769138
795    14.8787059784
750    14.9123950005
753    14.9483478069
795    14.9878408909
750    15.0252199173
716    15.0599029064
733    15.0887417793
732    15.1320359707
733    15.1708037853
767    15.2133848667
750    15.2527477741
733    15.2957398891
798    15.3261168003
748    15.3564679623
699    15.3886349201
739    15.4236388206
736    15.4537727833
734    15.4990699291
734    15.5409479141
736    15.5788328648
702    15.6080338955
698    15.6418898106
748    15.684940815
718    15.7238049507
698    15.755854845
747    15.7871677876
701    15.8191978931
665    15.8472309113
718    15.8809018135
719    15.9186189175
698    15.9535589218
700    15.9860317707
681    16.0253789425
699    16.0585467815
682    16.0924119949
683    16.1366579533
699    16.1703138351
702    16.2064647675
727    16.2479469776
684    16.2874717712
763    16.3119897842
703    16.346544981
745    16.3812768459
725    16.4075138569
718    16.4438560009
684    16.4825549126
717    16.5256018639
712    16.5697238445
736    16.603718996
751    16.6327438354
751    16.6752338409
764    16.7093818188
735    16.7358298302
756    16.7677328587
794    16.7959988117
831    16.8345937729
766    16.8581268787
788    16.8815717697
785    16.9171087742
785    16.9564249516
799    17.0007407665
825    17.0498509407
839    17.0966029167
884    17.1392469406
872    17.172700882
877    17.1961507797
875    17.2344899178
857    17.2580049038
890    17.3015818596
902    17.335411787
872    17.3793299198
891    17.4166688919
905    17.4493517876
906    17.4938108921
906    17.5340359211
906    17.5670719147
927    17.5930018425
972    17.6269748211
905    17.6543929577
905    17.6879768372
907    17.7225577831
923    17.7613558769
924    17.7936589718
940    17.8205659389
914    17.8547198772
909    17.8837878704
910    17.9200289249
908    17.9582848549
923    17.99076581
924    18.0394589901
