853    0.0344240665436
869    0.0669360160828
863    0.098356962204
854    0.128732919693
876    0.159040927887
842    0.194383859634
857    0.229733943939
878    0.270210027695
860    0.305758953094
856    0.340458869934
859    0.370849847794
855    0.401298046112
843    0.431532859802
860    0.466879844666
888    0.493500947952
846    0.529235839844
828    0.558680057526
824    0.59806895256
826    0.632555007935
827    0.667285919189
870    0.70617389679
799    0.733510017395
783    0.765852928162
764    0.796128988266
769    0.827113866806
812    0.859200000763
787    0.890280008316
734    0.933647871017
733    0.978478908539
713    1.0169069767
682    1.04681801796
666    1.07679891586
651    1.1120300293
695    1.1520190239
610    1.19545102119
562    1.23400688171
594    1.26836705208
511    1.3033618927
496    1.33843684196
460    1.36880493164
409    1.40269804001
403    1.44196796417
367    1.48117303848
353    1.53806900978
292    1.57676696777
209    1.628895998
175    1.66991591454
188    1.70388698578
122    1.73293185234
155    1.77016687393
140    1.79953598976
124    1.83063197136
123    1.85879206657
205    1.89766192436
155    1.9366710186
138    1.9755449295
156    2.00484991074
139    2.03916406631
156    2.07345294952
176    2.11241388321
185    2.15532684326
221    2.18102192879
159    2.21523284912
157    2.25452685356
188    2.28980994225
211    2.32029700279
192    2.36372804642
174    2.40704703331
243    2.45236301422
227    2.48511099815
255    2.51904988289
281    2.56304502487
209    2.60205101967
255    2.64123606682
286    2.67014098167
281    2.7033200264
255    2.73690485954
241    2.78069591522
285    2.82419395447
255    2.86662483215
284    2.91051292419
303    2.94379687309
301    2.97219705582
319    3.00737094879
316    3.03773498535
335    3.07311105728
340    3.10336089134
338    3.13354206085
319    3.17432284355
399    3.22446298599
357    3.26439285278
356    3.28955984116
351    3.33255004883
390    3.36467599869
354    3.40702104568
415    3.43643903732
388    3.47084784508
421    3.5005300045
424    3.53037905693
406    3.57391095161
442    3.60720705986
425    3.65000987053
442    3.68873095512
460    3.72267699242
443    3.76141905785
460    3.80499196053
476    3.84743595123
507    3.89639806747
492    3.9355700016
505    3.96938991547
536    4.00323295593
511    4.0412709713
546    4.07422089577
550    4.10535693169
548    4.13888597488
511    4.17236399651
543    4.20079398155
548    4.24213790894
624    4.27967905998
560    4.3219139576
617    4.35477805138
580    4.39351701736
645    4.42673206329
615    4.45991396904
636    4.49409890175
653    4.52044200897
647    4.55455183983
668    4.58073186874
708    4.61251688004
647    4.65633893013
660    4.69568800926
681    4.73874902725
698    4.78258895874
700    4.8209168911
716    4.85244703293
733    4.88997888565
738    4.92169499397
696    4.96550893784
735    5.00431203842
750    5.04740405083
796    5.08996701241
750    5.12927293777
750    5.17232990265
769    5.19863390923
799    5.23732805252
770    5.28130102158
767    5.31564283371
785    5.34865689278
804    5.38193893433
790    5.41266703606
783    5.44361495972
874    5.47464084625
820    5.50574588776
839    5.53673291206
829    5.56771302223
820    5.59269499779
799    5.62883090973
886    5.68237686157
853    5.71559286118
857    5.75359797478
900    5.78135991096
822    5.81249594688
857    5.84436988831
863    5.87758898735
857    5.90581583977
858    5.93895292282
874    5.98257994652
890    6.02403497696
872    6.05626392365
869    6.08890295029
860    6.13024306297
890    6.16261005402
875    6.19321084023
894    6.22692990303
893    6.27090501785
908    6.30972290039
903    6.35356903076
908    6.39129686356
910    6.43581295013
901    6.47865605354
910    6.51721405983
890    6.55623006821
923    6.58881688118
952    6.62050700188
923    6.65187501907
901    6.7132768631
925    6.74583387375
910    6.77631306648
945    6.81204104424
908    6.84839105606
907    6.88177704811
927    6.91851902008
926    6.95635986328
924    6.98386693001
926    7.01658797264
924    7.05435991287
941    7.08755397797
908    7.12655496597
943    7.16553902626
920    7.19920301437
926    7.2581038475
926    7.29289793968
942    7.29795002937
937    7.3328499794
0    7.36817193031
927    7.37475705147
941    7.40524792671
924    7.44264292717
942    7.48125386238
927    7.51516795158
924    7.55848884583
924    7.60204696655
909    7.63618397713
927    7.67300105095
943    7.70295786858
922    7.73370695114
930    7.76559400558
910    7.79982995987
910    7.84204101562
924    7.88313794136
892    7.92536091805
910    7.96271586418
893    7.98997592926
890    8.02238988876
927    8.06948494911
907    8.10614085197
890    8.14844799042
887    8.17605185509
907    8.21233296394
905    8.23951601982
873    8.28354096413
874    8.32711696625
876    8.36527299881
859    8.41281700134
857    8.45609092712
841    8.4949400425
829    8.53402090073
803    8.56770992279
806    8.60141396523
857    8.64535403252
799    8.688133955
803    8.72210502625
799    8.7540678978
783    8.79513287544
749    8.82848501205
799    8.86184406281
786    8.8901720047
753    8.92445993423
770    8.96839594841
750    9.00710892677
731    9.05359005928
737    9.11092185974
735    9.1546318531
719    9.19372487068
702    9.23787403107
683    9.27683591843
648    9.32087898254
610    9.35967206955
675    9.40289402008
596    9.4314789772
602    9.46117591858
549    9.4987039566
564    9.54537892342
493    9.58921790123
510    9.61973285675
479    9.65216994286
479    9.69533801079
461    9.73461604118
477    9.77304601669
444    9.80879306793
460    9.84705090523
408    9.88124895096
405    9.92407083511
425    9.96834993362
406    10.0075440407
424    10.0519340038
440    10.0909659863
476    10.1299898624
472    10.1658489704
474    10.208096981
505    10.2355768681
441    10.2707898617
511    10.3101739883
494    10.3390779495
537    10.3779990673
508    10.4225189686
494    10.4594600201
494    10.489677906
510    10.5198428631
511    10.5523719788
509    10.5802938938
494    10.6139090061
492    10.6450178623
491    10.6809179783
477    10.7180988789
489    10.7569458485
493    10.7980999947
455    10.829638958
492    10.8574559689
511    10.8911759853
495    10.9226288795
460    10.9662709236
511    11.0100848675
492    11.0480139256
509    11.0911660194
509    11.1349248886
510    11.1791708469
511    11.2176609039
511    11.2613430023
511    11.3039999008
511    11.3422679901
562    11.3862409592
511    11.4252920151
548    11.4641640186
531    11.4965820312
511    11.5278189182
563    11.575387001
547    11.6132979393
543    11.6572189331
585    11.6959650517
565    11.7311010361
566    11.7563960552
628    11.7901899815
583    11.8209199905
601    11.852189064
619    11.8832499981
657    11.9115300179
613    11.9500119686
596    11.9760189056
616    12.0120489597
700    12.0433650017
619    12.0861129761
649    12.1299979687
695    12.1696200371
627    12.2085740566
630    12.2356958389
634    12.2749269009
635    12.3189589977
664    12.3629670143
666    12.4041419029
699    12.4421589375
663    12.4708738327
702    12.5071399212
666    12.5457708836
688    12.5772540569
683    12.6084299088
685    12.6406638622
665    12.6828758717
682    12.725030899
700    12.7521560192
702    12.7810230255
716    12.8148379326
702    12.862074852
716    12.897026062
713    12.9290480614
738    12.9599750042
734    12.9944479465
713    13.0309460163
729    13.0647599697
735    13.1089749336
735    13.1507730484
776    13.1791620255
735    13.2125489712
753    13.2460069656
799    13.2749669552
753    13.3239278793
785    13.3619539738
781    13.4043178558
783    13.4434740543
799    13.4871468544
785    13.5259859562
783    13.5624408722
788    13.6037330627
805    13.6297619343
802    13.6631669998
823    13.7220978737
870    13.748623848
819    13.7782599926
807    13.8171598911
829    13.8412280083
824    13.8753108978
837    13.9055900574
837    13.9348020554
822    13.96844697
862    14.0155088902
871    14.0595338345
826    14.0991809368
823    14.1447198391
820    14.1830189228
823    14.226500988
797    14.2706539631
822    14.3045358658
804    14.3335659504
824    14.3701920509
804    14.3983099461
787    14.4314670563
786    14.4696478844
787    14.5075089931
787    14.5363669395
829    14.5693209171
767    14.6071150303
781    14.6451859474
747    14.678278923
752    14.7061240673
753    14.7390749454
736    14.7772979736
734    14.8154768944
739    14.8550829887
736    14.885185957
797    14.9285869598
752    14.9728870392
749    15.0072698593
736    15.0362119675
734    15.0752248764
766    15.1170120239
722    15.1659939289
713    15.2099540234
717    15.2539420128
781    15.2932088375
719    15.3254199028
715    15.3576209545
738    15.390255928
733    15.4218850136
699    15.4657988548
718    15.5050389767
718    15.548940897
738    15.5873429775
736    15.6311578751
742    15.6743688583
695    15.7088890076
684    15.7483818531
717    15.7748198509
715    15.8082480431
699    15.8416669369
717    15.875068903
700    15.903414011
716    15.9377179146
729    15.976831913
736    16.009155035
753    16.053030014
738    16.0805549622
752    16.1342740059
750    16.1624250412
770    16.1963698864
767    16.2294299603
787    16.2662470341
766    16.2991859913
798    16.3376688957
778    16.3812119961
852    16.4196870327
805    16.448196888
785    16.4819869995
887    16.5089888573
842    16.541162014
839    16.5730938911
839    16.6055748463
904    16.6346478462
852    16.6685540676
891    16.7124650478
873    16.7546520233
889    16.7983798981
905    16.8286569118
905    16.8688499928
892    16.9041118622
907    16.9347338676
927    16.9788570404
913    17.0037839413
906    17.0389890671
927    17.06909585
923    17.0992350578
959    17.1342918873
947    17.169303894
944    17.2040610313
942    17.2339959145
942    17.263972044
926    17.2988779545
927    17.3289399147
927    17.3589229584
946    17.3937718868
935    17.4278249741
951    17.4664449692
925    17.5176639557
891    17.5514369011
927    17.5895869732
926    17.621393919
893    17.66010499
889    17.693212986
905    17.7212879658
889    17.7550878525
903    17.7833459377
879    17.8223979473
931    17.8615379333
910    17.8879640102
905    17.9268250465
892    17.9530408382
889    17.9969089031
920    18.0403108597
