1081.2	0.043308
1082.2	0.081212
1103.8	0.11248
1059.1	0.15584
1058.3	0.19923
1070	0.23744
1061.2	0.27735
1102	0.31336
1073.1	0.34653
1076.8	0.38469
1081.7	0.42083
1023.6	0.45904
1101.4	0.49249
1023.6	0.53603
1077.2	0.57911
1072.3	0.61581
1084.2	0.64754
1077.9	0.67438
1073.9	0.71619
1079.5	0.74728
1053.3	0.78224
1081	0.82093
1078.5	0.86393
1075.6	0.89446
1022.3	0.92747
1110.4	0.9708
1053.5	1.0186
1054.5	1.0562
1023.4	1.0949
1095	1.1237
1114.5	1.1528
1082.7	1.1845
1082	1.22
1081.3	1.2623
1078.2	1.2924
1082.9	1.3243
1076	1.3527
1075.2	1.3859
1073.9	1.4189
1065.3	1.4549
1059.1	1.4815
1081.6	1.5136
1060.3	1.5477
1079.5	1.5781
1078.9	1.6127
1086.1	1.6472
1079.9	1.6769
1079	1.7114
1065.3	1.7462
1100.4	1.7894
1056.9	1.8172
1073.6	1.8505
1074.5	1.8826
1077.3	1.9265
1074.3	1.9698
1074.8	2.0029
1054.4	2.0379
1079.2	2.0831
1074.3	2.1216
1099.1	2.1498
1081.4	2.1932
1086.2	2.229
1057.8	2.2619
1061.4	2.2949
1100.7	2.3249
1115.2	2.3685
1078	2.4122
1076.8	2.4504
1055.4	2.4873
1093.7	2.5256
1074	2.5589
1078.3	2.5975
1073.1	2.6305
1078.2	2.6625
1098.6	2.6979
1096.9	2.7242
1098.4	2.7585
1077.8	2.7937
1058.8	2.8274
1134.9	2.8735
1081.9	2.9068
1077.2	2.9499
1081.9	2.979
1075.3	3.0182
1149.7	3.0577
1079	3.094
1092.4	3.1372
1093.4	3.1755
1091.8	3.2029
1095.1	3.2498
1079.6	3.2806
1092.1	3.3241
1095.1	3.3649
1082.6	3.4034
1074.9	3.4464
1077.5	3.4714
1094.9	3.5113
1080.7	3.5462
1138.7	3.5765
1080.7	3.6085
1080	3.6512
1085.3	3.6819
1116.9	3.7337
1093.2	3.7656
1095.5	3.7987
1096.7	3.8346
1104.7	3.8721
1076.5	3.9032
1094.8	3.9357
1075.6	3.9681
1095.3	4.0047
1073.2	4.0412
1085.5	4.0721
1080.5	4.1137
1082	4.1514
1078.5	4.1943
1077.4	4.2375
1075.5	4.2643
1076.5	4.2975
1083.3	4.341
1075.5	4.3714
1074.6	4.4035
1115.9	4.4358
1080.4	4.4656
1078.3	4.5092
1072.4	4.5505
1096	4.5894
1074.8	4.6226
1053.5	4.6549
1060.8	4.6922
1097.3	4.7444
1074.9	4.7878
1094.7	4.8259
1080.6	4.8568
1077.2	4.885
1082	4.9181
1081.2	4.9499
1070.9	4.9931
1080.8	5.0312
1070.6	5.0631
1080.4	5.1047
1070.8	5.148
1069.3	5.1858
1078	5.2289
1081.1	5.267
1062	5.2953
1059.5	5.3308
1056.2	5.3701
1094.5	5.3981
1080.8	5.4337
1120.1	5.4651
1071.1	5.4934
1079.4	5.529
1119.7	5.5552
1073	5.5885
1072.3	5.6214
1076.2	5.6644
1081.8	5.695
1077.2	5.7271
1084.2	5.7559
1075.4	5.7897
1061	5.8328
1054	5.8763
1079.7	5.9147
1023.1	5.9449
1076.3	5.9787
1120.7	6.0074
1081.2	6.0411
1044.7	6.0699
1021.8	6.1037
1058.2	6.1324
1055.4	6.1645
1075.5	6.2127
1061.7	6.2557
1021.3	6.282
1069.4	6.3409
1054.3	6.3733
1116.4	6.4007
1045.5	6.4381
1073.3	6.466
1079.2	6.4985
1061.1	6.5417
1077	6.5849
1105.2	6.6113
1058.1	6.6444
1059.6	6.6874
1060.9	6.7127
1065.2	6.7487
1056.2	6.7756
1066.1	6.808
1051.4	6.8406
1022	6.8841
1061.4	6.9369
1060.3	6.9842
1023.4	7.0176
1063.5	7.0484
1077.7	7.0915
1022.4	7.1348
1062.8	7.1615
1070.7	7.1924
1022.9	7.2206
1082.1	7.258
1069.6	7.296
1021.4	7.3359
1047.7	7.3709
1054.9	7.3958
1064.3	7.4312
1096.8	7.4696
1065.4	7.5055
1021.6	7.5437
1063.8	7.5761
1023.2	7.619
1024.4	7.6671
1021.3	7.7023
1023	7.7447
1076.3	7.7835
1021.2	7.8158
1024.5	7.8475
1049.5	7.8908
1046.8	7.9326
1058.3	7.9746
1080.4	8.0129
1066.4	8.0444
1020.5	8.0877
1079.9	8.131
1062.4	8.1745
1023.8	8.2129
1022.9	8.2412
1023.2	8.2774
1022.5	8.32
1074.4	8.3684
1024	8.3966
1022.1	8.4322
1011.5	8.4631
1063.7	8.4962
1059.2	8.5234
1020.3	8.557
1023.3	8.5875
1023.7	8.6162
1023.8	8.6493
1023.4	8.6846
1022.9	8.7179
1023.1	8.7414
1025.3	8.7748
1023.1	8.8032
1022.6	8.8415
1101.7	8.8649
1096.4	8.9034
1025	8.9472
1021.2	8.9853
1023.7	9.017
1024.7	9.0604
1008.8	9.0871
1048.7	9.1215
1009	9.1495
1049.1	9.1926
1025.8	9.2304
1069.2	9.2706
1010.3	9.3089
1021.6	9.336
1081.9	9.3699
1008.1	9.4029
1006.5	9.4316
1021.1	9.4712
1021.2	9.5076
1023.5	9.5494
1020.6	9.59
992.59	9.6232
995.51	9.6514
989.73	9.6846
1011.9	9.7149
1022.3	9.7455
990.23	9.7783
1024	9.8155
996.83	9.8435
986.98	9.8717
990.61	9.9071
989.18	9.9577
987.93	9.9984
1024.4	10.037
1021.8	10.07
988.67	10.113
1023.1	10.139
973.36	10.174
990.47	10.217
1009.5	10.246
1014.8	10.276
1010.9	10.305
1008.8	10.338
991.38	10.38
1015.3	10.407
1024.2	10.446
996.59	10.484
996.23	10.514
1070.7	10.546
1006.8	10.586
1007.5	10.62
994.25	10.663
1023	10.692
1022.4	10.731
1022.1	10.76
1022	10.789
1025.3	10.833
1005.1	10.869
1011.2	10.905
1024.3	10.959
1047.1	11.002
995.23	11.03
990.23	11.063
1024.1	11.096
992.14	11.127
987.6	11.171
1000.8	11.214
1004.9	11.252
1023.3	11.283
1020.7	11.308
1025.3	11.341
1004.4	11.37
1007.6	11.418
1007.9	11.446
1023.6	11.48
993.59	11.512
1024.4	11.556
1005.6	11.599
1011.4	11.624
1015.1	11.655
993.37	11.683
990.61	11.726
971.74	11.754
1023.3	11.795
1025.5	11.833
972	11.876
1007.2	11.901
1012.1	11.933
995.96	11.966
994.12	12.009
995.7	12.04
993.59	12.088
997.15	12.122
1012.9	12.155
1012.9	12.185
1011.4	12.238
1010.4	12.277
995.28	12.319
1014.5	12.351
1010.2	12.395
1010.8	12.438
1009.7	12.479
1026.4	12.519
1023.1	12.555
1007.9	12.594
990.72	12.632
1022.9	12.676
1007.5	12.719
1021.3	12.758
1008.1	12.802
1022.2	12.84
1049.6	12.883
1022.8	12.926
1024.6	12.974
1022.9	13.008
1015.1	13.056
1023	13.098
1025.1	13.125
1024	13.157
1049.8	13.201
1012	13.239
1010.5	13.271
1013.5	13.302
1023.3	13.336
1021.3	13.36
1050.3	13.394
1023.4	13.419
1020.9	13.453
1004.6	13.489
1024.8	13.527
1022.3	13.571
1021.6	13.608
1081.6	13.652
1021.5	13.694
1023.5	13.723
1000.3	13.756
1022.3	13.783
1021.1	13.826
1022.3	13.857
1020.7	13.888
1023.8	13.919
1024.2	13.953
1009	13.994
1024.2	14.023
1024.5	14.056
1022	14.099
1022.4	14.141
1021.3	14.179
1020.6	14.227
1099.9	14.262
1021.4	14.295
1059.1	14.338
1022.6	14.381
1059.5	14.419
1062.9	14.452
1013.4	14.486
1060.2	14.524
1021	14.559
1044.6	14.606
1056.2	14.638
1060.2	14.669
1023.1	14.717
1023.6	14.754
1074.8	14.791
1059.5	14.823
1058.3	14.861
1068.1	14.896
1062.1	14.928
1061.4	14.961
1021.1	15.003
1084.4	15.042
1024.2	15.079
1062.5	15.11
1064.6	15.141
1052.6	15.169
1085.8	15.202
1023.6	15.23
1022.9	15.268
1025.2	15.311
1021.1	15.35
1023.6	15.393
1063.1	15.435
1061.4	15.474
1023.8	15.506
1061.8	15.548
1064.1	15.592
1068.8	15.63
1058.6	15.673
1053.7	15.716
1062.6	15.741
1065.9	15.784
1062.1	15.823
1099.3	15.851
1062.5	15.887
1021	15.923
1053.2	15.959
1022.6	15.989
1076.4	16.023
1076.4	16.061
1060.7	16.093
1023	16.121
1084.5	16.159
1113.8	16.187
1063.8	16.22
1078.4	16.263
1078.6	16.29
1074.7	16.326
1062.8	16.353
1058.1	16.386
1072.2	16.418
1076.4	16.451
1056	16.498
1021.8	16.54
1024.2	16.584
1023.8	16.622
1061.1	16.656
1060.1	16.69
1078.4	16.717
1057.8	16.753
1024.6	16.788
1072.2	16.826
1102	16.86
1063	16.903
1120.6	16.947
1075.7	16.99
1077.5	17.028
