1083.8	0.043308
1079.4	0.081212
1100.2	0.11248
1058	0.15584
1059.9	0.19923
1070.3	0.23744
1061	0.27735
1100.8	0.31336
1074.2	0.34653
1077.5	0.38469
1080.7	0.42083
1022.8	0.45904
1102.5	0.49249
1023.6	0.53603
1076.8	0.57911
1070.3	0.61581
1083.7	0.64754
1081	0.67438
1075.1	0.71619
1082.3	0.74728
1052.5	0.78224
1079.2	0.82093
1080.7	0.86393
1076.7	0.89446
1022.3	0.92747
1114.7	0.9708
1054.7	1.0186
1054.9	1.0562
1022.9	1.0949
1095.8	1.1237
1116.3	1.1528
1082.3	1.1845
1081.7	1.22
1078.1	1.2623
1078	1.2924
1080.7	1.3243
1075.5	1.3527
1074.8	1.3859
1077	1.4189
1066.2	1.4549
1056.9	1.4815
1081.3	1.5136
1061.6	1.5477
1079.4	1.5781
1078.3	1.6127
1087	1.6472
1079.4	1.6769
1079.9	1.7114
1063.3	1.7462
1100.8	1.7894
1057.1	1.8172
1076.6	1.8505
1076.3	1.8826
1075	1.9265
1075.3	1.9698
1073.4	2.0029
1055.2	2.0379
1079.9	2.0831
1074.8	2.1216
1099.6	2.1498
1081.3	2.1932
1085.5	2.229
1055.4	2.2619
1061.3	2.2949
1099.3	2.3249
1116.6	2.3685
1077.6	2.4122
1075.8	2.4504
1055.3	2.4873
1093.9	2.5256
1075.9	2.5589
1078.6	2.5975
1073.8	2.6305
1081	2.6625
1097.3	2.6979
1092.7	2.7242
1099.1	2.7585
1079.4	2.7937
1061.3	2.8274
1135.8	2.8735
1084.2	2.9068
1074.9	2.9499
1079.5	2.979
1075.6	3.0182
1149.8	3.0577
1075.6	3.094
1095.8	3.1372
1094.7	3.1755
1091.3	3.2029
1095.3	3.2498
1078.1	3.2806
1092.2	3.3241
1095	3.3649
1082	3.4034
1074.6	3.4464
1077.1	3.4714
1098.5	3.5113
1080.9	3.5462
1136.9	3.5765
1081.6	3.6085
1080.6	3.6512
1085.5	3.6819
1117.8	3.7337
1094	3.7656
1097.5	3.7987
1096.5	3.8346
1105.9	3.8721
1076	3.9032
1096.1	3.9357
1073.4	3.9681
1097	4.0047
1074	4.0412
1085.8	4.0721
1080.4	4.1137
1081.1	4.1514
1080.6	4.1943
1078.5	4.2375
1075.4	4.2643
1077	4.2975
1082	4.341
1076.1	4.3714
1075.4	4.4035
1114.6	4.4358
1079.9	4.4656
1076.7	4.5092
1074	4.5505
1095.8	4.5894
1073.7	4.6226
1055.9	4.6549
1060.2	4.6922
1099.6	4.7444
1077.8	4.7878
1094.1	4.8259
1079.6	4.8568
1079.1	4.885
1079.7	4.9181
1081.2	4.9499
1070.5	4.9931
1081.5	5.0312
1070.9	5.0631
1080.3	5.1047
1071.5	5.148
1069.8	5.1858
1076.3	5.2289
1080.6	5.267
1061.4	5.2953
1059.4	5.3308
1058.1	5.3701
1091.8	5.3981
1081.2	5.4337
1119.9	5.4651
1071.4	5.4934
1077.8	5.529
1120	5.5552
1073.2	5.5885
1071.2	5.6214
1075.3	5.6644
1081.3	5.695
1080.7	5.7271
1084.2	5.7559
1076.6	5.7897
1059.5	5.8328
1054.1	5.8763
1079.3	5.9147
1024	5.9449
1075.2	5.9787
1119.1	6.0074
1078.7	6.0411
1046.3	6.0699
1021.7	6.1037
1058.1	6.1324
1054.2	6.1645
1074.4	6.2127
1060.1	6.2557
1023.6	6.282
1070.6	6.3409
1053.3	6.3733
1116.7	6.4007
1049.1	6.4381
1074	6.466
1078.5	6.4985
1062.3	6.5417
1076.2	6.5849
1105	6.6113
1059.1	6.6444
1058.3	6.6874
1060.7	6.7127
1064.1	6.7487
1059.1	6.7756
1067.7	6.808
1049	6.8406
1023.8	6.8841
1063.3	6.9369
1059.8	6.9842
1022.6	7.0176
1060.9	7.0484
1076	7.0915
1025.2	7.1348
1060.4	7.1615
1067.2	7.1924
1021.7	7.2206
1085.2	7.258
1069.9	7.296
1022.7	7.3359
1048.1	7.3709
1054.8	7.3958
1063.6	7.4312
1100	7.4696
1065.4	7.5055
1022.4	7.5437
1064.7	7.5761
1024.2	7.619
1023.3	7.6671
1021.7	7.7023
1024	7.7447
1076.9	7.7835
1022.9	7.8158
1023	7.8475
1049.3	7.8908
1049.7	7.9326
1059.6	7.9746
1080.9	8.0129
1069.9	8.0444
1022.6	8.0877
1080.7	8.131
1062.5	8.1745
1022.3	8.2129
1022.9	8.2412
1022.9	8.2774
1024	8.32
1073.2	8.3684
1024.2	8.3966
1022.6	8.4322
1013.6	8.4631
1065.2	8.4962
1060.2	8.5234
1023.6	8.557
1022.2	8.5875
1023.3	8.6162
1022.1	8.6493
1022.8	8.6846
1022.2	8.7179
1023.1	8.7414
1021.9	8.7748
1024	8.8032
1023.3	8.8415
1098.5	8.8649
1092.6	8.9034
1021.2	8.9472
1018.9	8.9853
1023	9.017
1023.5	9.0604
1007.5	9.0871
1046.8	9.1215
1009.4	9.1495
1044.9	9.1926
1022.7	9.2304
1066.6	9.2706
1011.5	9.3089
1022.2	9.336
1083.1	9.3699
1006.8	9.4029
1010.1	9.4316
1023.1	9.4712
1022.7	9.5076
1021.4	9.5494
1023.4	9.59
990.69	9.6232
993.6	9.6514
990.15	9.6846
1012.2	9.7149
1022.3	9.7455
992.99	9.7783
1023.8	9.8155
998.63	9.8435
984.79	9.8717
989.67	9.9071
987.82	9.9577
989.61	9.9984
1025	10.037
1022.4	10.07
990.03	10.113
1023.4	10.139
970.51	10.174
990.95	10.217
1011.2	10.246
1016.8	10.276
1011.7	10.305
1009.2	10.338
991.49	10.38
1015.2	10.407
1023	10.446
994.87	10.484
996.07	10.514
1070	10.546
1007.8	10.586
1010.2	10.62
993.21	10.663
1022.4	10.692
1021.9	10.731
1020.5	10.76
1023.4	10.789
1022.6	10.833
1008.6	10.869
1012.5	10.905
1024	10.959
1047.4	11.002
996.54	11.03
992.48	11.063
1022.8	11.096
992.26	11.127
983.84	11.171
1002.4	11.214
1007.2	11.252
1023.1	11.283
1025	11.308
1023.4	11.341
1004	11.37
1006.6	11.418
1008.4	11.446
1022.4	11.48
993.6	11.512
1022.7	11.556
1003.1	11.599
1013.9	11.624
1014.4	11.655
992.48	11.683
991.51	11.726
971.71	11.754
1022.1	11.795
1021.1	11.833
972.25	11.876
1005.4	11.901
1010.4	11.933
992.91	11.966
993.43	12.009
997.76	12.04
996.52	12.088
998.27	12.122
1013.5	12.155
1014.9	12.185
1011.5	12.238
1012	12.277
995.09	12.319
1015.4	12.351
1013.3	12.395
1011.4	12.438
1012.4	12.479
1022.9	12.519
1024	12.555
1007.4	12.594
992.02	12.632
1021.6	12.676
1005.5	12.719
1022.4	12.758
1011.2	12.802
1019.8	12.84
1047.5	12.883
1023.3	12.926
1021.6	12.974
1021.7	13.008
1014.6	13.056
1023.3	13.098
1024.6	13.125
1023.5	13.157
1050.7	13.201
1014	13.239
1013	13.271
1013.2	13.302
1020.5	13.336
1022.2	13.36
1049.7	13.394
1023.2	13.419
1022.4	13.453
1006.6	13.489
1023.3	13.527
1025.3	13.571
1021.5	13.608
1082	13.652
1019.6	13.694
1024.5	13.723
1003.6	13.756
1024	13.783
1022.9	13.826
1024.1	13.857
1024.8	13.888
1022.2	13.919
1021.9	13.953
1008.1	13.994
1022.2	14.023
1024.5	14.056
1022.7	14.099
1021.7	14.141
1023.1	14.179
1022.1	14.227
1099.2	14.262
1023.5	14.295
1058.3	14.338
1023.5	14.381
1060.4	14.419
1063.9	14.452
1012.2	14.486
1060.4	14.524
1024.1	14.559
1047.5	14.606
1059	14.638
1060.9	14.669
1021.8	14.717
1022.8	14.754
1076	14.791
1060.7	14.823
1061.9	14.861
1066.3	14.896
1062	14.928
1059.3	14.961
1023.1	15.003
1084.7	15.042
1023.2	15.079
1061.2	15.11
1064.7	15.141
1054.4	15.169
1084.9	15.202
1022.5	15.23
1023.7	15.268
1023.3	15.311
1022.1	15.35
1023	15.393
1059.9	15.435
1060.1	15.474
1024.8	15.506
1059.8	15.548
1061.5	15.592
1074.2	15.63
1060.1	15.673
1055.5	15.716
1065.6	15.741
1060.7	15.784
1062.1	15.823
1101.3	15.851
1060.7	15.887
1022.7	15.923
1054.5	15.959
1022	15.989
1075.2	16.023
1074.4	16.061
1059.8	16.093
1022.2	16.121
1083.7	16.159
1114.1	16.187
1064.7	16.22
1075.1	16.263
1081.2	16.29
1075.6	16.326
1064.8	16.353
1059.9	16.386
1070.9	16.418
1075.4	16.451
1059.4	16.498
1022.8	16.54
1023.5	16.584
1023.9	16.622
1060.7	16.656
1062.2	16.69
1078.5	16.717
1060.4	16.753
1021.9	16.788
1074.6	16.826
1102.2	16.86
1062.8	16.903
1119.3	16.947
1076.7	16.99
1078.9	17.028
