1080.8	0.043308
1080.5	0.081212
1101.5	0.11248
1057.5	0.15584
1058.9	0.19923
1069.7	0.23744
1061.7	0.27735
1099.4	0.31336
1075.7	0.34653
1076	0.38469
1081.4	0.42083
1023.9	0.45904
1102.2	0.49249
1023.8	0.53603
1077.5	0.57911
1071	0.61581
1086.1	0.64754
1079.9	0.67438
1075	0.71619
1081.8	0.74728
1053.8	0.78224
1082	0.82093
1077.3	0.86393
1076.9	0.89446
1023.2	0.92747
1111.9	0.9708
1053	1.0186
1053.9	1.0562
1022.9	1.0949
1096.5	1.1237
1116.8	1.1528
1083.6	1.1845
1080.7	1.22
1081.8	1.2623
1079	1.2924
1083.4	1.3243
1072.7	1.3527
1074.6	1.3859
1076.3	1.4189
1068.3	1.4549
1056.9	1.4815
1080.7	1.5136
1061.5	1.5477
1079.9	1.5781
1078.5	1.6127
1086.9	1.6472
1078.1	1.6769
1082.4	1.7114
1062.4	1.7462
1102.2	1.7894
1059.4	1.8172
1075.8	1.8505
1076.2	1.8826
1073.5	1.9265
1075.9	1.9698
1073.4	2.0029
1055.3	2.0379
1079	2.0831
1074.9	2.1216
1101.4	2.1498
1081	2.1932
1086.8	2.229
1057.1	2.2619
1062.6	2.2949
1100.2	2.3249
1116.7	2.3685
1076.5	2.4122
1077.4	2.4504
1054.6	2.4873
1095.4	2.5256
1074.6	2.5589
1080.7	2.5975
1074	2.6305
1079.6	2.6625
1096.9	2.6979
1094.5	2.7242
1099.5	2.7585
1078.5	2.7937
1060.8	2.8274
1134.3	2.8735
1083	2.9068
1075.8	2.9499
1080.3	2.979
1076	3.0182
1150.4	3.0577
1076.6	3.094
1094.5	3.1372
1093	3.1755
1090.2	3.2029
1093.9	3.2498
1077.9	3.2806
1092.5	3.3241
1094.7	3.3649
1081.5	3.4034
1078.1	3.4464
1075	3.4714
1099.2	3.5113
1081.2	3.5462
1136.2	3.5765
1080.8	3.6085
1080.5	3.6512
1084.4	3.6819
1118.2	3.7337
1093.3	3.7656
1094.9	3.7987
1096.4	3.8346
1105.7	3.8721
1076.8	3.9032
1097.7	3.9357
1076.2	3.9681
1095.8	4.0047
1073.9	4.0412
1085.7	4.0721
1081.7	4.1137
1081.3	4.1514
1080.5	4.1943
1079.6	4.2375
1073.7	4.2643
1080.6	4.2975
1080.5	4.341
1078.7	4.3714
1075.6	4.4035
1114.2	4.4358
1077.6	4.4656
1076.9	4.5092
1074.2	4.5505
1094.6	4.5894
1075.4	4.6226
1054.4	4.6549
1061.9	4.6922
1101.1	4.7444
1076.5	4.7878
1093.7	4.8259
1081	4.8568
1078.1	4.885
1080.6	4.9181
1083	4.9499
1069	4.9931
1080.1	5.0312
1070	5.0631
1077.8	5.1047
1072.7	5.148
1071.5	5.1858
1075.2	5.2289
1081.6	5.267
1063.6	5.2953
1059	5.3308
1056.8	5.3701
1092.5	5.3981
1083.2	5.4337
1120.3	5.4651
1070.8	5.4934
1079.3	5.529
1118.7	5.5552
1072.7	5.5885
1073	5.6214
1076.4	5.6644
1082.4	5.695
1077.9	5.7271
1082.5	5.7559
1075.7	5.7897
1058.2	5.8328
1054.2	5.8763
1080.3	5.9147
1022.1	5.9449
1076.7	5.9787
1121.3	6.0074
1077.8	6.0411
1046.6	6.0699
1023.6	6.1037
1058	6.1324
1057.1	6.1645
1075.1	6.2127
1061	6.2557
1022.1	6.282
1067.5	6.3409
1053.8	6.3733
1117.2	6.4007
1046.5	6.4381
1074	6.466
1078.8	6.4985
1063.4	6.5417
1073.6	6.5849
1106.7	6.6113
1059.1	6.6444
1057.3	6.6874
1062	6.7127
1063.9	6.7487
1058	6.7756
1067.7	6.808
1049	6.8406
1023.8	6.8841
1064.1	6.9369
1060.8	6.9842
1022.9	7.0176
1059.2	7.0484
1078.2	7.0915
1022.5	7.1348
1063.3	7.1615
1070	7.1924
1023.8	7.2206
1085.5	7.258
1069.3	7.296
1023.9	7.3359
1046.9	7.3709
1055	7.3958
1063	7.4312
1097.5	7.4696
1062.6	7.5055
1022.5	7.5437
1063.5	7.5761
1025.4	7.619
1023	7.6671
1023.8	7.7023
1022.5	7.7447
1075	7.7835
1023.2	7.8158
1021.9	7.8475
1047.1	7.8908
1046.2	7.9326
1060	7.9746
1081.1	8.0129
1066.7	8.0444
1023.9	8.0877
1082.6	8.131
1062.6	8.1745
1023.7	8.2129
1022.7	8.2412
1021.5	8.2774
1021.5	8.32
1073.8	8.3684
1021.8	8.3966
1022.4	8.4322
1013.1	8.4631
1063.2	8.4962
1058.1	8.5234
1023.4	8.557
1022.9	8.5875
1023.8	8.6162
1024	8.6493
1021.4	8.6846
1023.8	8.7179
1023.2	8.7414
1024.6	8.7748
1023.2	8.8032
1022.1	8.8415
1097.5	8.8649
1093.8	8.9034
1021.6	8.9472
1020.2	8.9853
1021.4	9.017
1021.3	9.0604
1009.2	9.0871
1051.3	9.1215
1009	9.1495
1045.1	9.1926
1020.2	9.2304
1066.9	9.2706
1011.6	9.3089
1022.8	9.336
1083	9.3699
1008.8	9.4029
1009.8	9.4316
1020.7	9.4712
1022.5	9.5076
1022.1	9.5494
1022.2	9.59
988.91	9.6232
993.43	9.6514
992.44	9.6846
1013.8	9.7149
1023.1	9.7455
991.86	9.7783
1021.4	9.8155
996.81	9.8435
987.55	9.8717
990.9	9.9071
989.78	9.9577
988.95	9.9984
1024.3	10.037
1023.1	10.07
992.53	10.113
1024.2	10.139
970.88	10.174
991.3	10.217
1008.3	10.246
1014.3	10.276
1012.9	10.305
1007.2	10.338
989.6	10.38
1014.5	10.407
1023.2	10.446
996.7	10.484
996.66	10.514
1070.5	10.546
1009.6	10.586
1010.9	10.62
996.08	10.663
1023.7	10.692
1022.2	10.731
1022.4	10.76
1023.8	10.789
1024.2	10.833
1007.9	10.869
1012.3	10.905
1021.5	10.959
1046.4	11.002
995.34	11.03
991.61	11.063
1024.9	11.096
991.89	11.127
988.11	11.171
1001.5	11.214
1008.6	11.252
1023.1	11.283
1024.5	11.308
1023.8	11.341
1003.2	11.37
1004.8	11.418
1007.2	11.446
1022.9	11.48
992.82	11.512
1022.5	11.556
1007.1	11.599
1013	11.624
1016.8	11.655
994.91	11.683
991.33	11.726
970.94	11.754
1023.7	11.795
1022.5	11.833
971.26	11.876
1009.2	11.901
1012.9	11.933
992.04	11.966
995.02	12.009
999.48	12.04
990.44	12.088
995.69	12.122
1012.7	12.155
1014.3	12.185
1015.1	12.238
1015.9	12.277
996.22	12.319
1015.8	12.351
1011.3	12.395
1008.9	12.438
1010.9	12.479
1023.2	12.519
1023.1	12.555
1010	12.594
991.13	12.632
1024.9	12.676
1006.9	12.719
1024	12.758
1007.3	12.802
1022	12.84
1049.8	12.883
1022.2	12.926
1023.5	12.974
1023.5	13.008
1014.7	13.056
1023.9	13.098
1024.4	13.125
1023.1	13.157
1049.7	13.201
1013	13.239
1012.2	13.271
1012.3	13.302
1024.3	13.336
1021.5	13.36
1051.1	13.394
1022.8	13.419
1023.4	13.453
1005.6	13.489
1022.8	13.527
1023.4	13.571
1024	13.608
1083.1	13.652
1020.4	13.694
1024.5	13.723
1003.4	13.756
1024.5	13.783
1025.3	13.826
1021.6	13.857
1021.6	13.888
1024.5	13.919
1022.8	13.953
1008.6	13.994
1024.9	14.023
1022.2	14.056
1021.8	14.099
1023.1	14.141
1023.2	14.179
1023.6	14.227
1101.6	14.262
1021.3	14.295
1058.8	14.338
1022.7	14.381
1056.2	14.419
1062.4	14.452
1013.9	14.486
1058.7	14.524
1023.3	14.559
1044.9	14.606
1059.4	14.638
1062.1	14.669
1024.4	14.717
1022.5	14.754
1074.8	14.791
1060.9	14.823
1060.9	14.861
1066.1	14.896
1064.5	14.928
1063.2	14.961
1021.9	15.003
1084.4	15.042
1023.1	15.079
1064.8	15.11
1065.6	15.141
1054.7	15.169
1084.5	15.202
1024.2	15.23
1023.7	15.268
1022.8	15.311
1023.7	15.35
1023.2	15.393
1063.2	15.435
1060.7	15.474
1024.5	15.506
1063.4	15.548
1062.4	15.592
1071.8	15.63
1061.1	15.673
1057	15.716
1062.4	15.741
1062	15.784
1060.2	15.823
1097.2	15.851
1060.2	15.887
1020.8	15.923
1054.8	15.959
1022.2	15.989
1079.6	16.023
1076	16.061
1061	16.093
1022.8	16.121
1082.6	16.159
1115	16.187
1064.4	16.22
1077.8	16.263
1081.7	16.29
1076.3	16.326
1064	16.353
1060	16.386
1069.9	16.418
1076.8	16.451
1058.5	16.498
1021.3	16.54
1022.5	16.584
1022.5	16.622
1061.1	16.656
1061.6	16.69
1078.6	16.717
1057.4	16.753
1021.6	16.788
1071.4	16.826
1101.4	16.86
1061.5	16.903
1116.8	16.947
1073.7	16.99
1078.6	17.028
