1081.7	0.043308
1081.3	0.081212
1102	0.11248
1056.4	0.15584
1058.2	0.19923
1068.4	0.23744
1062.1	0.27735
1101	0.31336
1076.9	0.34653
1076	0.38469
1081.1	0.42083
1020.4	0.45904
1101.9	0.49249
1022.9	0.53603
1077.5	0.57911
1071.4	0.61581
1081.9	0.64754
1079.6	0.67438
1076	0.71619
1080	0.74728
1054.2	0.78224
1079.3	0.82093
1078	0.86393
1076.2	0.89446
1023.8	0.92747
1113.6	0.9708
1055.4	1.0186
1055.7	1.0562
1022.6	1.0949
1096.8	1.1237
1116.7	1.1528
1082.1	1.1845
1080.3	1.22
1082.1	1.2623
1077.6	1.2924
1081.3	1.3243
1074.7	1.3527
1077.1	1.3859
1074.5	1.4189
1067.9	1.4549
1059	1.4815
1081.6	1.5136
1061.2	1.5477
1078.6	1.5781
1080.1	1.6127
1086.5	1.6472
1080.1	1.6769
1080.2	1.7114
1064.5	1.7462
1101.4	1.7894
1059.4	1.8172
1076.8	1.8505
1076.1	1.8826
1075.2	1.9265
1077.3	1.9698
1073.3	2.0029
1056.2	2.0379
1076.7	2.0831
1076.4	2.1216
1099.3	2.1498
1080.6	2.1932
1086.8	2.229
1056.5	2.2619
1059.4	2.2949
1097.6	2.3249
1114.3	2.3685
1077.7	2.4122
1075.4	2.4504
1054.6	2.4873
1093.7	2.5256
1078.3	2.5589
1078.7	2.5975
1072	2.6305
1080.3	2.6625
1096.1	2.6979
1094.4	2.7242
1099.1	2.7585
1080.5	2.7937
1060.4	2.8274
1135.4	2.8735
1083.9	2.9068
1077.2	2.9499
1080.4	2.979
1075.4	3.0182
1148	3.0577
1077.6	3.094
1093.6	3.1372
1092.8	3.1755
1091.2	3.2029
1094	3.2498
1079.5	3.2806
1092.4	3.3241
1094.2	3.3649
1081.8	3.4034
1077.6	3.4464
1076.2	3.4714
1095.7	3.5113
1082.3	3.5462
1136.1	3.5765
1077.6	3.6085
1078.8	3.6512
1086.9	3.6819
1120.5	3.7337
1095.3	3.7656
1098.1	3.7987
1093.9	3.8346
1104.8	3.8721
1076.9	3.9032
1096.7	3.9357
1074.1	3.9681
1094.4	4.0047
1072.4	4.0412
1085.9	4.0721
1077.7	4.1137
1081.3	4.1514
1080.3	4.1943
1079	4.2375
1074.4	4.2643
1078.9	4.2975
1081.6	4.341
1077.6	4.3714
1073.5	4.4035
1117	4.4358
1079.4	4.4656
1079.1	4.5092
1073.6	4.5505
1095.1	4.5894
1076.3	4.6226
1054.8	4.6549
1061.6	4.6922
1098.3	4.7444
1075.8	4.7878
1093.5	4.8259
1078.7	4.8568
1076.7	4.885
1081.3	4.9181
1081.1	4.9499
1069.2	4.9931
1080.3	5.0312
1071	5.0631
1079	5.1047
1069.5	5.148
1071.9	5.1858
1075.3	5.2289
1081.6	5.267
1060.6	5.2953
1062.4	5.3308
1058	5.3701
1094.4	5.3981
1082.9	5.4337
1120	5.4651
1071.4	5.4934
1077.3	5.529
1120.1	5.5552
1075	5.5885
1072.4	5.6214
1075.3	5.6644
1081.8	5.695
1079.9	5.7271
1081.8	5.7559
1074.7	5.7897
1057.7	5.8328
1053.7	5.8763
1080.8	5.9147
1024.3	5.9449
1074.7	5.9787
1117.7	6.0074
1076.1	6.0411
1045.6	6.0699
1021.5	6.1037
1058.9	6.1324
1054.5	6.1645
1077.9	6.2127
1061.9	6.2557
1023	6.282
1066.5	6.3409
1054.2	6.3733
1116.4	6.4007
1047.5	6.4381
1073.6	6.466
1077.8	6.4985
1063.9	6.5417
1075.3	6.5849
1106.1	6.6113
1059.8	6.6444
1059	6.6874
1061.1	6.7127
1066	6.7487
1054.7	6.7756
1067.6	6.808
1050.8	6.8406
1022.8	6.8841
1061.9	6.9369
1059.3	6.9842
1025.9	7.0176
1061.9	7.0484
1076	7.0915
1022.7	7.1348
1061	7.1615
1070.8	7.1924
1021.1	7.2206
1084	7.258
1069.5	7.296
1021.7	7.3359
1045.5	7.3709
1055.8	7.3958
1062.9	7.4312
1097.4	7.4696
1063.7	7.5055
1022.9	7.5437
1060.9	7.5761
1022.7	7.619
1022	7.6671
1024	7.7023
1022.6	7.7447
1076.6	7.7835
1023.4	7.8158
1022	7.8475
1048.3	7.8908
1046.3	7.9326
1058.2	7.9746
1081.1	8.0129
1065.6	8.0444
1021.8	8.0877
1081.4	8.131
1062.7	8.1745
1022.4	8.2129
1023.8	8.2412
1024.6	8.2774
1024.2	8.32
1074.5	8.3684
1024.3	8.3966
1024.4	8.4322
1013.7	8.4631
1065.4	8.4962
1059.7	8.5234
1023.4	8.557
1022.5	8.5875
1022.2	8.6162
1021.8	8.6493
1022.1	8.6846
1021.5	8.7179
1022.6	8.7414
1022.2	8.7748
1024.9	8.8032
1023.6	8.8415
1097.7	8.8649
1096.4	8.9034
1022.4	8.9472
1018.1	8.9853
1023.6	9.017
1024.5	9.0604
1009.4	9.0871
1049.5	9.1215
1009	9.1495
1046.8	9.1926
1022.9	9.2304
1067.7	9.2706
1011.9	9.3089
1022.1	9.336
1082.6	9.3699
1007.5	9.4029
1008.5	9.4316
1024.5	9.4712
1025.1	9.5076
1025.5	9.5494
1021.8	9.59
991.12	9.6232
997.33	9.6514
991.45	9.6846
1012.3	9.7149
1024.7	9.7455
989.14	9.7783
1022.4	9.8155
995.87	9.8435
989.34	9.8717
992.35	9.9071
988.89	9.9577
991.8	9.9984
1024.9	10.037
1023.8	10.07
990.39	10.113
1024.1	10.139
972.4	10.174
987.66	10.217
1009.3	10.246
1015.8	10.276
1009.6	10.305
1009.4	10.338
989.09	10.38
1015.7	10.407
1021.8	10.446
994.49	10.484
997.27	10.514
1068.9	10.546
1008.6	10.586
1009.6	10.62
993.59	10.663
1022.6	10.692
1020.6	10.731
1022	10.76
1025.6	10.789
1023.4	10.833
1005.8	10.869
1013.4	10.905
1023.9	10.959
1046.4	11.002
996.63	11.03
992.71	11.063
1023.3	11.096
991.64	11.127
985.78	11.171
1003.1	11.214
1005.8	11.252
1022.6	11.283
1022.5	11.308
1022.9	11.341
1004.6	11.37
1005.5	11.418
1010.1	11.446
1020.9	11.48
994.2	11.512
1021.8	11.556
1005.7	11.599
1013.2	11.624
1017.1	11.655
993.04	11.683
991.03	11.726
971.29	11.754
1021.7	11.795
1023	11.833
972.8	11.876
1008	11.901
1008.8	11.933
992.38	11.966
995.4	12.009
998.83	12.04
992.68	12.088
1000.4	12.122
1011.8	12.155
1011.4	12.185
1013	12.238
1010.9	12.277
994.77	12.319
1013.8	12.351
1010.6	12.395
1010.1	12.438
1010.8	12.479
1022.5	12.519
1024	12.555
1007.5	12.594
992.52	12.632
1022	12.676
1004.1	12.719
1023.4	12.758
1010.6	12.802
1020.7	12.84
1050.5	12.883
1022.7	12.926
1022.2	12.974
1021.5	13.008
1015.3	13.056
1021.4	13.098
1022.6	13.125
1022.1	13.157
1048.1	13.201
1012.7	13.239
1011.2	13.271
1013.3	13.302
1022	13.336
1023.4	13.36
1050.6	13.394
1022.8	13.419
1022.7	13.453
1004.5	13.489
1023.4	13.527
1025	13.571
1023.9	13.608
1081.9	13.652
1020.7	13.694
1023.2	13.723
1003.7	13.756
1023.1	13.783
1023	13.826
1024.9	13.857
1023.1	13.888
1023.8	13.919
1023.9	13.953
1009.6	13.994
1022.8	14.023
1023.8	14.056
1023.1	14.099
1022.4	14.141
1022.9	14.179
1023.7	14.227
1100.1	14.262
1024.9	14.295
1061.3	14.338
1022.1	14.381
1058.6	14.419
1064.6	14.452
1013.5	14.486
1061.7	14.524
1022.9	14.559
1048.9	14.606
1058	14.638
1061.1	14.669
1023.4	14.717
1021.8	14.754
1076.1	14.791
1059.7	14.823
1062	14.861
1066.7	14.896
1065.2	14.928
1062.2	14.961
1023.1	15.003
1082.7	15.042
1022.8	15.079
1063.1	15.11
1066.9	15.141
1054.1	15.169
1085.5	15.202
1023.5	15.23
1022.9	15.268
1020.8	15.311
1025.5	15.35
1023.4	15.393
1060	15.435
1060.7	15.474
1024.9	15.506
1062.2	15.548
1063.2	15.592
1070.6	15.63
1058.2	15.673
1054.1	15.716
1063	15.741
1063.1	15.784
1060.2	15.823
1099.8	15.851
1062.9	15.887
1022.6	15.923
1054.3	15.959
1022	15.989
1074.8	16.023
1074.6	16.061
1061	16.093
1023.2	16.121
1083.4	16.159
1113.1	16.187
1062.2	16.22
1076.7	16.263
1080.5	16.29
1073.4	16.326
1062.2	16.353
1061.2	16.386
1071	16.418
1076.8	16.451
1058.5	16.498
1022.9	16.54
1023.3	16.584
1023.6	16.622
1059.1	16.656
1062	16.69
1079	16.717
1059.5	16.753
1023.4	16.788
1071.5	16.826
1101.2	16.86
1059.8	16.903
1118.6	16.947
1075.1	16.99
1080.1	17.028
