1081.6	0.043308
1081.3	0.081212
1099.3	0.11248
1058.1	0.15584
1060.4	0.19923
1067.5	0.23744
1062.6	0.27735
1099	0.31336
1075.6	0.34653
1078.5	0.38469
1079	0.42083
1023.9	0.45904
1103.2	0.49249
1024.2	0.53603
1077.6	0.57911
1070.5	0.61581
1084.4	0.64754
1079	0.67438
1072.7	0.71619
1081.4	0.74728
1053.4	0.78224
1080.5	0.82093
1079.1	0.86393
1075.9	0.89446
1019.8	0.92747
1114.9	0.9708
1053.9	1.0186
1054.1	1.0562
1024	1.0949
1095.3	1.1237
1114.8	1.1528
1084.8	1.1845
1080.7	1.22
1079.7	1.2623
1080	1.2924
1081.6	1.3243
1074.1	1.3527
1074.4	1.3859
1075.6	1.4189
1068.9	1.4549
1058.8	1.4815
1079.8	1.5136
1061.8	1.5477
1081	1.5781
1080.9	1.6127
1085.8	1.6472
1079	1.6769
1080.3	1.7114
1062.6	1.7462
1102.1	1.7894
1056.9	1.8172
1075.3	1.8505
1073.6	1.8826
1072.9	1.9265
1075.3	1.9698
1074.4	2.0029
1056.3	2.0379
1076.1	2.0831
1074.6	2.1216
1100	2.1498
1081	2.1932
1086.3	2.229
1057.2	2.2619
1061.4	2.2949
1099.7	2.3249
1115.2	2.3685
1076.2	2.4122
1077.1	2.4504
1053.5	2.4873
1094.6	2.5256
1074.6	2.5589
1079.8	2.5975
1071.7	2.6305
1078	2.6625
1096.5	2.6979
1095.7	2.7242
1101.6	2.7585
1077.3	2.7937
1061	2.8274
1136.9	2.8735
1084.5	2.9068
1077.9	2.9499
1080.3	2.979
1076.2	3.0182
1149.7	3.0577
1075.2	3.094
1094.6	3.1372
1093.4	3.1755
1093.2	3.2029
1096.1	3.2498
1078.3	3.2806
1094.2	3.3241
1094.4	3.3649
1079.4	3.4034
1075.2	3.4464
1074.6	3.4714
1098.2	3.5113
1080.8	3.5462
1135.6	3.5765
1079.8	3.6085
1079	3.6512
1084.6	3.6819
1119.7	3.7337
1096.8	3.7656
1097.1	3.7987
1095.6	3.8346
1107.5	3.8721
1076.1	3.9032
1096.4	3.9357
1076.2	3.9681
1093.3	4.0047
1076.1	4.0412
1085.6	4.0721
1079.5	4.1137
1080.2	4.1514
1078.8	4.1943
1079.4	4.2375
1075	4.2643
1077.3	4.2975
1082.2	4.341
1077.8	4.3714
1076.1	4.4035
1115.8	4.4358
1080.8	4.4656
1079.5	4.5092
1075.1	4.5505
1092.6	4.5894
1074.7	4.6226
1053	4.6549
1062.7	4.6922
1101.3	4.7444
1077.9	4.7878
1095.1	4.8259
1079.9	4.8568
1076.1	4.885
1081.2	4.9181
1081.8	4.9499
1071	4.9931
1082.6	5.0312
1070.7	5.0631
1079.9	5.1047
1072.3	5.148
1070.6	5.1858
1074	5.2289
1080	5.267
1061.1	5.2953
1058.4	5.3308
1057.8	5.3701
1093.2	5.3981
1083.7	5.4337
1120.8	5.4651
1072.4	5.4934
1077.1	5.529
1120.4	5.5552
1076	5.5885
1072.2	5.6214
1076.8	5.6644
1083.5	5.695
1077.8	5.7271
1083.6	5.7559
1074.9	5.7897
1057.4	5.8328
1053.2	5.8763
1079.4	5.9147
1022.6	5.9449
1075	5.9787
1119.2	6.0074
1078.6	6.0411
1049	6.0699
1021.1	6.1037
1058.7	6.1324
1055.4	6.1645
1076.6	6.2127
1062.1	6.2557
1023.2	6.282
1065.9	6.3409
1054.8	6.3733
1117.1	6.4007
1046.3	6.4381
1073.6	6.466
1078.3	6.4985
1061.8	6.5417
1074.9	6.5849
1107.4	6.6113
1057.5	6.6444
1058.5	6.6874
1063.6	6.7127
1064.5	6.7487
1057.6	6.7756
1066.5	6.808
1049.5	6.8406
1024.1	6.8841
1062.9	6.9369
1062.1	6.9842
1021.8	7.0176
1059.8	7.0484
1073.6	7.0915
1023.5	7.1348
1062.9	7.1615
1069.1	7.1924
1021	7.2206
1082.5	7.258
1072.2	7.296
1021.5	7.3359
1048.1	7.3709
1054.8	7.3958
1062.9	7.4312
1097.3	7.4696
1064.7	7.5055
1022.8	7.5437
1060.7	7.5761
1022.6	7.619
1023	7.6671
1022.8	7.7023
1022.5	7.7447
1077.5	7.7835
1020	7.8158
1022.1	7.8475
1048.9	7.8908
1047.6	7.9326
1058.8	7.9746
1081.6	8.0129
1067.5	8.0444
1024.7	8.0877
1081	8.131
1061.2	8.1745
1023.5	8.2129
1024.2	8.2412
1024.2	8.2774
1023.6	8.32
1075	8.3684
1023.2	8.3966
1024.9	8.4322
1014.6	8.4631
1063.1	8.4962
1060.9	8.5234
1024.3	8.557
1024.8	8.5875
1022.8	8.6162
1024.5	8.6493
1024.3	8.6846
1024.2	8.7179
1024.4	8.7414
1022.9	8.7748
1023.7	8.8032
1024.3	8.8415
1099.5	8.8649
1093.5	8.9034
1023.8	8.9472
1020.2	8.9853
1023.5	9.017
1023	9.0604
1008	9.0871
1049.6	9.1215
1011.1	9.1495
1047.4	9.1926
1022.7	9.2304
1068	9.2706
1010.7	9.3089
1021.3	9.336
1083.3	9.3699
1009.3	9.4029
1008.1	9.4316
1022.3	9.4712
1023.8	9.5076
1024.5	9.5494
1023.5	9.59
992.59	9.6232
995.27	9.6514
990.31	9.6846
1013.2	9.7149
1024.4	9.7455
990.93	9.7783
1023.8	9.8155
996.93	9.8435
988.71	9.8717
989.26	9.9071
986.57	9.9577
987.08	9.9984
1023.9	10.037
1023.4	10.07
991.87	10.113
1023.7	10.139
969.87	10.174
989.12	10.217
1012.3	10.246
1015.1	10.276
1010.8	10.305
1008.4	10.338
989.56	10.38
1015.3	10.407
1023.2	10.446
994.93	10.484
996.45	10.514
1069.7	10.546
1008.3	10.586
1010.2	10.62
994.36	10.663
1021.5	10.692
1023.3	10.731
1022.9	10.76
1022.8	10.789
1021.4	10.833
1006.1	10.869
1013.9	10.905
1022.9	10.959
1048.5	11.002
996.37	11.03
991.9	11.063
1024.1	11.096
992.53	11.127
987.66	11.171
1003.4	11.214
1005.6	11.252
1024.1	11.283
1024.3	11.308
1023.4	11.341
1003.7	11.37
1005.3	11.418
1008.1	11.446
1023	11.48
993.73	11.512
1024.2	11.556
1005.8	11.599
1012.4	11.624
1018.1	11.655
996.05	11.683
993.87	11.726
970.88	11.754
1021.5	11.795
1023.2	11.833
973.47	11.876
1008.8	11.901
1009.4	11.933
992.76	11.966
994.63	12.009
995.63	12.04
992.01	12.088
998.08	12.122
1012.5	12.155
1014	12.185
1011.7	12.238
1012.4	12.277
995.74	12.319
1017.5	12.351
1011.7	12.395
1014.2	12.438
1013.2	12.479
1024.5	12.519
1020.6	12.555
1007.3	12.594
989.42	12.632
1023.2	12.676
1004.7	12.719
1022.5	12.758
1010.8	12.802
1019.5	12.84
1046.8	12.883
1022.1	12.926
1022.7	12.974
1023.8	13.008
1014.1	13.056
1022.6	13.098
1023.3	13.125
1021.6	13.157
1049.4	13.201
1014.2	13.239
1011	13.271
1014.4	13.302
1022.6	13.336
1024.2	13.36
1048.4	13.394
1023.1	13.419
1023.7	13.453
1004.7	13.489
1021.2	13.527
1022.3	13.571
1022.7	13.608
1083.6	13.652
1018.8	13.694
1024.3	13.723
1002.7	13.756
1022.3	13.783
1022.6	13.826
1025.6	13.857
1022.3	13.888
1024.8	13.919
1023.1	13.953
1007.4	13.994
1023.8	14.023
1023.1	14.056
1022.9	14.099
1023.6	14.141
1022.4	14.179
1025.5	14.227
1101.1	14.262
1024	14.295
1060.2	14.338
1021.9	14.381
1060.8	14.419
1065.2	14.452
1012.1	14.486
1060.4	14.524
1021.9	14.559
1048.5	14.606
1059	14.638
1062.1	14.669
1023.1	14.717
1023.3	14.754
1075.4	14.791
1059.4	14.823
1060.8	14.861
1068.9	14.896
1064	14.928
1061.7	14.961
1023.7	15.003
1087.9	15.042
1023.5	15.079
1064.8	15.11
1063.3	15.141
1054	15.169
1083.8	15.202
1023.7	15.23
1022.2	15.268
1024.6	15.311
1024.2	15.35
1022.9	15.393
1060.6	15.435
1059.4	15.474
1024	15.506
1063	15.548
1062.9	15.592
1073.5	15.63
1060.7	15.673
1055.7	15.716
1064	15.741
1063.9	15.784
1059.1	15.823
1099.9	15.851
1060.8	15.887
1021.5	15.923
1051.8	15.959
1024.9	15.989
1073.6	16.023
1077.8	16.061
1060.9	16.093
1020.5	16.121
1082.9	16.159
1115.1	16.187
1062.2	16.22
1077	16.263
1078.8	16.29
1075.1	16.326
1065.8	16.353
1060.4	16.386
1072.5	16.418
1077.1	16.451
1057.2	16.498
1023.6	16.54
1023.1	16.584
1025.6	16.622
1060	16.656
1062.1	16.69
1077.2	16.717
1061	16.753
1023.8	16.788
1074.7	16.826
1100.7	16.86
1061.5	16.903
1120.6	16.947
1074.6	16.99
1079.7	17.028
