1079.3	0.043308
1080.6	0.081212
1100.9	0.11248
1057.2	0.15584
1057.1	0.19923
1070.3	0.23744
1062.3	0.27735
1102.7	0.31336
1077.2	0.34653
1077	0.38469
1081.3	0.42083
1023.2	0.45904
1104.4	0.49249
1024.1	0.53603
1076.1	0.57911
1068.8	0.61581
1083	0.64754
1080.2	0.67438
1075	0.71619
1080.8	0.74728
1052.2	0.78224
1079.2	0.82093
1079.6	0.86393
1076.9	0.89446
1023.6	0.92747
1113.2	0.9708
1056.4	1.0186
1054.8	1.0562
1023	1.0949
1094.8	1.1237
1116.2	1.1528
1083.8	1.1845
1079.8	1.22
1081.7	1.2623
1078.3	1.2924
1084.5	1.3243
1075.6	1.3527
1076.6	1.3859
1075.8	1.4189
1065.7	1.4549
1056.6	1.4815
1081.4	1.5136
1063.8	1.5477
1080.5	1.5781
1080.1	1.6127
1085.4	1.6472
1080.4	1.6769
1079.7	1.7114
1063	1.7462
1101.9	1.7894
1057.7	1.8172
1072.1	1.8505
1078.3	1.8826
1073.6	1.9265
1075.5	1.9698
1072.5	2.0029
1055.2	2.0379
1077.7	2.0831
1074.9	2.1216
1099.5	2.1498
1079.7	2.1932
1085.4	2.229
1057.4	2.2619
1061.8	2.2949
1101.9	2.3249
1119.7	2.3685
1076.1	2.4122
1075	2.4504
1053.7	2.4873
1093.8	2.5256
1075.9	2.5589
1079.4	2.5975
1073.2	2.6305
1078.4	2.6625
1099.8	2.6979
1096.2	2.7242
1097.8	2.7585
1077.7	2.7937
1059.4	2.8274
1134.9	2.8735
1082.2	2.9068
1075.1	2.9499
1081.2	2.979
1074.6	3.0182
1150	3.0577
1076.6	3.094
1094.8	3.1372
1093.3	3.1755
1090.2	3.2029
1096.7	3.2498
1078.7	3.2806
1089.7	3.3241
1094.2	3.3649
1081.8	3.4034
1077.1	3.4464
1074.3	3.4714
1099.1	3.5113
1081	3.5462
1135.2	3.5765
1079.5	3.6085
1079.2	3.6512
1086.9	3.6819
1115.4	3.7337
1094	3.7656
1098.5	3.7987
1096.9	3.8346
1105.1	3.8721
1077.6	3.9032
1095.3	3.9357
1073.9	3.9681
1094.6	4.0047
1074	4.0412
1086.7	4.0721
1079	4.1137
1082.1	4.1514
1079.3	4.1943
1079.9	4.2375
1075.1	4.2643
1074.8	4.2975
1080.9	4.341
1075.8	4.3714
1072.6	4.4035
1115.8	4.4358
1078.6	4.4656
1078	4.5092
1073.9	4.5505
1093.1	4.5894
1075.1	4.6226
1054.2	4.6549
1064.2	4.6922
1097.2	4.7444
1076.3	4.7878
1093.4	4.8259
1080.7	4.8568
1074.9	4.885
1082	4.9181
1082.3	4.9499
1071.3	4.9931
1081.7	5.0312
1070	5.0631
1078.5	5.1047
1070.4	5.148
1070.6	5.1858
1074.7	5.2289
1080.7	5.267
1059.4	5.2953
1058.8	5.3308
1058.6	5.3701
1094	5.3981
1083.7	5.4337
1120.5	5.4651
1071.4	5.4934
1076.8	5.529
1117.6	5.5552
1075.2	5.5885
1073.6	5.6214
1076.5	5.6644
1082.8	5.695
1078.5	5.7271
1084.3	5.7559
1077.2	5.7897
1057.7	5.8328
1053.3	5.8763
1079.9	5.9147
1023.8	5.9449
1077.4	5.9787
1121.2	6.0074
1075.7	6.0411
1047.4	6.0699
1019.3	6.1037
1057.1	6.1324
1054	6.1645
1076.1	6.2127
1060.9	6.2557
1022.9	6.282
1069.2	6.3409
1054.1	6.3733
1117.1	6.4007
1046.9	6.4381
1072.9	6.466
1077.6	6.4985
1063.4	6.5417
1075.5	6.5849
1106.6	6.6113
1059	6.6444
1058.4	6.6874
1062.6	6.7127
1063	6.7487
1059.1	6.7756
1068.5	6.808
1051.2	6.8406
1023.8	6.8841
1063.1	6.9369
1060.9	6.9842
1021.8	7.0176
1059.9	7.0484
1076.5	7.0915
1021.6	7.1348
1061.7	7.1615
1067.3	7.1924
1022.7	7.2206
1085.3	7.258
1070.4	7.296
1023.8	7.3359
1048.2	7.3709
1054.7	7.3958
1064.2	7.4312
1099.2	7.4696
1063.8	7.5055
1023.1	7.5437
1063.1	7.5761
1022.9	7.619
1022.1	7.6671
1022.4	7.7023
1021.2	7.7447
1075.7	7.7835
1024.5	7.8158
1020.5	7.8475
1048.9	7.8908
1047.2	7.9326
1058.2	7.9746
1080.7	8.0129
1066.2	8.0444
1022.3	8.0877
1080.8	8.131
1063.8	8.1745
1022.5	8.2129
1023.6	8.2412
1022.9	8.2774
1022.3	8.32
1073.1	8.3684
1021.3	8.3966
1022	8.4322
1012.3	8.4631
1062.9	8.4962
1060.5	8.5234
1023.3	8.557
1024	8.5875
1023.1	8.6162
1024.2	8.6493
1022.8	8.6846
1022.7	8.7179
1024	8.7414
1023.4	8.7748
1023.2	8.8032
1022.5	8.8415
1099.8	8.8649
1093.9	8.9034
1022.8	8.9472
1020.2	8.9853
1024.9	9.017
1022.5	9.0604
1008.5	9.0871
1049.3	9.1215
1010.2	9.1495
1047	9.1926
1023.1	9.2304
1065.5	9.2706
1012.6	9.3089
1023.7	9.336
1082.5	9.3699
1007.2	9.4029
1007.2	9.4316
1021	9.4712
1022.7	9.5076
1024.4	9.5494
1021.1	9.59
989.91	9.6232
994.97	9.6514
989.38	9.6846
1012.7	9.7149
1022.1	9.7455
991.52	9.7783
1022.5	9.8155
997.15	9.8435
988.5	9.8717
990.49	9.9071
988.58	9.9577
989.65	9.9984
1020	10.037
1023.3	10.07
989.88	10.113
1023.6	10.139
970.41	10.174
990.23	10.217
1008.9	10.246
1013.2	10.276
1011.5	10.305
1011.8	10.338
988.87	10.38
1017.1	10.407
1023.6	10.446
994.93	10.484
997.92	10.514
1070.3	10.546
1006.4	10.586
1008.5	10.62
991.54	10.663
1022.8	10.692
1023.6	10.731
1022.3	10.76
1022.6	10.789
1024.3	10.833
1006.5	10.869
1013.7	10.905
1021.6	10.959
1047.8	11.002
996.34	11.03
991.87	11.063
1023	11.096
992.41	11.127
988.51	11.171
1004.5	11.214
1006.3	11.252
1023.3	11.283
1024.9	11.308
1023.2	11.341
1004	11.37
1007.7	11.418
1011.1	11.446
1022.2	11.48
993	11.512
1021.7	11.556
1005.7	11.599
1014.1	11.624
1014.5	11.655
995.23	11.683
990.54	11.726
971.16	11.754
1022.1	11.795
1020.4	11.833
972.89	11.876
1006.6	11.901
1008	11.933
992.99	11.966
994.3	12.009
997.52	12.04
993.15	12.088
998.2	12.122
1012.6	12.155
1012.7	12.185
1010.5	12.238
1011.7	12.277
993.88	12.319
1013.4	12.351
1010.6	12.395
1011.6	12.438
1011	12.479
1024.1	12.519
1024.4	12.555
1007.1	12.594
989.73	12.632
1020.8	12.676
1005.7	12.719
1023.8	12.758
1010.8	12.802
1021.1	12.84
1048.4	12.883
1023.3	12.926
1022	12.974
1023.1	13.008
1013.9	13.056
1021.5	13.098
1022.6	13.125
1023.6	13.157
1050.7	13.201
1013.7	13.239
1013.3	13.271
1012.2	13.302
1023.2	13.336
1022.8	13.36
1050.2	13.394
1021.7	13.419
1022.9	13.453
1005.6	13.489
1022.6	13.527
1022.6	13.571
1022.7	13.608
1082	13.652
1021.6	13.694
1022.5	13.723
1003	13.756
1021	13.783
1023.2	13.826
1023.1	13.857
1022.2	13.888
1023.4	13.919
1022.7	13.953
1007.7	13.994
1021.6	14.023
1024.1	14.056
1021.9	14.099
1023.1	14.141
1023.1	14.179
1023.9	14.227
1101.9	14.262
1021.4	14.295
1060.5	14.338
1023.7	14.381
1057.9	14.419
1062.8	14.452
1012.5	14.486
1059.4	14.524
1024.2	14.559
1048.2	14.606
1059.3	14.638
1062.2	14.669
1023.1	14.717
1024.6	14.754
1077.5	14.791
1058.5	14.823
1062	14.861
1066.4	14.896
1062.7	14.928
1062	14.961
1022.5	15.003
1084.3	15.042
1023.7	15.079
1063.9	15.11
1064.1	15.141
1055.4	15.169
1084.4	15.202
1023.3	15.23
1023.9	15.268
1021.6	15.311
1023.1	15.35
1022.8	15.393
1061.5	15.435
1061.3	15.474
1023	15.506
1061	15.548
1064.1	15.592
1072.8	15.63
1060.6	15.673
1056	15.716
1064.1	15.741
1062.5	15.784
1060.2	15.823
1098.1	15.851
1064	15.887
1024.1	15.923
1051.8	15.959
1021.4	15.989
1076.7	16.023
1074.8	16.061
1060	16.093
1021.1	16.121
1083.2	16.159
1114.2	16.187
1063.8	16.22
1074.2	16.263
1081.2	16.29
1073.7	16.326
1064.1	16.353
1061.8	16.386
1072.6	16.418
1077.5	16.451
1059.3	16.498
1021.6	16.54
1024	16.584
1024.1	16.622
1059.8	16.656
1062.2	16.69
1082.4	16.717
1060.2	16.753
1024.5	16.788
1073.7	16.826
1099.6	16.86
1058.7	16.903
1118.9	16.947
1073.8	16.99
1077.3	17.028
