1080.8	0.043308
1081.5	0.081212
1103.7	0.11248
1057.4	0.15584
1059.1	0.19923
1073.1	0.23744
1060.8	0.27735
1102.3	0.31336
1075.7	0.34653
1079.6	0.38469
1081.1	0.42083
1024.5	0.45904
1103.5	0.49249
1023.9	0.53603
1075	0.57911
1070.1	0.61581
1082.4	0.64754
1077.2	0.67438
1076.1	0.71619
1082.3	0.74728
1052.8	0.78224
1078.8	0.82093
1080.3	0.86393
1078.2	0.89446
1023.8	0.92747
1112	0.9708
1054.5	1.0186
1055.8	1.0562
1023.1	1.0949
1097.2	1.1237
1114.8	1.1528
1085.8	1.1845
1080.7	1.22
1080.1	1.2623
1076.6	1.2924
1083	1.3243
1074.6	1.3527
1075.7	1.3859
1075.5	1.4189
1065.8	1.4549
1057.1	1.4815
1080.9	1.5136
1064.6	1.5477
1079.5	1.5781
1080	1.6127
1084.9	1.6472
1081	1.6769
1081.1	1.7114
1064.9	1.7462
1101.4	1.7894
1055.8	1.8172
1075.8	1.8505
1076.7	1.8826
1071.8	1.9265
1074.5	1.9698
1074.4	2.0029
1055	2.0379
1079.6	2.0831
1074.6	2.1216
1101.5	2.1498
1081.2	2.1932
1086.8	2.229
1055.3	2.2619
1060.2	2.2949
1100.6	2.3249
1115.6	2.3685
1074.8	2.4122
1075.5	2.4504
1054.6	2.4873
1094	2.5256
1074.5	2.5589
1079.3	2.5975
1073.4	2.6305
1079	2.6625
1099.6	2.6979
1094.4	2.7242
1096.6	2.7585
1078	2.7937
1061	2.8274
1132.7	2.8735
1085.3	2.9068
1075.7	2.9499
1080	2.979
1075.3	3.0182
1149.4	3.0577
1078.1	3.094
1096.6	3.1372
1093.5	3.1755
1091	3.2029
1093	3.2498
1077.1	3.2806
1093	3.3241
1092.6	3.3649
1079.7	3.4034
1076.2	3.4464
1074.5	3.4714
1096.1	3.5113
1081.4	3.5462
1137.2	3.5765
1080.1	3.6085
1082.9	3.6512
1085.8	3.6819
1117.2	3.7337
1095.1	3.7656
1099.4	3.7987
1098.2	3.8346
1107.8	3.8721
1075.1	3.9032
1097.8	3.9357
1075.7	3.9681
1095.6	4.0047
1072.9	4.0412
1085.7	4.0721
1079.1	4.1137
1080.3	4.1514
1080.7	4.1943
1077.9	4.2375
1076.6	4.2643
1077.9	4.2975
1082.3	4.341
1078.6	4.3714
1075	4.4035
1115.4	4.4358
1078.9	4.4656
1079.6	4.5092
1073.8	4.5505
1093.6	4.5894
1075	4.6226
1056.3	4.6549
1062.1	4.6922
1097.6	4.7444
1075.7	4.7878
1093	4.8259
1080.7	4.8568
1075.5	4.885
1081.4	4.9181
1081.6	4.9499
1068.9	4.9931
1080.3	5.0312
1072.5	5.0631
1078.6	5.1047
1071.6	5.148
1070.2	5.1858
1074.6	5.2289
1081	5.267
1060.9	5.2953
1061	5.3308
1058.7	5.3701
1092.9	5.3981
1080.8	5.4337
1119.4	5.4651
1070.4	5.4934
1078.4	5.529
1121.5	5.5552
1074.9	5.5885
1072.5	5.6214
1073.7	5.6644
1081.1	5.695
1079.4	5.7271
1081.7	5.7559
1076	5.7897
1059.8	5.8328
1056	5.8763
1080.2	5.9147
1025.1	5.9449
1076.7	5.9787
1120.9	6.0074
1078.7	6.0411
1046.4	6.0699
1023.2	6.1037
1059.6	6.1324
1056.4	6.1645
1072.9	6.2127
1060	6.2557
1024.7	6.282
1068.8	6.3409
1054.3	6.3733
1116.6	6.4007
1048.4	6.4381
1072.9	6.466
1079.5	6.4985
1059.7	6.5417
1076.2	6.5849
1106.1	6.6113
1060.5	6.6444
1058.1	6.6874
1062.7	6.7127
1065.1	6.7487
1057.2	6.7756
1067.4	6.808
1049.1	6.8406
1022.8	6.8841
1061.4	6.9369
1059.2	6.9842
1021.6	7.0176
1059.4	7.0484
1074.9	7.0915
1022.9	7.1348
1063.9	7.1615
1068.6	7.1924
1024.2	7.2206
1085.6	7.258
1071.6	7.296
1023	7.3359
1046.9	7.3709
1054.8	7.3958
1061.5	7.4312
1100.4	7.4696
1062.3	7.5055
1022.9	7.5437
1061.6	7.5761
1023.1	7.619
1021.3	7.6671
1023.9	7.7023
1021.9	7.7447
1076.7	7.7835
1024.7	7.8158
1023.8	7.8475
1051.1	7.8908
1048.6	7.9326
1057.3	7.9746
1080.7	8.0129
1069.5	8.0444
1022.5	8.0877
1081.9	8.131
1062.5	8.1745
1023.5	8.2129
1024.3	8.2412
1022.3	8.2774
1022.4	8.32
1075.1	8.3684
1025.1	8.3966
1024.1	8.4322
1011.4	8.4631
1062.9	8.4962
1060.4	8.5234
1023.1	8.557
1022.4	8.5875
1020.9	8.6162
1024.4	8.6493
1024.3	8.6846
1023.9	8.7179
1022.5	8.7414
1021.4	8.7748
1023.7	8.8032
1022	8.8415
1099.7	8.8649
1096.5	8.9034
1024.2	8.9472
1019.6	8.9853
1023.4	9.017
1022.2	9.0604
1008.1	9.0871
1048.8	9.1215
1008.5	9.1495
1049.3	9.1926
1023.6	9.2304
1067.1	9.2706
1011	9.3089
1024.2	9.336
1082.8	9.3699
1007.7	9.4029
1008.9	9.4316
1024.8	9.4712
1024	9.5076
1023.2	9.5494
1023.6	9.59
992.03	9.6232
994.46	9.6514
990.21	9.6846
1012.1	9.7149
1022	9.7455
991.01	9.7783
1021.1	9.8155
996.85	9.8435
986.18	9.8717
989.68	9.9071
986.9	9.9577
990.17	9.9984
1024.2	10.037
1021	10.07
990.1	10.113
1022.1	10.139
971.45	10.174
988.77	10.217
1008.9	10.246
1013.7	10.276
1012.2	10.305
1009.2	10.338
989.4	10.38
1015.4	10.407
1023.7	10.446
993.87	10.484
996.79	10.514
1072.4	10.546
1007.1	10.586
1009.2	10.62
995.89	10.663
1021.6	10.692
1024	10.731
1021.6	10.76
1023.3	10.789
1023.7	10.833
1006.8	10.869
1012.2	10.905
1023.8	10.959
1047.9	11.002
996.13	11.03
991.72	11.063
1024.1	11.096
991.7	11.127
985.83	11.171
1003.5	11.214
1008.6	11.252
1022.3	11.283
1023.6	11.308
1024.7	11.341
1003.9	11.37
1006.4	11.418
1009.9	11.446
1021.9	11.48
992.04	11.512
1021.5	11.556
1005.8	11.599
1015.2	11.624
1016.3	11.655
995.95	11.683
989.92	11.726
971.4	11.754
1025.1	11.795
1021.4	11.833
971.44	11.876
1010.4	11.901
1011.2	11.933
993.28	11.966
995.08	12.009
999.34	12.04
993.78	12.088
998.9	12.122
1014.7	12.155
1014.5	12.185
1011.3	12.238
1010.4	12.277
996.64	12.319
1013.8	12.351
1009	12.395
1011.5	12.438
1011.2	12.479
1022.3	12.519
1023.2	12.555
1009.7	12.594
991.41	12.632
1022.7	12.676
1006.1	12.719
1021	12.758
1007.2	12.802
1019.7	12.84
1047.6	12.883
1025.6	12.926
1023.7	12.974
1024.2	13.008
1013.7	13.056
1022.1	13.098
1024	13.125
1023.5	13.157
1048.5	13.201
1010.8	13.239
1013.5	13.271
1015.4	13.302
1021.7	13.336
1024.5	13.36
1049.6	13.394
1022.3	13.419
1021.8	13.453
1005.5	13.489
1023.2	13.527
1021.3	13.571
1023.1	13.608
1080.2	13.652
1019.8	13.694
1021.9	13.723
1004.5	13.756
1022.2	13.783
1022.7	13.826
1023.5	13.857
1022.8	13.888
1022.3	13.919
1020.9	13.953
1007.5	13.994
1024.4	14.023
1023.5	14.056
1021.6	14.099
1024.1	14.141
1022.8	14.179
1023.9	14.227
1101.2	14.262
1020.2	14.295
1057.7	14.338
1024.9	14.381
1058.8	14.419
1063.3	14.452
1013.3	14.486
1060.7	14.524
1022.1	14.559
1047.4	14.606
1057.5	14.638
1060.2	14.669
1022.2	14.717
1023.2	14.754
1078.3	14.791
1060.7	14.823
1059.9	14.861
1064	14.896
1062.1	14.928
1062.8	14.961
1023.6	15.003
1083.7	15.042
1024.6	15.079
1063	15.11
1064	15.141
1053.2	15.169
1085	15.202
1022.2	15.23
1022.1	15.268
1022.1	15.311
1025.4	15.35
1020.6	15.393
1062.2	15.435
1060.4	15.474
1023.7	15.506
1063.2	15.548
1061.2	15.592
1071.9	15.63
1059.7	15.673
1053.8	15.716
1064	15.741
1062.9	15.784
1060.4	15.823
1100.5	15.851
1061.6	15.887
1023.9	15.923
1054.4	15.959
1024.5	15.989
1077.7	16.023
1074.4	16.061
1059.7	16.093
1024.3	16.121
1085.4	16.159
1115.6	16.187
1063	16.22
1076.3	16.263
1081.9	16.29
1073.7	16.326
1063.7	16.353
1059	16.386
1072.7	16.418
1075.5	16.451
1057.4	16.498
1023.1	16.54
1023.4	16.584
1022.5	16.622
1059.8	16.656
1061.6	16.69
1078.6	16.717
1057.6	16.753
1021.4	16.788
1073.2	16.826
1101.8	16.86
1061.6	16.903
1119	16.947
1074.2	16.99
1077	17.028
